  0.000000000000000E+000   40.8407044966673     
  1.000000000000000E-003   40.6007518857341     
  2.000000000000000E-003   40.3615058628198     
  3.000000000000000E-003   40.1229672105771     
  4.000000000000000E-003   39.8851351486674     
  5.000000000000000E-003   39.6480104551152     
  6.000000000000000E-003   39.4115923542100     
  7.000000000000000E-003   39.1758816193484     
  8.000000000000000E-003   38.9408774794478     
  9.000000000000001E-003   38.7065807032767     
  1.000000000000000E-002   38.4729905243806     
  1.100000000000000E-002   38.2401077069001     
  1.200000000000000E-002   38.0079314890085     
  1.300000000000000E-002   37.7764626302186     
  1.400000000000000E-002   37.5457003733316     
  1.500000000000000E-002   37.3156454732322     
  1.600000000000000E-002   37.0862971773497     
  1.700000000000000E-002   36.8576562359409     
  1.800000000000000E-002   36.6297219010629     
  1.900000000000000E-002   36.4024949183447     
  2.000000000000000E-002   36.1759745444712     
  2.100000000000000E-002   35.9501615204436     
  2.200000000000000E-002   35.7250551075746     
  2.300000000000000E-002   35.5006560422376     
  2.400000000000000E-002   35.2769635903731     
  2.500000000000000E-002   35.0539784837267     
  2.600000000000000E-002   34.8316999928667     
  2.700000000000000E-002   34.6101288449109     
  2.800000000000000E-002   34.3892643150554     
  2.900000000000000E-002   34.1691071257902     
  3.000000000000000E-002   33.9496565569391     
  3.100000000000000E-002   33.7309133263646     
  3.200000000000000E-002   33.5128767185180     
  3.300000000000000E-002   33.2955474466342     
  3.400000000000000E-002   33.0789247997920     
  3.500000000000000E-002   32.8630094865988     
  3.600000000000000E-002   32.6478008007611     
  3.700000000000000E-002   32.4332994462585     
  3.800000000000000E-002   32.2195047214253     
  3.900000000000000E-002   32.0064173256134     
  4.000000000000000E-002   31.7940365617846     
  4.100000000000000E-002   31.5823631246634     
  4.200000000000000E-002   31.3713963218390     
  4.300000000000000E-002   31.1611368434084     
  4.400000000000000E-002   30.9515840015885     
  4.500000000000000E-002   30.7427384818486     
  4.600000000000000E-002   30.5345996010331     
  4.700000000000000E-002   30.3271680399839     
  4.800000000000000E-002   30.1204431201728     
  4.900000000000000E-002   29.9144255178143     
  5.000000000000000E-002   29.7091145590076     
  5.100000000000000E-002   29.5045109153399     
  5.200000000000000E-002   29.3006139175375     
  5.300000000000000E-002   29.0974242325605     
  5.400000000000000E-002   28.8949411957625     
  5.500000000000000E-002   28.6931654694763     
  5.600000000000000E-002   28.4920963936827     
  5.700000000000000E-002   28.2917346260872     
  5.800000000000000E-002   28.0920795112979     
  5.900000000000000E-002   27.8931317023932     
  6.000000000000000E-002   27.6948905486083     
  6.100000000000000E-002   27.4973566983943     
  6.200000000000000E-002   27.3005295056138     
  6.300000000000000E-002   27.1044096140905     
  6.400000000000000E-002   26.9089963823144     
  6.500000000000000E-002   26.7142904494819     
  6.600000000000000E-002   26.5202911787101     
  6.700000000000000E-002   26.3269992045683     
  6.800000000000000E-002   26.1344138948009     
  6.900000000000001E-002   25.9425358793499     
  7.000000000000001E-002   25.7513645305868     
  7.100000000000001E-002   25.5609004738266     
  7.200000000000001E-002   25.3711430860678     
  7.300000000000000E-002   25.1820929879985     
  7.400000000000000E-002   24.9937495612440     
  7.500000000000000E-002   24.8061134218655     
  7.600000000000000E-002   24.6191839561152     
  7.700000000000000E-002   24.4329617754275     
  7.800000000000000E-002   24.2474462706816     
  7.900000000000000E-002   24.0626380486848     
  8.000000000000000E-002   23.8785365049431     
  8.100000000000000E-002   23.6951422416371     
  8.200000000000000E-002   23.5124546588998     
  8.300000000000000E-002   23.3304743542845     
  8.400000000000001E-002   23.1492007325515     
  8.500000000000001E-002   22.9686343866271     
  8.600000000000001E-002   22.7887747258984     
  8.700000000000001E-002   22.6096223386648     
  8.799999999999999E-002   22.4311766389403     
  8.900000000000000E-002   22.2534382103977     
  9.000000000000000E-002   22.0764064716774     
  9.100000000000000E-002   21.9000820018257     
  9.200000000000000E-002   21.7244642241097     
  9.300000000000000E-002   21.5495537129488     
  9.400000000000000E-002   21.3753498962370     
  9.500000000000000E-002   21.2018533437670     
  9.600000000000000E-002   21.0290634880595     
  9.700000000000000E-002   20.8569808942804     
  9.800000000000000E-002   20.6856049995771     
  9.900000000000000E-002   20.5149363644889     
  0.100000000000000        20.3449744307898     
  0.101000000000000        20.1757197543925     
  0.102000000000000        20.0071717816976     
  0.103000000000000        19.8393310639913     
  0.104000000000000        19.6721970523006     
  0.105000000000000        19.5057702932852     
  0.106000000000000        19.3400502425987     
  0.107000000000000        19.1750374422742     
  0.108000000000000        19.0107313525919     
  0.109000000000000        18.8471325109584     
  0.110000000000000        18.6842403822803     
  0.111000000000000        18.5220554993377     
  0.112000000000000        18.3605773316638     
  0.113000000000000        18.1998064074121     
  0.114000000000000        18.1514341182938     
  0.115000000000000        18.1514341051334     
  0.116000000000000        18.1514341051346     
  0.117000000000000        18.1514341051358     
  0.118000000000000        18.1514341051370     
  0.119000000000000        18.1514341051381     
  0.120000000000000        18.1514341051393     
  0.121000000000000        18.1514341051405     
  0.122000000000000        18.1514341051417     
  0.123000000000000        18.1514341051429     
  0.124000000000000        18.1514341051441     
  0.125000000000000        18.1514341051453     
  0.126000000000000        18.1514341051464     
  0.127000000000000        18.1514341051476     
  0.128000000000000        18.1514341051488     
  0.129000000000000        18.1514341051500     
  0.130000000000000        18.1514341051512     
  0.131000000000000        18.1514341051524     
  0.132000000000000        18.1514341051535     
  0.133000000000000        18.1514341051547     
  0.134000000000000        18.1514341051559     
  0.135000000000000        18.1514341051571     
  0.136000000000000        18.1514341051583     
  0.137000000000000        18.1514341051595     
  0.138000000000000        18.1514341051607     
  0.139000000000000        18.1514341051618     
  0.140000000000000        18.1514341051630     
  0.141000000000000        18.1514341051642     
  0.142000000000000        18.1514341051654     
  0.143000000000000        18.1514341051666     
  0.144000000000000        18.1514341051678     
  0.145000000000000        18.1514341051689     
  0.146000000000000        18.1514341051701     
  0.147000000000000        18.1514341051713     
  0.148000000000000        18.1514341051725     
  0.149000000000000        18.1514341051737     
  0.150000000000000        18.1514341051749     
  0.151000000000000        18.1514341051761     
  0.152000000000000        18.1514341051772     
  0.153000000000000        18.1514341051784     
  0.154000000000000        18.1514341051796     
  0.155000000000000        18.1514341051808     
  0.156000000000000        18.1514341051820     
  0.157000000000000        18.1514341051832     
  0.158000000000000        18.1514341051844     
  0.159000000000000        18.1514341051855     
  0.160000000000000        18.1514341051867     
  0.161000000000000        18.1514341051879     
  0.162000000000000        18.1514341051891     
  0.163000000000000        18.1514341051903     
  0.164000000000000        18.1514341051915     
  0.165000000000000        18.1514341051926     
  0.166000000000000        18.1514341051938     
  0.167000000000000        18.1514341051950     
  0.168000000000000        18.1514341051962     
  0.169000000000000        18.1514341051974     
  0.170000000000000        18.1514341051986     
  0.171000000000000        18.1514341051998     
  0.172000000000000        18.1514341052009     
  0.173000000000000        18.1514341052021     
  0.174000000000000        18.1514341052033     
  0.175000000000000        18.1514341052045     
  0.176000000000000        18.1514341052057     
  0.177000000000000        18.1514341052069     
  0.178000000000000        18.1514341052081     
  0.179000000000000        18.1514341052092     
  0.180000000000000        18.1514341052104     
  0.181000000000000        18.1514341052116     
  0.182000000000000        18.1514341052128     
  0.183000000000000        18.1514341052140     
  0.184000000000000        18.1514341052152     
  0.185000000000000        18.1514341052163     
  0.186000000000000        18.1514341052175     
  0.187000000000000        18.1514341052187     
  0.188000000000000        18.1514341052199     
  0.189000000000000        18.1514341052211     
  0.190000000000000        18.1514341052223     
  0.191000000000000        18.1514341052235     
  0.192000000000000        18.1514341052246     
  0.193000000000000        18.1514341052258     
  0.194000000000000        18.1514341052270     
  0.195000000000000        18.1514341052282     
  0.196000000000000        18.1514341052294     
  0.197000000000000        18.1514341052306     
  0.198000000000000        18.1514341052318     
  0.199000000000000        18.1514341052329     
  0.200000000000000        18.1514341052341     
  0.201000000000000        18.1514341052353     
  0.202000000000000        18.1514341052365     
  0.203000000000000        18.1514341052377     
  0.204000000000000        18.1514341052389     
  0.205000000000000        18.1514341052400     
  0.206000000000000        18.1514341052412     
  0.207000000000000        18.1514341052424     
  0.208000000000000        18.1514341052436     
  0.209000000000000        18.1514341052448     
  0.210000000000000        18.1514341052460     
  0.211000000000000        18.1514341052472     
  0.212000000000000        18.1514341052483     
  0.213000000000000        18.1514341052495     
  0.214000000000000        18.1514341052507     
  0.215000000000000        18.1514341052519     
  0.216000000000000        18.1514341052531     
  0.217000000000000        18.1514341052543     
  0.218000000000000        18.1514341052555     
  0.219000000000000        18.1514341052566     
  0.220000000000000        18.1514341052578     
  0.221000000000000        18.1514341052590     
  0.222000000000000        18.1514341052602     
  0.223000000000000        18.1514341052614     
  0.224000000000000        18.1514341052626     
  0.225000000000000        18.1514341052637     
  0.226000000000000        18.1514341052649     
  0.227000000000000        18.1514341052661     
  0.228000000000000        18.1514341052673     
  0.229000000000000        18.1514341052685     
  0.230000000000000        18.1514341052697     
  0.231000000000000        18.1514341052709     
  0.232000000000000        18.1514341052720     
  0.233000000000000        18.1514341052732     
  0.234000000000000        18.1514341052744     
  0.235000000000000        18.1514341052756     
  0.236000000000000        18.1514341052768     
  0.237000000000000        18.1514341052780     
  0.238000000000000        18.1514341052791     
  0.239000000000000        18.1514341052803     
  0.240000000000000        18.1514341052815     
  0.241000000000000        18.1514341052827     
  0.242000000000000        18.1514341052839     
  0.243000000000000        18.1514341052851     
  0.244000000000000        18.1514341052863     
  0.245000000000000        18.1514341052874     
  0.246000000000000        18.1514341052886     
  0.247000000000000        18.1514341052898     
  0.248000000000000        18.1514341052910     
  0.249000000000000        18.1514341052922     
  0.250000000000000        18.1514341052934     
  0.251000000000000        18.1514341052946     
  0.252000000000000        18.1514341052957     
  0.253000000000000        18.1514341052969     
  0.254000000000000        18.1514341052981     
  0.255000000000000        18.1514341052993     
  0.256000000000000        18.1514341053005     
  0.257000000000000        18.1514341053017     
  0.258000000000000        18.1514341053028     
  0.259000000000000        18.1514341053040     
  0.260000000000000        18.1514341053052     
  0.261000000000000        18.1514341053064     
  0.262000000000000        18.1514341053076     
  0.263000000000000        18.1514341053088     
  0.264000000000000        18.1514341053100     
  0.265000000000000        18.1514341053111     
  0.266000000000000        18.1514341053123     
  0.267000000000000        18.1514341053135     
  0.268000000000000        18.1514341053147     
  0.269000000000000        18.1514341053159     
  0.270000000000000        18.1514341053171     
  0.271000000000000        18.1514341053183     
  0.272000000000000        18.1514341053194     
  0.273000000000000        18.1514341053206     
  0.274000000000000        18.1514341053218     
  0.275000000000000        18.1514341053230     
  0.276000000000000        18.1514341053242     
  0.277000000000000        18.1514341053254     
  0.278000000000000        18.1514341053265     
  0.279000000000000        18.1514341053277     
  0.280000000000000        18.1514341053289     
  0.281000000000000        18.1514341053301     
  0.282000000000000        18.1514341053313     
  0.283000000000000        18.1514341053325     
  0.284000000000000        18.1514341053337     
  0.285000000000000        18.1514341053348     
  0.286000000000000        18.1514341053360     
  0.287000000000000        18.1514341053372     
  0.288000000000000        18.1514341053384     
  0.289000000000000        18.1514341053396     
  0.290000000000000        18.1514341053408     
  0.291000000000000        18.1514341053420     
  0.292000000000000        18.1514341053431     
  0.293000000000000        18.1514341053443     
  0.294000000000000        18.1514341053455     
  0.295000000000000        18.1514341053467     
  0.296000000000000        18.1514341053479     
  0.297000000000000        18.1514341053491     
  0.298000000000000        18.1514341053502     
  0.299000000000000        18.1514341053514     
  0.300000000000000        18.1514341053526     
  0.301000000000000        18.1514341053538     
  0.302000000000000        18.1514341053550     
  0.303000000000000        18.1514341053562     
  0.304000000000000        18.1514341053574     
  0.305000000000000        18.1514341053585     
  0.306000000000000        18.1514341053597     
  0.307000000000000        18.1514341053609     
  0.308000000000000        18.1514341053621     
  0.309000000000000        18.1514341053633     
  0.310000000000000        18.1514341053645     
  0.311000000000000        18.1514341053657     
  0.312000000000000        18.1514341053668     
  0.313000000000000        18.1514341053680     
  0.314000000000000        18.1514341053692     
  0.315000000000000        18.1514341053704     
  0.316000000000000        18.1514341053716     
  0.317000000000000        18.1514341053728     
  0.318000000000000        18.1514341053739     
  0.319000000000000        18.1514341053751     
  0.320000000000000        18.1514341053763     
  0.321000000000000        18.1514341053775     
  0.322000000000000        18.1514341053787     
  0.323000000000000        18.1514341053799     
  0.324000000000000        18.1514341053811     
  0.325000000000000        18.1514341053822     
  0.326000000000000        18.1514341053834     
  0.327000000000000        18.1514341053846     
  0.328000000000000        18.1514341053858     
  0.329000000000000        18.1514341053870     
  0.330000000000000        18.1514341053882     
  0.331000000000000        18.1514341053893     
  0.332000000000000        18.1514341053905     
  0.333000000000000        18.1514341053917     
  0.334000000000000        18.1514341053929     
  0.335000000000000        18.1514341053941     
  0.336000000000000        18.1514341053953     
  0.337000000000000        18.1514341053965     
  0.338000000000000        18.1514341053976     
  0.339000000000000        18.1514341053988     
  0.340000000000000        18.1514341054000     
  0.341000000000000        18.1514341054012     
  0.342000000000000        18.1514341054024     
  0.343000000000000        18.1514341054036     
  0.344000000000000        18.1514341054048     
  0.345000000000000        18.1514341054059     
  0.346000000000000        18.1514341054071     
  0.347000000000000        18.1514341054083     
  0.348000000000000        18.1514341054095     
  0.349000000000000        18.1514341054107     
  0.350000000000000        18.1514341054119     
  0.351000000000000        18.1514341054130     
  0.352000000000000        18.1514341054142     
  0.353000000000000        18.1514341054154     
  0.354000000000000        18.1514341054166     
  0.355000000000000        18.1514341054178     
  0.356000000000000        18.1514341054190     
  0.357000000000000        18.1514341054202     
  0.358000000000000        18.1514341054213     
  0.359000000000000        18.1514341054225     
  0.360000000000000        18.1514341054237     
  0.361000000000000        18.1514341054249     
  0.362000000000000        18.1514341054261     
  0.363000000000000        18.1514341054273     
  0.364000000000000        18.1514341054285     
  0.365000000000000        18.1514341054296     
  0.366000000000000        18.1514341054308     
  0.367000000000000        18.1514341054320     
  0.368000000000000        18.1514341054332     
  0.369000000000000        18.1514341054344     
  0.370000000000000        18.1514341054356     
  0.371000000000000        18.1514341054367     
  0.372000000000000        18.1514341054379     
  0.373000000000000        18.1514341054391     
  0.374000000000000        18.1514341054403     
  0.375000000000000        18.1514341054415     
  0.376000000000000        18.1514341054427     
  0.377000000000000        18.1514341054439     
  0.378000000000000        18.1514341054450     
  0.379000000000000        18.1514341054462     
  0.380000000000000        18.1514341054474     
  0.381000000000000        18.1514341054486     
  0.382000000000000        18.1514341054498     
  0.383000000000000        18.1514341054510     
  0.384000000000000        18.1514341054522     
  0.385000000000000        18.1514341054533     
  0.386000000000000        18.1514341054545     
  0.387000000000000        18.1514341054557     
  0.388000000000000        18.1514341054569     
  0.389000000000000        18.1514341054581     
  0.390000000000000        18.1514341054593     
  0.391000000000000        18.1514341054604     
  0.392000000000000        18.1514341054616     
  0.393000000000000        18.1514341054628     
  0.394000000000000        18.1514341054640     
  0.395000000000000        18.1514341054652     
  0.396000000000000        18.1514341054664     
  0.397000000000000        18.1514341054676     
  0.398000000000000        18.1514341054687     
  0.399000000000000        18.1514341054699     
  0.400000000000000        18.1514341054711     
  0.401000000000000        18.1514341054723     
  0.402000000000000        18.1514341054735     
  0.403000000000000        18.1514341054747     
  0.404000000000000        18.1514341054759     
  0.405000000000000        18.1514341054770     
  0.406000000000000        18.1514341054782     
  0.407000000000000        18.1514341054794     
  0.408000000000000        18.1514341054806     
  0.409000000000000        18.1514341054818     
  0.410000000000000        18.1514341054830     
  0.411000000000000        18.1514341054841     
  0.412000000000000        18.1514341054853     
  0.413000000000000        18.1514341054865     
  0.414000000000000        18.1514341054877     
  0.415000000000000        18.1514341054889     
  0.416000000000000        18.1514341054901     
  0.417000000000000        18.1514341054913     
  0.418000000000000        18.1514341054924     
  0.419000000000000        18.1514341054936     
  0.420000000000000        18.1514341054948     
  0.421000000000000        18.1514341054960     
  0.422000000000000        18.1514341054972     
  0.423000000000000        18.1514341054984     
  0.424000000000000        18.1514341054995     
  0.425000000000000        18.1514341055007     
  0.426000000000000        18.1514341055019     
  0.427000000000000        18.1514341055031     
  0.428000000000000        18.1514341055043     
  0.429000000000000        18.1514341055055     
  0.430000000000000        18.1514341055067     
  0.431000000000000        18.1514341055078     
  0.432000000000000        18.1514341055090     
  0.433000000000000        18.1514341055102     
  0.434000000000000        18.1514341055114     
  0.435000000000000        18.1514341055126     
  0.436000000000000        18.1514341055138     
  0.437000000000000        18.1514341055150     
  0.438000000000000        18.1514341055161     
  0.439000000000000        18.1514341055173     
  0.440000000000000        18.1514341055185     
  0.441000000000000        18.1514341055197     
  0.442000000000000        18.1514341055209     
  0.443000000000000        18.1514341055221     
  0.444000000000000        18.1514341055232     
  0.445000000000000        18.1514341055244     
  0.446000000000000        18.1514341055256     
  0.447000000000000        18.1514341055268     
  0.448000000000000        18.1514341055280     
  0.449000000000000        18.1514341055292     
  0.450000000000000        18.1514341055304     
  0.451000000000000        18.1514341055315     
  0.452000000000000        18.1514341055327     
  0.453000000000000        18.1514341055339     
  0.454000000000000        18.1514341055351     
  0.455000000000000        18.1514341055363     
  0.456000000000000        18.1514341055375     
  0.457000000000000        18.1514341055387     
  0.458000000000000        18.1514341055398     
  0.459000000000000        18.1514341055410     
  0.460000000000000        18.1514341055422     
  0.461000000000000        18.1514341055434     
  0.462000000000000        18.1514341055446     
  0.463000000000000        18.1514341055458     
  0.464000000000000        18.1514341055469     
  0.465000000000000        18.1514341055481     
  0.466000000000000        18.1514341055493     
  0.467000000000000        18.1514341055505     
  0.468000000000000        18.1514341055517     
  0.469000000000000        18.1514341055529     
  0.470000000000000        18.1514341055541     
  0.471000000000000        18.1514341055552     
  0.472000000000000        18.1514341055564     
  0.473000000000000        18.1514341055576     
  0.474000000000000        18.1514341055588     
  0.475000000000000        18.1514341055600     
  0.476000000000000        18.1514341055612     
  0.477000000000000        18.1514341055624     
  0.478000000000000        18.1514341055635     
  0.479000000000000        18.1514341055647     
  0.480000000000000        18.1514341055659     
  0.481000000000000        18.1514341055671     
  0.482000000000000        18.1514341055683     
  0.483000000000000        18.1514341055695     
  0.484000000000000        18.1514341055706     
  0.485000000000000        18.1514341055718     
  0.486000000000000        18.1514341055730     
  0.487000000000000        18.1514341055742     
  0.488000000000000        18.1514341055754     
  0.489000000000000        18.1514341055766     
  0.490000000000000        18.1514341055778     
  0.491000000000000        18.1514341055789     
  0.492000000000000        18.1514341055801     
  0.493000000000000        18.1514341055813     
  0.494000000000000        18.1514341055825     
  0.495000000000000        18.1514341055837     
  0.496000000000000        18.1514341055849     
  0.497000000000000        18.1514341055861     
  0.498000000000000        18.1514341055872     
  0.499000000000000        18.1514341055884     
  0.500000000000000        18.1514341055896     
  0.501000000000000        18.1514341055908     
  0.502000000000000        18.1514341055920     
  0.503000000000000        18.1514341055932     
  0.504000000000000        18.1514341055943     
  0.505000000000000        18.1514341055955     
  0.506000000000000        18.1514341055967     
  0.507000000000000        18.1514341055979     
  0.508000000000000        18.1514341055991     
  0.509000000000000        18.1514341056003     
  0.510000000000000        18.1514341056015     
  0.511000000000000        18.1514341056026     
  0.512000000000000        18.1514341056038     
  0.513000000000000        18.1514341056050     
  0.514000000000000        18.1514341056062     
  0.515000000000000        18.1514341056074     
  0.516000000000000        18.1514341056086     
  0.517000000000000        18.1514341056097     
  0.518000000000000        18.1514341056109     
  0.519000000000000        18.1514341056121     
  0.520000000000000        18.1514341056133     
  0.521000000000000        18.1514341056145     
  0.522000000000000        18.1514341056157     
  0.523000000000000        18.1514341056169     
  0.524000000000000        18.1514341056180     
  0.525000000000000        18.1514341056192     
  0.526000000000000        18.1514341056204     
  0.527000000000000        18.1514341056216     
  0.528000000000000        18.1514341056228     
  0.529000000000000        18.1514341056240     
  0.530000000000000        18.1514341056252     
  0.531000000000000        18.1514341056263     
  0.532000000000000        18.1514341056275     
  0.533000000000000        18.1514341056287     
  0.534000000000000        18.1514341056299     
  0.535000000000000        18.1514341056311     
  0.536000000000000        18.1514341056323     
  0.537000000000000        18.1514341056334     
  0.538000000000000        18.1514341056346     
  0.539000000000000        18.1514341056358     
  0.540000000000000        18.1514341056370     
  0.541000000000000        18.1514341056382     
  0.542000000000000        18.1514341056394     
  0.543000000000000        18.1514341056406     
  0.544000000000000        18.1514341056417     
  0.545000000000000        18.1514341056429     
  0.546000000000000        18.1514341056441     
  0.547000000000000        18.1514341056453     
  0.548000000000000        18.1514341056465     
  0.549000000000000        18.1514341056477     
  0.550000000000000        18.1514341056488     
  0.551000000000000        18.1514341056500     
  0.552000000000000        18.1514341056512     
  0.553000000000000        18.1514341056524     
  0.554000000000000        18.1514341056536     
  0.555000000000000        18.1514341056548     
  0.556000000000000        18.1514341056560     
  0.557000000000000        18.1514341056571     
  0.558000000000000        18.1514341056583     
  0.559000000000000        18.1514341056595     
  0.560000000000000        18.1514341056607     
  0.561000000000000        18.1514341056619     
  0.562000000000000        18.1514341056631     
  0.563000000000000        18.1514341056643     
  0.564000000000000        18.1514341056654     
  0.565000000000000        18.1514341056666     
  0.566000000000000        18.1514341056678     
  0.567000000000000        18.1514341056690     
  0.568000000000000        18.1514341056702     
  0.569000000000000        18.1514341056714     
  0.570000000000000        18.1514341056725     
  0.571000000000000        18.1514341056737     
  0.572000000000000        18.1514341056749     
  0.573000000000000        18.1514341056761     
  0.574000000000000        18.1514341056773     
  0.575000000000000        18.1514341056785     
  0.576000000000000        18.1514341056797     
  0.577000000000000        18.1514341056808     
  0.578000000000000        18.1514341056820     
  0.579000000000000        18.1514341056832     
  0.580000000000000        18.1514341056844     
  0.581000000000000        18.1514341056856     
  0.582000000000000        18.1514341056868     
  0.583000000000000        18.1514341056880     
  0.584000000000000        18.1514341056891     
  0.585000000000000        18.1514341056903     
  0.586000000000000        18.1514341056915     
  0.587000000000000        18.1514341056927     
  0.588000000000000        18.1514341056939     
  0.589000000000000        18.1514341056951     
  0.590000000000000        18.1514341056963     
  0.591000000000000        18.1514341056974     
  0.592000000000000        18.1514341056986     
  0.593000000000000        18.1514341056998     
  0.594000000000000        18.1514341057010     
  0.595000000000000        18.1514341057022     
  0.596000000000000        18.1514341057034     
  0.597000000000000        18.1514341057045     
  0.598000000000000        18.1514341057057     
  0.599000000000000        18.1514341057069     
  0.600000000000000        18.1514341057081     
  0.601000000000000        18.1514341057093     
  0.602000000000000        18.1514341057105     
  0.603000000000000        18.1514341057117     
  0.604000000000000        18.1514341057128     
  0.605000000000000        18.1514341057140     
  0.606000000000000        18.1514341057152     
  0.607000000000000        18.1514341057164     
  0.608000000000000        18.1514341057176     
  0.609000000000000        18.1514341057188     
  0.610000000000000        18.1514341057200     
  0.611000000000000        18.1514341057211     
  0.612000000000000        18.1514341057223     
  0.613000000000000        18.1514341057235     
  0.614000000000000        18.1514341057247     
  0.615000000000000        18.1514341057259     
  0.616000000000000        18.1514341057271     
  0.617000000000000        18.1514341057282     
  0.618000000000000        18.1514341057294     
  0.619000000000000        18.1514341057306     
  0.620000000000000        18.1514341057318     
  0.621000000000000        18.1514341057330     
  0.622000000000000        18.1514341057342     
  0.623000000000000        18.1514341057354     
  0.624000000000000        18.1514341057365     
  0.625000000000000        18.1514341057377     
  0.626000000000000        18.1514341057389     
  0.627000000000000        18.1514341057401     
  0.628000000000000        18.1514341057413     
  0.629000000000000        18.1514341057425     
  0.630000000000000        18.1514341057436     
  0.631000000000000        18.1514341057448     
  0.632000000000000        18.1514341057460     
  0.633000000000000        18.1514341057472     
  0.634000000000000        18.1514341057484     
  0.635000000000000        18.1514341057496     
  0.636000000000000        18.1514341057508     
  0.637000000000000        18.1514341057519     
  0.638000000000000        18.1514341057531     
  0.639000000000000        18.1514341057543     
  0.640000000000000        18.1514341057555     
  0.641000000000000        18.1514341057567     
  0.642000000000000        18.1514341057579     
  0.643000000000000        18.1514341057591     
  0.644000000000000        18.1514341057602     
  0.645000000000000        18.1514341057614     
  0.646000000000000        18.1514341057626     
  0.647000000000000        18.1514341057638     
  0.648000000000000        18.1514341057650     
  0.649000000000000        18.1514341057662     
  0.650000000000000        18.1514341057673     
  0.651000000000000        18.1514341057685     
  0.652000000000000        18.1514341057697     
  0.653000000000000        18.1514341057709     
  0.654000000000000        18.1514341057721     
  0.655000000000000        18.1514341057733     
  0.656000000000000        18.1514341057745     
  0.657000000000000        18.1514341057756     
  0.658000000000000        18.1514341057768     
  0.659000000000000        18.1514341057780     
  0.660000000000000        18.1514341057792     
  0.661000000000000        18.1514341057804     
  0.662000000000000        18.1514341057816     
  0.663000000000000        18.1514341057828     
  0.664000000000000        18.1514341057839     
  0.665000000000000        18.1514341057851     
  0.666000000000000        18.1514341057863     
  0.667000000000000        18.1514341057875     
  0.668000000000000        18.1514341057887     
  0.669000000000000        18.1514341057899     
  0.670000000000000        18.1514341057910     
  0.671000000000000        18.1514341057922     
  0.672000000000000        18.1514341057934     
  0.673000000000000        18.1514341057946     
  0.674000000000000        18.1514341057958     
  0.675000000000000        18.1514341057970     
  0.676000000000000        18.1514341057982     
  0.677000000000000        18.1514341057993     
  0.678000000000000        18.1514341058005     
  0.679000000000000        18.1514341058017     
  0.680000000000000        18.1514341058029     
  0.681000000000000        18.1514341058041     
  0.682000000000000        18.1514341058053     
  0.683000000000000        18.1514341058065     
  0.684000000000000        18.1514341058076     
  0.685000000000000        18.1514341058088     
  0.686000000000000        18.1514341058100     
  0.687000000000000        18.1514341058112     
  0.688000000000000        18.1514341058124     
  0.689000000000000        18.1514341058136     
  0.690000000000000        18.1514341058147     
  0.691000000000000        18.1514341058159     
  0.692000000000000        18.1514341058171     
  0.693000000000000        18.1514341058183     
  0.694000000000000        18.1514341058195     
  0.695000000000000        18.1514341058207     
  0.696000000000000        18.1514341058219     
  0.697000000000000        18.1514341058230     
  0.698000000000000        18.1514341058242     
  0.699000000000000        18.1514341058254     
  0.700000000000000        18.1514341058266     
  0.701000000000000        18.1514341058278     
  0.702000000000000        18.1514341058290     
  0.703000000000000        18.1514341058302     
  0.704000000000000        18.1514341058313     
  0.705000000000000        18.1514341058325     
  0.706000000000000        18.1514341058337     
  0.707000000000000        18.1514341058349     
  0.708000000000000        18.1514341058361     
  0.709000000000000        18.1514341058373     
  0.710000000000000        18.1514341058384     
  0.711000000000000        18.1514341058396     
  0.712000000000000        18.1514341058408     
  0.713000000000000        18.1514341058420     
  0.714000000000000        18.1514341058432     
  0.715000000000000        18.1514341058444     
  0.716000000000000        18.1514341058456     
  0.717000000000000        18.1514341058467     
  0.718000000000000        18.1514341058479     
  0.719000000000000        18.1514341058491     
  0.720000000000000        18.1514341058503     
  0.721000000000000        18.1514341058515     
  0.722000000000000        18.1514341058527     
  0.723000000000000        18.1514341058538     
  0.724000000000000        18.1514341058550     
  0.725000000000000        18.1514341058562     
  0.726000000000000        18.1514341058574     
  0.727000000000000        18.1514341058586     
  0.728000000000000        18.1514341058598     
  0.729000000000000        18.1514341058610     
  0.730000000000000        18.1514341058621     
  0.731000000000000        18.1514341058633     
  0.732000000000000        18.1514341058645     
  0.733000000000000        18.1514341058657     
  0.734000000000000        18.1514341058669     
  0.735000000000000        18.1514341058681     
  0.736000000000000        18.1514341058693     
  0.737000000000000        18.1514341058704     
  0.738000000000000        18.1514341058716     
  0.739000000000000        18.1514341058728     
  0.740000000000000        18.1514341058740     
  0.741000000000000        18.1514341058752     
  0.742000000000000        18.1514341058764     
  0.743000000000000        18.1514341058775     
  0.744000000000000        18.1514341058787     
  0.745000000000000        18.1514341058799     
  0.746000000000000        18.1514341058811     
  0.747000000000000        18.1514341058823     
  0.748000000000000        18.1514341058835     
  0.749000000000000        18.1514341058847     
  0.750000000000000        18.1514341058858     
  0.751000000000000        18.1514341058870     
  0.752000000000000        18.1514341058882     
  0.753000000000000        18.1514341058894     
  0.754000000000000        18.1514341058906     
  0.755000000000000        18.1514341058918     
  0.756000000000000        18.1514341058929     
  0.757000000000000        18.1514341058941     
  0.758000000000000        18.1514341058953     
  0.759000000000000        18.1514341058965     
  0.760000000000000        18.1514341058977     
  0.761000000000000        18.1514341058989     
  0.762000000000000        18.1514341059001     
  0.763000000000000        18.1514341059012     
  0.764000000000000        18.1514341059024     
  0.765000000000000        18.1514341059036     
  0.766000000000000        18.1514341059048     
  0.767000000000000        18.1514341059060     
  0.768000000000000        18.1514341059072     
  0.769000000000000        18.1514341059084     
  0.770000000000000        18.1514341059095     
  0.771000000000000        18.1514341059107     
  0.772000000000000        18.1514341059119     
  0.773000000000000        18.1514341059131     
  0.774000000000000        18.1514341059143     
  0.775000000000000        18.1514341059155     
  0.776000000000000        18.1514341059166     
  0.777000000000000        18.1514341059178     
  0.778000000000000        18.1514341059190     
  0.779000000000000        18.1514341059202     
  0.780000000000000        18.1514341059214     
  0.781000000000000        18.1514341059226     
  0.782000000000000        18.1514341059238     
  0.783000000000000        18.1514341059249     
  0.784000000000000        18.1514341059261     
  0.785000000000000        18.1514341059273     
  0.786000000000000        18.1514341059285     
  0.787000000000000        18.1514341059297     
  0.788000000000000        18.1514341059309     
  0.789000000000000        18.1514341059321     
  0.790000000000000        18.1514341059332     
  0.791000000000000        18.1514341059344     
  0.792000000000000        18.1514341059356     
  0.793000000000000        18.1514341059368     
  0.794000000000000        18.1514341059380     
  0.795000000000000        18.1514341059392     
  0.796000000000000        18.1514341059403     
  0.797000000000000        18.1514341059415     
  0.798000000000000        18.1514341059427     
  0.799000000000000        18.1514341059439     
  0.800000000000000        18.1514341059451     
  0.801000000000000        18.1514341059463     
  0.802000000000000        18.1514341059475     
  0.803000000000000        18.1514341059486     
  0.804000000000000        18.1514341059498     
  0.805000000000000        18.1514341059510     
  0.806000000000000        18.1514341059522     
  0.807000000000000        18.1514341059534     
  0.808000000000000        18.1514341059546     
  0.809000000000000        18.1514341059558     
  0.810000000000000        18.1514341059569     
  0.811000000000000        18.1514341059581     
  0.812000000000000        18.1514341059593     
  0.813000000000000        18.1514341059605     
  0.814000000000000        18.1514341059617     
  0.815000000000000        18.1514341059629     
  0.816000000000000        18.1514341059640     
  0.817000000000000        18.1514341059652     
  0.818000000000000        18.1514341059664     
  0.819000000000000        18.1514341059676     
  0.820000000000000        18.1514341059688     
  0.821000000000000        18.1514341059700     
  0.822000000000000        18.1514341059712     
  0.823000000000000        18.1514341059723     
  0.824000000000000        18.1514341059735     
  0.825000000000000        18.1514341059747     
  0.826000000000000        18.1514341059759     
  0.827000000000000        18.1514341059771     
  0.828000000000000        18.1514341059783     
  0.829000000000000        18.1514341059795     
  0.830000000000000        18.1514341059806     
  0.831000000000000        18.1514341059818     
  0.832000000000000        18.1514341059830     
  0.833000000000000        18.1514341059842     
  0.834000000000000        18.1514341059854     
  0.835000000000000        18.1514341059866     
  0.836000000000000        18.1514341059877     
  0.837000000000000        18.1514341059889     
  0.838000000000000        18.1514341059901     
  0.839000000000000        18.1514341059913     
  0.840000000000000        18.1514341059925     
  0.841000000000000        18.1514341059937     
  0.842000000000000        18.1514341059949     
  0.843000000000000        18.1514341059960     
  0.844000000000000        18.1514341059972     
  0.845000000000000        18.1514341059984     
  0.846000000000000        18.1514341059996     
  0.847000000000000        18.1514341060008     
  0.848000000000000        18.1514341060020     
  0.849000000000000        18.1514341060032     
  0.850000000000000        18.1514341060043     
  0.851000000000000        18.1514341060055     
  0.852000000000000        18.1514341060067     
  0.853000000000000        18.1514341060079     
  0.854000000000000        18.1514341060091     
  0.855000000000000        18.1514341060103     
  0.856000000000000        18.1514341060114     
  0.857000000000000        18.1514341060126     
  0.858000000000000        18.1514341060138     
  0.859000000000000        18.1514341060150     
  0.860000000000000        18.1514341060162     
  0.861000000000000        18.1514341060174     
  0.862000000000000        18.1514341060186     
  0.863000000000000        18.1514341060197     
  0.864000000000000        18.1514341060209     
  0.865000000000000        18.1514341060221     
  0.866000000000000        18.1514341060233     
  0.867000000000000        18.1514341060245     
  0.868000000000000        18.1514341060257     
  0.869000000000000        18.1514341060269     
  0.870000000000000        18.1514341060280     
  0.871000000000000        18.1514341060292     
  0.872000000000000        18.1514341060304     
  0.873000000000000        18.1514341060316     
  0.874000000000000        18.1514341060328     
  0.875000000000000        18.1514341060340     
  0.876000000000000        18.1514341060351     
  0.877000000000000        18.1514341060363     
  0.878000000000000        18.1514341060375     
  0.879000000000000        18.1514341060387     
  0.880000000000000        18.1514341060399     
  0.881000000000000        18.1514341060411     
  0.882000000000000        18.1514341060423     
  0.883000000000000        18.1514341060434     
  0.884000000000000        18.1514341060446     
  0.885000000000000        18.1514341060458     
  0.886000000000000        18.1514341060470     
  0.887000000000000        18.1514341060482     
  0.888000000000000        18.1514341060494     
  0.889000000000000        18.1514341060506     
  0.890000000000000        18.1514341060517     
  0.891000000000000        18.1514341060529     
  0.892000000000000        18.1514341060541     
  0.893000000000000        18.1514341060553     
  0.894000000000000        18.1514341060565     
  0.895000000000000        18.1514341060577     
  0.896000000000000        18.1514341060588     
  0.897000000000000        18.1514341060600     
  0.898000000000000        18.1514341060612     
  0.899000000000000        18.1514341060624     
  0.900000000000000        18.1514341060636     
  0.901000000000000        18.1514341060648     
  0.902000000000000        18.1514341060660     
  0.903000000000000        18.1514341060671     
  0.904000000000000        18.1514341060683     
  0.905000000000000        18.1514341060695     
  0.906000000000000        18.1514341060707     
  0.907000000000000        18.1514341060719     
  0.908000000000000        18.1514341060731     
  0.909000000000000        18.1514341060742     
  0.910000000000000        18.1514341060754     
  0.911000000000000        18.1514341060766     
  0.912000000000000        18.1514341060778     
  0.913000000000000        18.1514341060790     
  0.914000000000000        18.1514341060802     
  0.915000000000000        18.1514341060814     
  0.916000000000000        18.1514341060825     
  0.917000000000000        18.1514341060837     
  0.918000000000000        18.1514341060849     
  0.919000000000000        18.1514341060861     
  0.920000000000000        18.1514341060873     
  0.921000000000000        18.1514341060885     
  0.922000000000000        18.1514341060897     
  0.923000000000000        18.1514341060908     
  0.924000000000000        18.1514341060920     
  0.925000000000000        18.1514341060932     
  0.926000000000000        18.1514341060944     
  0.927000000000000        18.1514341060956     
  0.928000000000000        18.1514341060968     
  0.929000000000000        18.1514341060979     
  0.930000000000000        18.1514341060991     
  0.931000000000000        18.1514341061003     
  0.932000000000000        18.1514341061015     
  0.933000000000000        18.1514341061027     
  0.934000000000000        18.1514341061039     
  0.935000000000000        18.1514341061051     
  0.936000000000000        18.1514341061062     
  0.937000000000000        18.1514341061074     
  0.938000000000000        18.1514341061086     
  0.939000000000000        18.1514341061098     
  0.940000000000000        18.1514341061110     
  0.941000000000000        18.1514341061122     
  0.942000000000000        18.1514341061133     
  0.943000000000000        18.1514341061145     
  0.944000000000000        18.1514341061157     
  0.945000000000000        18.1514341061169     
  0.946000000000000        18.1514341061181     
  0.947000000000000        18.1514341061193     
  0.948000000000000        18.1514341061205     
  0.949000000000000        18.1514341061216     
  0.950000000000000        18.1514341061228     
  0.951000000000000        18.1514341061240     
  0.952000000000000        18.1514341061252     
  0.953000000000000        18.1514341061264     
  0.954000000000000        18.1514341061276     
  0.955000000000000        18.1514341061288     
  0.956000000000000        18.1514341061299     
  0.957000000000000        18.1514341061311     
  0.958000000000000        18.1514341061323     
  0.959000000000000        18.1514341061335     
  0.960000000000000        18.1514341061347     
  0.961000000000000        18.1514341061359     
  0.962000000000000        18.1514341061370     
  0.963000000000000        18.1514341061382     
  0.964000000000000        18.1514341061394     
  0.965000000000000        18.1514341061406     
  0.966000000000000        18.1514341061418     
  0.967000000000000        18.1514341061430     
  0.968000000000000        18.1514341061442     
  0.969000000000000        18.1514341061453     
  0.970000000000000        18.1514341061465     
  0.971000000000000        18.1514341061477     
  0.972000000000000        18.1514341061489     
  0.973000000000000        18.1514341061501     
  0.974000000000000        18.1514341061513     
  0.975000000000000        18.1514341061525     
  0.976000000000000        18.1514341061536     
  0.977000000000000        18.1514341061548     
  0.978000000000000        18.1514341061560     
  0.979000000000000        18.1514341061572     
  0.980000000000000        18.1514341061584     
  0.981000000000000        18.1514341061596     
  0.982000000000000        18.1514341061607     
  0.983000000000000        18.1514341061619     
  0.984000000000000        18.1514341061631     
  0.985000000000000        18.1514341061643     
  0.986000000000000        18.1514341061655     
  0.987000000000000        18.1514341061667     
  0.988000000000000        18.1514341061679     
  0.989000000000000        18.1514341061690     
  0.990000000000000        18.1514341061702     
  0.991000000000000        18.1514341061714     
  0.992000000000000        18.1514341061726     
  0.993000000000000        18.1514341061738     
  0.994000000000000        18.1514341061750     
  0.995000000000000        18.1514341061762     
  0.996000000000000        18.1514341061773     
  0.997000000000000        18.1514341061785     
  0.998000000000000        18.1514341061797     
  0.999000000000000        18.1514341061809     
   1.00000000000000        18.1514341061821     
   1.00100000000000        18.1514341061833     
   1.00200000000000        18.1514341061844     
   1.00300000000000        18.1514341061856     
   1.00400000000000        18.1514341061868     
   1.00500000000000        18.1514341061880     
   1.00600000000000        18.1514341061892     
   1.00700000000000        18.1514341061904     
   1.00800000000000        18.1514341061916     
   1.00900000000000        18.1514341061927     
   1.01000000000000        18.1514341061939     
   1.01100000000000        18.1514341061951     
   1.01200000000000        18.1514341061963     
   1.01300000000000        18.1514341061975     
   1.01400000000000        18.1514341061987     
   1.01500000000000        18.1514341061999     
   1.01600000000000        18.1514341062010     
   1.01700000000000        18.1514341062022     
   1.01800000000000        18.1514341062034     
   1.01900000000000        18.1514341062046     
   1.02000000000000        18.1514341062058     
   1.02100000000000        18.1514341062070     
   1.02200000000000        18.1514341062081     
   1.02300000000000        18.1514341062093     
   1.02400000000000        18.1514341062105     
   1.02500000000000        18.1514341062117     
   1.02600000000000        18.1514341062129     
   1.02700000000000        18.1514341062141     
   1.02800000000000        18.1514341062153     
   1.02900000000000        18.1514341062164     
   1.03000000000000        18.1514341062176     
   1.03100000000000        18.1514341062188     
   1.03200000000000        18.1514341062200     
   1.03300000000000        18.1514341062212     
   1.03400000000000        18.1514341062224     
   1.03500000000000        18.1514341062236     
   1.03600000000000        18.1514341062247     
   1.03700000000000        18.1514341062259     
   1.03800000000000        18.1514341062271     
   1.03900000000000        18.1514341062283     
   1.04000000000000        18.1514341062295     
   1.04100000000000        18.1514341062307     
   1.04200000000000        18.1514341062318     
   1.04300000000000        18.1514341062330     
   1.04400000000000        18.1514341062342     
   1.04500000000000        18.1514341062354     
   1.04600000000000        18.1514341062366     
   1.04700000000000        18.1514341062378     
   1.04800000000000        18.1514341062390     
   1.04900000000000        18.1514341062401     
   1.05000000000000        18.1514341062413     
   1.05100000000000        18.1514341062425     
   1.05200000000000        18.1514341062437     
   1.05300000000000        18.1514341062449     
   1.05400000000000        18.1514341062461     
   1.05500000000000        18.1514341062473     
   1.05600000000000        18.1514341062484     
   1.05700000000000        18.1514341062496     
   1.05800000000000        18.1514341062508     
   1.05900000000000        18.1514341062520     
   1.06000000000000        18.1514341062532     
   1.06100000000000        18.1514341062544     
   1.06200000000000        18.1514341062555     
   1.06300000000000        18.1514341062567     
   1.06400000000000        18.1514341062579     
   1.06500000000000        18.1514341062591     
   1.06600000000000        18.1514341062603     
   1.06700000000000        18.1514341062615     
   1.06800000000000        18.1514341062627     
   1.06900000000000        18.1514341062638     
   1.07000000000000        18.1514341062650     
   1.07100000000000        18.1514341062662     
   1.07200000000000        18.1514341062674     
   1.07300000000000        18.1514341062686     
   1.07400000000000        18.1514341062698     
   1.07500000000000        18.1514341062710     
   1.07600000000000        18.1514341062721     
   1.07700000000000        18.1514341062733     
   1.07800000000000        18.1514341062745     
   1.07900000000000        18.1514341062757     
   1.08000000000000        18.1514341062769     
   1.08100000000000        18.1514341062781     
   1.08200000000000        18.1514341062792     
   1.08300000000000        18.1514341062804     
   1.08400000000000        18.1514341062816     
   1.08500000000000        18.1514341062828     
   1.08600000000000        18.1514341062840     
   1.08700000000000        18.1514341062852     
   1.08800000000000        18.1514341062864     
   1.08900000000000        18.1514341062875     
   1.09000000000000        18.1514341062887     
   1.09100000000000        18.1514341062899     
   1.09200000000000        18.1514341062911     
   1.09300000000000        18.1514341062923     
   1.09400000000000        18.1514341062935     
   1.09500000000000        18.1514341062946     
   1.09600000000000        18.1514341062958     
   1.09700000000000        18.1514341062970     
   1.09800000000000        18.1514341062982     
   1.09900000000000        18.1514341062994     
   1.10000000000000        18.1514341063006     
   1.10100000000000        18.1514341063018     
   1.10200000000000        18.1514341063029     
   1.10300000000000        18.1514341063041     
   1.10400000000000        18.1514341063053     
   1.10500000000000        18.1514341063065     
   1.10600000000000        18.1514341063077     
   1.10700000000000        18.1514341063089     
   1.10800000000000        18.1514341063101     
   1.10900000000000        18.1514341063112     
   1.11000000000000        18.1514341063124     
   1.11100000000000        18.1514341063136     
   1.11200000000000        18.1514341063148     
   1.11300000000000        18.1514341063160     
   1.11400000000000        18.1514341063172     
   1.11500000000000        18.1514341063183     
   1.11600000000000        18.1514341063195     
   1.11700000000000        18.1514341063207     
   1.11800000000000        18.1514341063219     
   1.11900000000000        18.1514341063231     
   1.12000000000000        18.1514341063243     
   1.12100000000000        18.1514341063255     
   1.12200000000000        18.1514341063266     
   1.12300000000000        18.1514341063278     
   1.12400000000000        18.1514341063290     
   1.12500000000000        18.1514341063302     
   1.12600000000000        18.1514341063314     
   1.12700000000000        18.1514341063326     
   1.12800000000000        18.1514341063337     
   1.12900000000000        18.1514341063349     
   1.13000000000000        18.1514341063361     
   1.13100000000000        18.1514341063373     
   1.13200000000000        18.1514341063385     
   1.13300000000000        18.1514341063397     
   1.13400000000000        18.1514341063409     
   1.13500000000000        18.1514341063420     
   1.13600000000000        18.1514341063432     
   1.13700000000000        18.1514341063444     
   1.13800000000000        18.1514341063456     
   1.13900000000000        18.1514341063468     
   1.14000000000000        18.1514341063480     
   1.14100000000000        18.1514341063492     
   1.14200000000000        18.1514341063503     
   1.14300000000000        18.1514341063515     
   1.14400000000000        18.1514341063527     
   1.14500000000000        18.1514341063539     
   1.14600000000000        18.1514341063551     
   1.14700000000000        18.1514341063563     
   1.14800000000000        18.1514341063574     
   1.14900000000000        18.1514341063586     
   1.15000000000000        18.1514341063598     
   1.15100000000000        18.1514341063610     
   1.15200000000000        18.1514341063622     
   1.15300000000000        18.1514341063634     
   1.15400000000000        18.1514341063646     
   1.15500000000000        18.1514341063657     
   1.15600000000000        18.1514341063669     
   1.15700000000000        18.1514341063681     
   1.15800000000000        18.1514341063693     
   1.15900000000000        18.1514341063705     
   1.16000000000000        18.1514341063717     
   1.16100000000000        18.1514341063729     
   1.16200000000000        18.1514341063740     
   1.16300000000000        18.1514341063752     
   1.16400000000000        18.1514341063764     
   1.16500000000000        18.1514341063776     
   1.16600000000000        18.1514341063788     
   1.16700000000000        18.1514341063800     
   1.16800000000000        18.1514341063811     
   1.16900000000000        18.1514341063823     
   1.17000000000000        18.1514341063835     
   1.17100000000000        18.1514341063847     
   1.17200000000000        18.1514341063859     
   1.17300000000000        18.1514341063871     
   1.17400000000000        18.1514341063883     
   1.17500000000000        18.1514341063894     
   1.17600000000000        18.1514341063906     
   1.17700000000000        18.1514341063918     
   1.17800000000000        18.1514341063930     
   1.17900000000000        18.1514341063942     
   1.18000000000000        18.1514341063954     
   1.18100000000000        18.1514341063966     
   1.18200000000000        18.1514341063977     
   1.18300000000000        18.1514341063989     
   1.18400000000000        18.1514341064001     
   1.18500000000000        18.1514341064013     
   1.18600000000000        18.1514341064025     
   1.18700000000000        18.1514341064037     
   1.18800000000000        18.1514341064048     
   1.18900000000000        18.1514341064060     
   1.19000000000000        18.1514341064072     
   1.19100000000000        18.1514341064084     
   1.19200000000000        18.1514341064096     
   1.19300000000000        18.1514341064108     
   1.19400000000000        18.1514341064120     
   1.19500000000000        18.1514341064131     
   1.19600000000000        18.1514341064143     
   1.19700000000000        18.1514341064155     
   1.19800000000000        18.1514341064167     
   1.19900000000000        18.1514341064179     
   1.20000000000000        18.1514341064191     
   1.20100000000000        18.1514341064203     
   1.20200000000000        18.1514341064214     
   1.20300000000000        18.1514341064226     
   1.20400000000000        18.1514341064238     
   1.20500000000000        18.1514341064250     
   1.20600000000000        18.1514341064262     
   1.20700000000000        18.1514341064274     
   1.20800000000000        18.1514341064285     
   1.20900000000000        18.1514341064297     
   1.21000000000000        18.1514341064309     
   1.21100000000000        18.1514341064321     
   1.21200000000000        18.1514341064333     
   1.21300000000000        18.1514341064345     
   1.21400000000000        18.1514341064357     
   1.21500000000000        18.1514341064368     
   1.21600000000000        18.1514341064380     
   1.21700000000000        18.1514341064392     
   1.21800000000000        18.1514341064404     
   1.21900000000000        18.1514341064416     
   1.22000000000000        18.1514341064428     
   1.22100000000000        18.1514341064440     
   1.22200000000000        18.1514341064451     
   1.22300000000000        18.1514341064463     
   1.22400000000000        18.1514341064475     
   1.22500000000000        18.1514341064487     
   1.22600000000000        18.1514341064499     
   1.22700000000000        18.1514341064511     
   1.22800000000000        18.1514341064522     
   1.22900000000000        18.1514341064534     
   1.23000000000000        18.1514341064546     
   1.23100000000000        18.1514341064558     
   1.23200000000000        18.1514341064570     
   1.23300000000000        18.1514341064582     
   1.23400000000000        18.1514341064594     
   1.23500000000000        18.1514341064605     
   1.23600000000000        18.1514341064617     
   1.23700000000000        18.1514341064629     
   1.23800000000000        18.1514341064641     
   1.23900000000000        18.1514341064653     
   1.24000000000000        18.1514341064665     
   1.24100000000000        18.1514341064677     
   1.24200000000000        18.1514341064688     
   1.24300000000000        18.1514341064700     
   1.24400000000000        18.1514341064712     
   1.24500000000000        18.1514341064724     
   1.24600000000000        18.1514341064736     
   1.24700000000000        18.1514341064748     
   1.24800000000000        18.1514341064759     
   1.24900000000000        18.1514341064771     
   1.25000000000000        18.1514341064783     
   1.25100000000000        18.1514341064795     
   1.25200000000000        18.1514341064807     
   1.25300000000000        18.1514341064819     
   1.25400000000000        18.1514341064831     
   1.25500000000000        18.1514341064842     
   1.25600000000000        18.1514341064854     
   1.25700000000000        18.1514341064866     
   1.25800000000000        18.1514341064878     
   1.25900000000000        18.1514341064890     
   1.26000000000000        18.1514341064902     
   1.26100000000000        18.1514341064914     
   1.26200000000000        18.1514341064925     
   1.26300000000000        18.1514341064937     
   1.26400000000000        18.1514341064949     
   1.26500000000000        18.1514341064961     
   1.26600000000000        18.1514341064973     
   1.26700000000000        18.1514341064985     
   1.26800000000000        18.1514341064996     
   1.26900000000000        18.1514341065008     
   1.27000000000000        18.1514341065020     
   1.27100000000000        18.1514341065032     
   1.27200000000000        18.1514341065044     
   1.27300000000000        18.1514341065056     
   1.27400000000000        18.1514341065068     
   1.27500000000000        18.1514341065079     
   1.27600000000000        18.1514341065091     
   1.27700000000000        18.1514341065103     
   1.27800000000000        18.1514341065115     
   1.27900000000000        18.1514341065127     
   1.28000000000000        18.1514341065139     
   1.28100000000000        18.1514341065150     
   1.28200000000000        18.1514341065162     
   1.28300000000000        18.1514341065174     
   1.28400000000000        18.1514341065186     
   1.28500000000000        18.1514341065198     
   1.28600000000000        18.1514341065210     
   1.28700000000000        18.1514341065222     
   1.28800000000000        18.1514341065233     
   1.28900000000000        18.1514341065245     
   1.29000000000000        18.1514341065257     
   1.29100000000000        18.1514341065269     
   1.29200000000000        18.1514341065281     
   1.29300000000000        18.1514341065293     
   1.29400000000000        18.1514341065305     
   1.29500000000000        18.1514341065316     
   1.29600000000000        18.1514341065328     
   1.29700000000000        18.1514341065340     
   1.29800000000000        18.1514341065352     
   1.29900000000000        18.1514341065364     
   1.30000000000000        18.1514341065376     
   1.30100000000000        18.1514341065387     
   1.30200000000000        18.1514341065399     
   1.30300000000000        18.1514341065411     
   1.30400000000000        18.1514341065423     
   1.30500000000000        18.1514341065435     
   1.30600000000000        18.1514341065447     
   1.30700000000000        18.1514341065459     
   1.30800000000000        18.1514341065470     
   1.30900000000000        18.1514341065482     
   1.31000000000000        18.1514341065494     
   1.31100000000000        18.1514341065506     
   1.31200000000000        18.1514341065518     
   1.31300000000000        18.1514341065530     
   1.31400000000000        18.1514341065541     
   1.31500000000000        18.1514341065553     
   1.31600000000000        18.1514341065565     
   1.31700000000000        18.1514341065577     
   1.31800000000000        18.1514341065589     
   1.31900000000000        18.1514341065601     
   1.32000000000000        18.1514341065613     
   1.32100000000000        18.1514341065624     
   1.32200000000000        18.1514341065636     
   1.32300000000000        18.1514341065648     
   1.32400000000000        18.1514341065660     
   1.32500000000000        18.1514341065672     
   1.32600000000000        18.1514341065684     
   1.32700000000000        18.1514341065696     
   1.32800000000000        18.1514341065707     
   1.32900000000000        18.1514341065719     
   1.33000000000000        18.1514341065731     
   1.33100000000000        18.1514341065743     
   1.33200000000000        18.1514341065755     
   1.33300000000000        18.1514341065767     
   1.33400000000000        18.1514341065778     
   1.33500000000000        18.1514341065790     
   1.33600000000000        18.1514341065802     
   1.33700000000000        18.1514341065814     
   1.33800000000000        18.1514341065826     
   1.33900000000000        18.1514341065838     
   1.34000000000000        18.1514341065850     
   1.34100000000000        18.1514341065861     
   1.34200000000000        18.1514341065873     
   1.34300000000000        18.1514341065885     
   1.34400000000000        18.1514341065897     
   1.34500000000000        18.1514341065909     
   1.34600000000000        18.1514341065921     
   1.34700000000000        18.1514341065933     
   1.34800000000000        18.1514341065944     
   1.34900000000000        18.1514341065956     
   1.35000000000000        18.1514341065968     
   1.35100000000000        18.1514341065980     
   1.35200000000000        18.1514341065992     
   1.35300000000000        18.1514341066004     
   1.35400000000000        18.1514341066015     
   1.35500000000000        18.1514341066027     
   1.35600000000000        18.1514341066039     
   1.35700000000000        18.1514341066051     
   1.35800000000000        18.1514341066063     
   1.35900000000000        18.1514341066075     
   1.36000000000000        18.1514341066087     
   1.36100000000000        18.1514341066098     
   1.36200000000000        18.1514341066110     
   1.36300000000000        18.1514341066122     
   1.36400000000000        18.1514341066134     
   1.36500000000000        18.1514341066146     
   1.36600000000000        18.1514341066158     
   1.36700000000000        18.1514341066170     
   1.36800000000000        18.1514341066181     
   1.36900000000000        18.1514341066193     
   1.37000000000000        18.1514341066205     
   1.37100000000000        18.1514341066217     
   1.37200000000000        18.1514341066229     
   1.37300000000000        18.1514341066241     
   1.37400000000000        18.1514341066252     
   1.37500000000000        18.1514341066264     
   1.37600000000000        18.1514341066276     
   1.37700000000000        18.1514341066288     
   1.37800000000000        18.1514341066300     
   1.37900000000000        18.1514341066312     
   1.38000000000000        18.1514341066324     
   1.38100000000000        18.1514341066335     
   1.38200000000000        18.1514341066347     
   1.38300000000000        18.1514341066359     
   1.38400000000000        18.1514341066371     
   1.38500000000000        18.1514341066383     
   1.38600000000000        18.1514341066395     
   1.38700000000000        18.1514341066407     
   1.38800000000000        18.1514341066418     
   1.38900000000000        18.1514341066430     
   1.39000000000000        18.1514341066442     
   1.39100000000000        18.1514341066454     
   1.39200000000000        18.1514341066466     
   1.39300000000000        18.1514341066478     
   1.39400000000000        18.1514341066489     
   1.39500000000000        18.1514341066501     
   1.39600000000000        18.1514341066513     
   1.39700000000000        18.1514341066525     
   1.39800000000000        18.1514341066537     
   1.39900000000000        18.1514341066549     
   1.40000000000000        18.1514341066561     
   1.40100000000000        18.1514341066572     
   1.40200000000000        18.1514341066584     
   1.40300000000000        18.1514341066596     
   1.40400000000000        18.1514341066608     
   1.40500000000000        18.1514341066620     
   1.40600000000000        18.1514341066632     
   1.40700000000000        18.1514341066644     
   1.40800000000000        18.1514341066655     
   1.40900000000000        18.1514341066667     
   1.41000000000000        18.1514341066679     
   1.41100000000000        18.1514341066691     
   1.41200000000000        18.1514341066703     
   1.41300000000000        18.1514341066715     
   1.41400000000000        18.1514341066726     
   1.41500000000000        18.1514341066738     
   1.41600000000000        18.1514341066750     
   1.41700000000000        18.1514341066762     
   1.41800000000000        18.1514341066774     
   1.41900000000000        18.1514341066786     
   1.42000000000000        18.1514341066798     
   1.42100000000000        18.1514341066809     
   1.42200000000000        18.1514341066821     
   1.42300000000000        18.1514341066833     
   1.42400000000000        18.1514341066845     
   1.42500000000000        18.1514341066857     
   1.42600000000000        18.1514341066869     
   1.42700000000000        18.1514341066881     
   1.42800000000000        18.1514341066892     
   1.42900000000000        18.1514341066904     
   1.43000000000000        18.1514341066916     
   1.43100000000000        18.1514341066928     
   1.43200000000000        18.1514341066940     
   1.43300000000000        18.1514341066952     
   1.43400000000000        18.1514341066963     
   1.43500000000000        18.1514341066975     
   1.43600000000000        18.1514341066987     
   1.43700000000000        18.1514341066999     
   1.43800000000000        18.1514341067011     
   1.43900000000000        18.1514341067023     
   1.44000000000000        18.1514341067035     
   1.44100000000000        18.1514341067046     
   1.44200000000000        18.1514341067058     
   1.44300000000000        18.1514341067070     
   1.44400000000000        18.1514341067082     
   1.44500000000000        18.1514341067094     
   1.44600000000000        18.1514341067106     
   1.44700000000000        18.1514341067118     
   1.44800000000000        18.1514341067129     
   1.44900000000000        18.1514341067141     
   1.45000000000000        18.1514341067153     
   1.45100000000000        18.1514341067165     
   1.45200000000000        18.1514341067177     
   1.45300000000000        18.1514341067189     
   1.45400000000000        18.1514341067200     
   1.45500000000000        18.1514341067212     
   1.45600000000000        18.1514341067224     
   1.45700000000000        18.1514341067236     
   1.45800000000000        18.1514341067248     
   1.45900000000000        18.1514341067260     
   1.46000000000000        18.1514341067272     
   1.46100000000000        18.1514341067283     
   1.46200000000000        18.1514341067295     
   1.46300000000000        18.1514341067307     
   1.46400000000000        18.1514341067319     
   1.46500000000000        18.1514341067331     
   1.46600000000000        18.1514341067343     
   1.46700000000000        18.1514341067354     
   1.46800000000000        18.1514341067366     
   1.46900000000000        18.1514341067378     
   1.47000000000000        18.1514341067390     
   1.47100000000000        18.1514341067402     
   1.47200000000000        18.1514341067414     
   1.47300000000000        18.1514341067426     
   1.47400000000000        18.1514341067437     
   1.47500000000000        18.1514341067449     
   1.47600000000000        18.1514341067461     
   1.47700000000000        18.1514341067473     
   1.47800000000000        18.1514341067485     
   1.47900000000000        18.1514341067497     
   1.48000000000000        18.1514341067509     
   1.48100000000000        18.1514341067520     
   1.48200000000000        18.1514341067532     
   1.48300000000000        18.1514341067544     
   1.48400000000000        18.1514341067556     
   1.48500000000000        18.1514341067568     
   1.48600000000000        18.1514341067580     
   1.48700000000000        18.1514341067591     
   1.48800000000000        18.1514341067603     
   1.48900000000000        18.1514341067615     
   1.49000000000000        18.1514341067627     
   1.49100000000000        18.1514341067639     
   1.49200000000000        18.1514341067651     
   1.49300000000000        18.1514341067663     
   1.49400000000000        18.1514341067674     
   1.49500000000000        18.1514341067686     
   1.49600000000000        18.1514341067698     
   1.49700000000000        18.1514341067710     
   1.49800000000000        18.1514341067722     
   1.49900000000000        18.1514341067734     
   1.50000000000000        18.1514341067745     
   1.50100000000000        18.1514341067757     
   1.50200000000000        18.1514341067769     
   1.50300000000000        18.1514341067781     
   1.50400000000000        18.1514341067793     
   1.50500000000000        18.1514341067805     
   1.50600000000000        18.1514341067817     
   1.50700000000000        18.1514341067828     
   1.50800000000000        18.1514341067840     
   1.50900000000000        18.1514341067852     
   1.51000000000000        18.1514341067864     
   1.51100000000000        18.1514341067876     
   1.51200000000000        18.1514341067888     
   1.51300000000000        18.1514341067900     
   1.51400000000000        18.1514341067911     
   1.51500000000000        18.1514341067923     
   1.51600000000000        18.1514341067935     
   1.51700000000000        18.1514341067947     
   1.51800000000000        18.1514341067959     
   1.51900000000000        18.1514341067971     
   1.52000000000000        18.1514341067982     
   1.52100000000000        18.1514341067994     
   1.52200000000000        18.1514341068006     
   1.52300000000000        18.1514341068018     
   1.52400000000000        18.1514341068030     
   1.52500000000000        18.1514341068042     
   1.52600000000000        18.1514341068054     
   1.52700000000000        18.1514341068065     
   1.52800000000000        18.1514341068077     
   1.52900000000000        18.1514341068089     
   1.53000000000000        18.1514341068101     
   1.53100000000000        18.1514341068113     
   1.53200000000000        18.1514341068125     
   1.53300000000000        18.1514341068137     
   1.53400000000000        18.1514341068148     
   1.53500000000000        18.1514341068160     
   1.53600000000000        18.1514341068172     
   1.53700000000000        18.1514341068184     
   1.53800000000000        18.1514341068196     
   1.53900000000000        18.1514341068208     
   1.54000000000000        18.1514341068219     
   1.54100000000000        18.1514341068231     
   1.54200000000000        18.1514341068243     
   1.54300000000000        18.1514341068255     
   1.54400000000000        18.1514341068267     
   1.54500000000000        18.1514341068279     
   1.54600000000000        18.1514341068291     
   1.54700000000000        18.1514341068302     
   1.54800000000000        18.1514341068314     
   1.54900000000000        18.1514341068326     
   1.55000000000000        18.1514341068338     
   1.55100000000000        18.1514341068350     
   1.55200000000000        18.1514341068362     
   1.55300000000000        18.1514341068374     
   1.55400000000000        18.1514341068385     
   1.55500000000000        18.1514341068397     
   1.55600000000000        18.1514341068409     
   1.55700000000000        18.1514341068421     
   1.55800000000000        18.1514341068433     
   1.55900000000000        18.1514341068445     
   1.56000000000000        18.1514341068456     
   1.56100000000000        18.1514341068468     
   1.56200000000000        18.1514341068480     
   1.56300000000000        18.1514341068492     
   1.56400000000000        18.1514341068504     
   1.56500000000000        18.1514341068516     
   1.56600000000000        18.1514341068528     
   1.56700000000000        18.1514341068539     
   1.56800000000000        18.1514341068551     
   1.56900000000000        18.1514341068563     
   1.57000000000000        18.1514341068575     
   1.57100000000000        18.1514341068587     
   1.57200000000000        18.1514341068599     
   1.57300000000000        18.1514341068611     
   1.57400000000000        18.1514341068622     
   1.57500000000000        18.1514341068634     
   1.57600000000000        18.1514341068646     
   1.57700000000000        18.1514341068658     
   1.57800000000000        18.1514341068670     
   1.57900000000000        18.1514341068682     
   1.58000000000000        18.1514341068693     
   1.58100000000000        18.1514341068705     
   1.58200000000000        18.1514341068717     
   1.58300000000000        18.1514341068729     
   1.58400000000000        18.1514341068741     
   1.58500000000000        18.1514341068753     
   1.58600000000000        18.1514341068765     
   1.58700000000000        18.1514341068776     
   1.58800000000000        18.1514341068788     
   1.58900000000000        18.1514341068800     
   1.59000000000000        18.1514341068812     
   1.59100000000000        18.1514341068824     
   1.59200000000000        18.1514341068836     
   1.59300000000000        18.1514341068848     
   1.59400000000000        18.1514341068859     
   1.59500000000000        18.1514341068871     
   1.59600000000000        18.1514341068883     
   1.59700000000000        18.1514341068895     
   1.59800000000000        18.1514341068907     
   1.59900000000000        18.1514341068919     
   1.60000000000000        18.1514341068930     
   1.60100000000000        18.1514341068942     
   1.60200000000000        18.1514341068954     
   1.60300000000000        18.1514341068966     
   1.60400000000000        18.1514341068978     
   1.60500000000000        18.1514341068990     
   1.60600000000000        18.1514341069002     
   1.60700000000000        18.1514341069013     
   1.60800000000000        18.1514341069025     
   1.60900000000000        18.1514341069037     
   1.61000000000000        18.1514341069049     
   1.61100000000000        18.1514341069061     
   1.61200000000000        18.1514341069073     
   1.61300000000000        18.1514341069085     
   1.61400000000000        18.1514341069096     
   1.61500000000000        18.1514341069108     
   1.61600000000000        18.1514341069120     
   1.61700000000000        18.1514341069132     
   1.61800000000000        18.1514341069144     
   1.61900000000000        18.1514341069156     
   1.62000000000000        18.1514341069167     
   1.62100000000000        18.1514341069179     
   1.62200000000000        18.1514341069191     
   1.62300000000000        18.1514341069203     
   1.62400000000000        18.1514341069215     
   1.62500000000000        18.1514341069227     
   1.62600000000000        18.1514341069239     
   1.62700000000000        18.1514341069250     
   1.62800000000000        18.1514341069262     
   1.62900000000000        18.1514341069274     
   1.63000000000000        18.1514341069286     
   1.63100000000000        18.1514341069298     
   1.63200000000000        18.1514341069310     
   1.63300000000000        18.1514341069322     
   1.63400000000000        18.1514341069333     
   1.63500000000000        18.1514341069345     
   1.63600000000000        18.1514341069357     
   1.63700000000000        18.1514341069369     
   1.63800000000000        18.1514341069381     
   1.63900000000000        18.1514341069393     
   1.64000000000000        18.1514341069404     
   1.64100000000000        18.1514341069416     
   1.64200000000000        18.1514341069428     
   1.64300000000000        18.1514341069440     
   1.64400000000000        18.1514341069452     
   1.64500000000000        18.1514341069464     
   1.64600000000000        18.1514341069476     
   1.64700000000000        18.1514341069487     
   1.64800000000000        18.1514341069499     
   1.64900000000000        18.1514341069511     
   1.65000000000000        18.1514341069523     
   1.65100000000000        18.1514341069535     
   1.65200000000000        18.1514341069547     
   1.65300000000000        18.1514341069558     
   1.65400000000000        18.1514341069570     
   1.65500000000000        18.1514341069582     
   1.65600000000000        18.1514341069594     
   1.65700000000000        18.1514341069606     
   1.65800000000000        18.1514341069618     
   1.65900000000000        18.1514341069630     
   1.66000000000000        18.1514341069641     
   1.66100000000000        18.1514341069653     
   1.66200000000000        18.1514341069665     
   1.66300000000000        18.1514341069677     
   1.66400000000000        18.1514341069689     
   1.66500000000000        18.1514341069701     
   1.66600000000000        18.1514341069713     
   1.66700000000000        18.1514341069724     
   1.66800000000000        18.1514341069736     
   1.66900000000000        18.1514341069748     
   1.67000000000000        18.1514341069760     
   1.67100000000000        18.1514341069772     
   1.67200000000000        18.1514341069784     
   1.67300000000000        18.1514341069795     
   1.67400000000000        18.1514341069807     
   1.67500000000000        18.1514341069819     
   1.67600000000000        18.1514341069831     
   1.67700000000000        18.1514341069843     
   1.67800000000000        18.1514341069855     
   1.67900000000000        18.1514341069867     
   1.68000000000000        18.1514341069878     
   1.68100000000000        18.1514341069890     
   1.68200000000000        18.1514341069902     
   1.68300000000000        18.1514341069914     
   1.68400000000000        18.1514341069926     
   1.68500000000000        18.1514341069938     
   1.68600000000000        18.1514341069949     
   1.68700000000000        18.1514341069961     
   1.68800000000000        18.1514341069973     
   1.68900000000000        18.1514341069985     
   1.69000000000000        18.1514341069997     
   1.69100000000000        18.1514341070009     
   1.69200000000000        18.1514341070021     
   1.69300000000000        18.1514341070032     
   1.69400000000000        18.1514341070044     
   1.69500000000000        18.1514341070056     
   1.69600000000000        18.1514341070068     
   1.69700000000000        18.1514341070080     
   1.69800000000000        18.1514341070092     
   1.69900000000000        18.1514341070104     
   1.70000000000000        18.1514341070115     
   1.70100000000000        18.1514341070127     
   1.70200000000000        18.1514341070139     
   1.70300000000000        18.1514341070151     
   1.70400000000000        18.1514341070163     
   1.70500000000000        18.1514341070175     
   1.70600000000000        18.1514341070186     
   1.70700000000000        18.1514341070198     
   1.70800000000000        18.1514341070210     
   1.70900000000000        18.1514341070222     
   1.71000000000000        18.1514341070234     
   1.71100000000000        18.1514341070246     
   1.71200000000000        18.1514341070258     
   1.71300000000000        18.1514341070269     
   1.71400000000000        18.1514341070281     
   1.71500000000000        18.1514341070293     
   1.71600000000000        18.1514341070305     
   1.71700000000000        18.1514341070317     
   1.71800000000000        18.1514341070329     
   1.71900000000000        18.1514341070341     
   1.72000000000000        18.1514341070352     
   1.72100000000000        18.1514341070364     
   1.72200000000000        18.1514341070376     
   1.72300000000000        18.1514341070388     
   1.72400000000000        18.1514341070400     
   1.72500000000000        18.1514341070412     
   1.72600000000000        18.1514341070423     
   1.72700000000000        18.1514341070435     
   1.72800000000000        18.1514341070447     
   1.72900000000000        18.1514341070459     
   1.73000000000000        18.1514341070471     
   1.73100000000000        18.1514341070483     
   1.73200000000000        18.1514341070495     
   1.73300000000000        18.1514341070506     
   1.73400000000000        18.1514341070518     
   1.73500000000000        18.1514341070530     
   1.73600000000000        18.1514341070542     
   1.73700000000000        18.1514341070554     
   1.73800000000000        18.1514341070566     
   1.73900000000000        18.1514341070578     
   1.74000000000000        18.1514341070589     
   1.74100000000000        18.1514341070601     
   1.74200000000000        18.1514341070613     
   1.74300000000000        18.1514341070625     
   1.74400000000000        18.1514341070637     
   1.74500000000000        18.1514341070649     
   1.74600000000000        18.1514341070660     
   1.74700000000000        18.1514341070672     
   1.74800000000000        18.1514341070684     
   1.74900000000000        18.1514341070696     
   1.75000000000000        18.1514341070708     
   1.75100000000000        18.1514341070720     
   1.75200000000000        18.1514341070732     
   1.75300000000000        18.1514341070743     
   1.75400000000000        18.1514341070755     
   1.75500000000000        18.1514341070767     
   1.75600000000000        18.1514341070779     
   1.75700000000000        18.1514341070791     
   1.75800000000000        18.1514341070803     
   1.75900000000000        18.1514341070815     
   1.76000000000000        18.1514341070826     
   1.76100000000000        18.1514341070838     
   1.76200000000000        18.1514341070850     
   1.76300000000000        18.1514341070862     
   1.76400000000000        18.1514341070874     
   1.76500000000000        18.1514341070886     
   1.76600000000000        18.1514341070897     
   1.76700000000000        18.1514341070909     
   1.76800000000000        18.1514341070921     
   1.76900000000000        18.1514341070933     
   1.77000000000000        18.1514341070945     
   1.77100000000000        18.1514341070957     
   1.77200000000000        18.1514341070969     
   1.77300000000000        18.1514341070980     
   1.77400000000000        18.1514341070992     
   1.77500000000000        18.1514341071004     
   1.77600000000000        18.1514341071016     
   1.77700000000000        18.1514341071028     
   1.77800000000000        18.1514341071040     
   1.77900000000000        18.1514341071052     
   1.78000000000000        18.1514341071063     
   1.78100000000000        18.1514341071075     
   1.78200000000000        18.1514341071087     
   1.78300000000000        18.1514341071099     
   1.78400000000000        18.1514341071111     
   1.78500000000000        18.1514341071123     
   1.78600000000000        18.1514341071134     
   1.78700000000000        18.1514341071146     
   1.78800000000000        18.1514341071158     
   1.78900000000000        18.1514341071170     
   1.79000000000000        18.1514341071182     
   1.79100000000000        18.1514341071194     
   1.79200000000000        18.1514341071206     
   1.79300000000000        18.1514341071217     
   1.79400000000000        18.1514341071229     
   1.79500000000000        18.1514341071241     
   1.79600000000000        18.1514341071253     
   1.79700000000000        18.1514341071265     
   1.79800000000000        18.1514341071277     
   1.79900000000000        18.1514341071288     
   1.80000000000000        18.1514341071300     
   1.80100000000000        18.1514341071312     
   1.80200000000000        18.1514341071324     
   1.80300000000000        18.1514341071336     
   1.80400000000000        18.1514341071348     
   1.80500000000000        18.1514341071360     
   1.80600000000000        18.1514341071371     
   1.80700000000000        18.1514341071383     
   1.80800000000000        18.1514341071395     
   1.80900000000000        18.1514341071407     
   1.81000000000000        18.1514341071419     
   1.81100000000000        18.1514341071431     
   1.81200000000000        18.1514341071443     
   1.81300000000000        18.1514341071454     
   1.81400000000000        18.1514341071466     
   1.81500000000000        18.1514341071478     
   1.81600000000000        18.1514341071490     
   1.81700000000000        18.1514341071502     
   1.81800000000000        18.1514341071514     
   1.81900000000000        18.1514341071526     
   1.82000000000000        18.1514341071537     
   1.82100000000000        18.1514341071549     
   1.82200000000000        18.1514341071561     
   1.82300000000000        18.1514341071573     
   1.82400000000000        18.1514341071585     
   1.82500000000000        18.1514341071597     
   1.82600000000000        18.1514341071608     
   1.82700000000000        18.1514341071620     
   1.82800000000000        18.1514341071632     
   1.82900000000000        18.1514341071644     
   1.83000000000000        18.1514341071656     
   1.83100000000000        18.1514341071668     
   1.83200000000000        18.1514341071680     
   1.83300000000000        18.1514341071691     
   1.83400000000000        18.1514341071703     
   1.83500000000000        18.1514341071715     
   1.83600000000000        18.1514341071727     
   1.83700000000000        18.1514341071739     
   1.83800000000000        18.1514341071751     
   1.83900000000000        18.1514341071762     
   1.84000000000000        18.1514341071774     
   1.84100000000000        18.1514341071786     
   1.84200000000000        18.1514341071798     
   1.84300000000000        18.1514341071810     
   1.84400000000000        18.1514341071822     
   1.84500000000000        18.1514341071834     
   1.84600000000000        18.1514341071845     
   1.84700000000000        18.1514341071857     
   1.84800000000000        18.1514341071869     
   1.84900000000000        18.1514341071881     
   1.85000000000000        18.1514341071893     
   1.85100000000000        18.1514341071905     
   1.85200000000000        18.1514341071917     
   1.85300000000000        18.1514341071928     
   1.85400000000000        18.1514341071940     
   1.85500000000000        18.1514341071952     
   1.85600000000000        18.1514341071964     
   1.85700000000000        18.1514341071976     
   1.85800000000000        18.1514341071988     
   1.85900000000000        18.1514341071999     
   1.86000000000000        18.1514341072011     
   1.86100000000000        18.1514341072023     
   1.86200000000000        18.1514341072035     
   1.86300000000000        18.1514341072047     
   1.86400000000000        18.1514341072059     
   1.86500000000000        18.1514341072071     
   1.86600000000000        18.1514341072082     
   1.86700000000000        18.1514341072094     
   1.86800000000000        18.1514341072106     
   1.86900000000000        18.1514341072118     
   1.87000000000000        18.1514341072130     
   1.87100000000000        18.1514341072142     
   1.87200000000000        18.1514341072153     
   1.87300000000000        18.1514341072165     
   1.87400000000000        18.1514341072177     
   1.87500000000000        18.1514341072189     
   1.87600000000000        18.1514341072201     
   1.87700000000000        18.1514341072213     
   1.87800000000000        18.1514341072225     
   1.87900000000000        18.1514341072236     
   1.88000000000000        18.1514341072248     
   1.88100000000000        18.1514341072260     
   1.88200000000000        18.1514341072272     
   1.88300000000000        18.1514341072284     
   1.88400000000000        18.1514341072296     
   1.88500000000000        18.1514341072308     
   1.88600000000000        18.1514341072319     
   1.88700000000000        18.1514341072331     
   1.88800000000000        18.1514341072343     
   1.88900000000000        18.1514341072355     
   1.89000000000000        18.1514341072367     
   1.89100000000000        18.1514341072379     
   1.89200000000000        18.1514341072390     
   1.89300000000000        18.1514341072402     
   1.89400000000000        18.1514341072414     
   1.89500000000000        18.1514341072426     
   1.89600000000000        18.1514341072438     
   1.89700000000000        18.1514341072450     
   1.89800000000000        18.1514341072462     
   1.89900000000000        18.1514341072473     
   1.90000000000000        18.1514341072485     
   1.90100000000000        18.1514341072497     
   1.90200000000000        18.1514341072509     
   1.90300000000000        18.1514341072521     
   1.90400000000000        18.1514341072533     
   1.90500000000000        18.1514341072545     
   1.90600000000000        18.1514341072556     
   1.90700000000000        18.1514341072568     
   1.90800000000000        18.1514341072580     
   1.90900000000000        18.1514341072592     
   1.91000000000000        18.1514341072604     
   1.91100000000000        18.1514341072616     
   1.91200000000000        18.1514341072627     
   1.91300000000000        18.1514341072639     
   1.91400000000000        18.1514341072651     
   1.91500000000000        18.1514341072663     
   1.91600000000000        18.1514341072675     
   1.91700000000000        18.1514341072687     
   1.91800000000000        18.1514341072699     
   1.91900000000000        18.1514341072710     
   1.92000000000000        18.1514341072722     
   1.92100000000000        18.1514341072734     
   1.92200000000000        18.1514341072746     
   1.92300000000000        18.1514341072758     
   1.92400000000000        18.1514341072770     
   1.92500000000000        18.1514341072782     
   1.92600000000000        18.1514341072793     
   1.92700000000000        18.1514341072805     
   1.92800000000000        18.1514341072817     
   1.92900000000000        18.1514341072829     
   1.93000000000000        18.1514341072841     
   1.93100000000000        18.1514341072853     
   1.93200000000000        18.1514341072864     
   1.93300000000000        18.1514341072876     
   1.93400000000000        18.1514341072888     
   1.93500000000000        18.1514341072900     
   1.93600000000000        18.1514341072912     
   1.93700000000000        18.1514341072924     
   1.93800000000000        18.1514341072936     
   1.93900000000000        18.1514341072947     
   1.94000000000000        18.1514341072959     
   1.94100000000000        18.1514341072971     
   1.94200000000000        18.1514341072983     
   1.94300000000000        18.1514341072995     
   1.94400000000000        18.1514341073007     
   1.94500000000000        18.1514341073019     
   1.94600000000000        18.1514341073030     
   1.94700000000000        18.1514341073042     
   1.94800000000000        18.1514341073054     
   1.94900000000000        18.1514341073066     
   1.95000000000000        18.1514341073078     
   1.95100000000000        18.1514341073090     
   1.95200000000000        18.1514341073101     
   1.95300000000000        18.1514341073113     
   1.95400000000000        18.1514341073125     
   1.95500000000000        18.1514341073137     
   1.95600000000000        18.1514341073149     
   1.95700000000000        18.1514341073161     
   1.95800000000000        18.1514341073173     
   1.95900000000000        18.1514341073184     
   1.96000000000000        18.1514341073196     
   1.96100000000000        18.1514341073208     
   1.96200000000000        18.1514341073220     
   1.96300000000000        18.1514341073232     
   1.96400000000000        18.1514341073244     
   1.96500000000000        18.1514341073256     
   1.96600000000000        18.1514341073267     
   1.96700000000000        18.1514341073279     
   1.96800000000000        18.1514341073291     
   1.96900000000000        18.1514341073303     
   1.97000000000000        18.1514341073315     
   1.97100000000000        18.1514341073327     
   1.97200000000000        18.1514341073338     
   1.97300000000000        18.1514341073350     
   1.97400000000000        18.1514341073362     
   1.97500000000000        18.1514341073374     
   1.97600000000000        18.1514341073386     
   1.97700000000000        18.1514341073398     
   1.97800000000000        18.1514341073410     
   1.97900000000000        18.1514341073421     
   1.98000000000000        18.1514341073433     
   1.98100000000000        18.1514341073445     
   1.98200000000000        18.1514341073457     
   1.98300000000000        18.1514341073469     
   1.98400000000000        18.1514341073481     
   1.98500000000000        18.1514341073492     
   1.98600000000000        18.1514341073504     
   1.98700000000000        18.1514341073516     
   1.98800000000000        18.1514341073528     
   1.98900000000000        18.1514341073540     
   1.99000000000000        18.1514341073552     
   1.99100000000000        18.1514341073564     
   1.99200000000000        18.1514341073575     
   1.99300000000000        18.1514341073587     
   1.99400000000000        18.1514341073599     
   1.99500000000000        18.1514341073611     
   1.99600000000000        18.1514341073623     
   1.99700000000000        18.1514341073635     
   1.99800000000000        18.1514341073647     
