 0.500000 0.500000 0.020000 2600.000000 0.058344 -0.004012 
0.500000 0.541667 0.020000 2600.000000 -0.025901 0.093487 
0.500000 0.583333 0.020000 2600.000000 -0.179974 0.125569 
0.500000 0.625000 0.020000 2600.000000 -0.077907 0.008054 
0.500000 0.666667 0.020000 2600.000000 0.078207 0.264208 
0.500000 0.708333 0.020000 2600.000000 0.021770 -0.175583 
0.500000 0.750000 0.020000 2600.000000 0.007962 -0.041424 
0.500000 0.791667 0.020000 2600.000000 0.004233 0.023579 
0.500000 0.833333 0.020000 2600.000000 0.041749 -0.053283 
0.500000 0.875000 0.020000 2600.000000 -0.075402 0.164077 
0.500000 0.916667 0.020000 2600.000000 0.050640 0.199687 
0.500000 0.958333 0.020000 2600.000000 -0.103208 0.025765 
0.500000 1.000000 0.020000 2600.000000 0.083100 0.247108 
0.500000 1.041667 0.020000 2600.000000 -0.091318 -0.076022 
0.500000 1.083333 0.020000 2600.000000 0.000933 0.093748 
0.500000 1.125000 0.020000 2600.000000 0.015956 -0.075961 
0.500000 1.166667 0.020000 2600.000000 0.231048 -0.098573 
0.500000 1.208333 0.020000 2600.000000 -0.030332 0.107980 
0.500000 1.250000 0.020000 2600.000000 0.019692 0.159607 
0.500000 1.291667 0.020000 2600.000000 0.094142 0.061809 
0.500000 1.333333 0.020000 2600.000000 -0.092299 0.126880 
0.500000 1.375000 0.020000 2600.000000 0.124514 0.121293 
0.500000 1.416667 0.020000 2600.000000 0.153063 0.024391 
0.500000 1.458333 0.020000 2600.000000 -0.186808 -0.067615 
0.500000 1.500000 0.020000 2600.000000 0.207992 -0.120074 
0.500000 1.541667 0.020000 2600.000000 -0.010396 -0.038070 
0.500000 1.583333 0.020000 2600.000000 0.062372 -0.225434 
0.500000 1.625000 0.020000 2600.000000 0.041397 0.063131 
0.500000 1.666667 0.020000 2600.000000 -0.127182 -0.002484 
0.500000 1.708333 0.020000 2600.000000 -0.034182 -0.230813 
0.541667 0.500000 0.020000 2600.000000 0.097992 0.185537 
0.541667 0.541667 0.020000 2600.000000 -0.076116 -0.010943 
0.541667 0.583333 0.020000 2600.000000 -0.018604 0.129863 
0.541667 0.625000 0.020000 2600.000000 0.249664 -0.020615 
0.541667 0.666667 0.020000 2600.000000 -0.132817 0.105790 
0.541667 0.708333 0.020000 2600.000000 -0.164480 0.053256 
0.541667 0.750000 0.020000 2600.000000 -0.026576 0.061534 
0.541667 0.791667 0.020000 2600.000000 -0.027299 0.026074 
0.541667 0.833333 0.020000 2600.000000 0.048739 -0.344706 
0.541667 0.875000 0.020000 2600.000000 -0.024321 0.315899 
0.541667 0.916667 0.020000 2600.000000 -0.144563 0.018696 
0.541667 0.958333 0.020000 2600.000000 -0.038395 0.084079 
0.541667 1.000000 0.020000 2600.000000 0.016827 -0.003836 
0.541667 1.041667 0.020000 2600.000000 -0.171679 0.020450 
0.541667 1.083333 0.020000 2600.000000 0.083336 0.096208 
0.541667 1.125000 0.020000 2600.000000 0.069430 0.136797 
0.541667 1.166667 0.020000 2600.000000 0.075804 -0.105328 
0.541667 1.208333 0.020000 2600.000000 0.227616 -0.026909 
0.541667 1.250000 0.020000 2600.000000 -0.021930 0.015265 
0.541667 1.291667 0.020000 2600.000000 0.060740 0.053009 
0.541667 1.333333 0.020000 2600.000000 0.038713 -0.208583 
0.541667 1.375000 0.020000 2600.000000 -0.017349 -0.032250 
0.541667 1.416667 0.020000 2600.000000 -0.109375 -0.043062 
0.541667 1.458333 0.020000 2600.000000 0.004324 0.052034 
0.541667 1.500000 0.020000 2600.000000 0.155877 0.077366 
0.541667 1.541667 0.020000 2600.000000 0.041861 -0.087979 
0.541667 1.583333 0.020000 2600.000000 0.102307 0.104972 
0.541667 1.625000 0.020000 2600.000000 0.046463 -0.050394 
0.541667 1.666667 0.020000 2600.000000 0.116786 -0.043840 
0.541667 1.708333 0.020000 2600.000000 0.042515 0.116039 
0.583333 0.500000 0.020000 2600.000000 -0.020458 -0.085768 
0.583333 0.541667 0.020000 2600.000000 0.201762 -0.110364 
0.583333 0.583333 0.020000 2600.000000 -0.037989 -0.044084 
0.583333 0.625000 0.020000 2600.000000 0.057517 -0.126822 
0.583333 0.666667 0.020000 2600.000000 -0.059573 0.035671 
0.583333 0.708333 0.020000 2600.000000 -0.054416 -0.054325 
0.583333 0.750000 0.020000 2600.000000 0.091780 0.010225 
0.583333 0.791667 0.020000 2600.000000 -0.038684 0.077095 
0.583333 0.833333 0.020000 2600.000000 0.036880 -0.069223 
0.583333 0.875000 0.020000 2600.000000 0.010797 -0.075369 
0.583333 0.916667 0.020000 2600.000000 0.032058 0.033298 
0.583333 0.958333 0.020000 2600.000000 -0.244226 0.122390 
0.583333 1.000000 0.020000 2600.000000 0.039486 0.049988 
0.583333 1.041667 0.020000 2600.000000 -0.051911 -0.009737 
0.583333 1.083333 0.020000 2600.000000 -0.145922 0.051931 
0.583333 1.125000 0.020000 2600.000000 0.004535 0.156967 
0.583333 1.166667 0.020000 2600.000000 0.093971 0.033309 
0.583333 1.208333 0.020000 2600.000000 0.087785 0.119378 
0.583333 1.250000 0.020000 2600.000000 0.014846 0.059621 
0.583333 1.291667 0.020000 2600.000000 0.107630 0.251635 
0.583333 1.333333 0.020000 2600.000000 0.037021 -0.136454 
0.583333 1.375000 0.020000 2600.000000 0.091482 0.089327 
0.583333 1.416667 0.020000 2600.000000 -0.061788 -0.065611 
0.583333 1.458333 0.020000 2600.000000 -0.001885 -0.201625 
0.583333 1.500000 0.020000 2600.000000 0.219270 0.015607 
0.583333 1.541667 0.020000 2600.000000 0.045755 0.011016 
0.583333 1.583333 0.020000 2600.000000 -0.064689 0.045811 
0.583333 1.625000 0.020000 2600.000000 0.057807 -0.211219 
0.583333 1.666667 0.020000 2600.000000 -0.061686 -0.227460 
0.583333 1.708333 0.020000 2600.000000 0.058955 -0.116259 
0.625000 0.500000 0.020000 2600.000000 -0.159043 -0.144633 
0.625000 0.541667 0.020000 2600.000000 -0.049544 0.048414 
0.625000 0.583333 0.020000 2600.000000 0.110253 0.144385 
0.625000 0.625000 0.020000 2600.000000 -0.098887 -0.014688 
0.625000 0.666667 0.020000 2600.000000 -0.085792 -0.062526 
0.625000 0.708333 0.020000 2600.000000 0.080766 0.022504 
0.625000 0.750000 0.020000 2600.000000 0.056663 -0.016843 
0.625000 0.791667 0.020000 2600.000000 -0.043690 -0.140323 
0.625000 0.833333 0.020000 2600.000000 -0.046573 -0.086057 
0.625000 0.875000 0.020000 2600.000000 0.032504 -0.063549 
0.625000 0.916667 0.020000 2600.000000 -0.123808 -0.154189 
0.625000 0.958333 0.020000 2600.000000 0.124539 0.011815 
0.625000 1.000000 0.020000 2600.000000 0.096434 -0.039754 
0.625000 1.041667 0.020000 2600.000000 -0.029028 -0.106828 
0.625000 1.083333 0.020000 2600.000000 -0.205735 0.043931 
0.625000 1.125000 0.020000 2600.000000 -0.061235 0.031361 
0.625000 1.166667 0.020000 2600.000000 -0.086345 -0.122236 
0.625000 1.208333 0.020000 2600.000000 0.019382 -0.017752 
0.625000 1.250000 0.020000 2600.000000 -0.089335 0.102947 
0.625000 1.291667 0.020000 2600.000000 -0.112818 -0.160184 
0.625000 1.333333 0.020000 2600.000000 -0.135053 0.001948 
0.625000 1.375000 0.020000 2600.000000 0.027242 0.019216 
0.625000 1.416667 0.020000 2600.000000 0.193621 -0.062638 
0.625000 1.458333 0.020000 2600.000000 -0.137229 0.099165 
0.625000 1.500000 0.020000 2600.000000 0.006194 0.019236 
0.625000 1.541667 0.020000 2600.000000 0.109001 0.107611 
0.625000 1.583333 0.020000 2600.000000 -0.018750 0.057270 
0.625000 1.625000 0.020000 2600.000000 0.044081 -0.005018 
0.625000 1.666667 0.020000 2600.000000 -0.074169 -0.117683 
0.625000 1.708333 0.020000 2600.000000 0.237367 0.028645 
0.666667 0.500000 0.020000 2600.000000 0.042255 0.016860 
0.666667 0.541667 0.020000 2600.000000 0.074531 0.067748 
0.666667 0.583333 0.020000 2600.000000 -0.151783 -0.002082 
0.666667 0.625000 0.020000 2600.000000 0.001839 -0.138282 
0.666667 0.666667 0.020000 2600.000000 0.092816 0.047997 
0.666667 0.708333 0.020000 2600.000000 0.029864 0.031683 
0.666667 0.750000 0.020000 2600.000000 -0.098274 0.107165 
0.666667 0.791667 0.020000 2600.000000 -0.147007 -0.085303 
0.666667 0.833333 0.020000 2600.000000 0.119151 0.002917 
0.666667 0.875000 0.020000 2600.000000 -0.114328 -0.022311 
0.666667 0.916667 0.020000 2600.000000 -0.052922 -0.022196 
0.666667 0.958333 0.020000 2600.000000 0.064970 0.049978 
0.666667 1.000000 0.020000 2600.000000 0.026486 0.186900 
0.666667 1.041667 0.020000 2600.000000 0.061244 0.041389 
0.666667 1.083333 0.020000 2600.000000 0.001780 -0.071905 
0.666667 1.125000 0.020000 2600.000000 0.019419 -0.161168 
0.666667 1.166667 0.020000 2600.000000 0.030809 0.079611 
0.666667 1.208333 0.020000 2600.000000 0.097188 0.127713 
0.666667 1.250000 0.020000 2600.000000 0.031086 -0.035141 
0.666667 1.291667 0.020000 2600.000000 -0.233173 -0.030199 
0.666667 1.333333 0.020000 2600.000000 -0.066547 -0.096780 
0.666667 1.375000 0.020000 2600.000000 -0.044096 -0.054302 
0.666667 1.416667 0.020000 2600.000000 -0.078331 0.106616 
0.666667 1.458333 0.020000 2600.000000 -0.030850 0.026619 
0.666667 1.500000 0.020000 2600.000000 0.180002 -0.007184 
0.666667 1.541667 0.020000 2600.000000 0.038751 0.115411 
0.666667 1.583333 0.020000 2600.000000 -0.063183 0.057714 
0.666667 1.625000 0.020000 2600.000000 0.060160 0.073871 
0.666667 1.666667 0.020000 2600.000000 -0.055306 -0.024841 
0.666667 1.708333 0.020000 2600.000000 -0.112871 0.070289 
0.708333 0.500000 0.020000 2600.000000 0.134543 -0.005105 
0.708333 0.541667 0.020000 2600.000000 0.026497 -0.072733 
0.708333 0.583333 0.020000 2600.000000 0.010778 -0.084718 
0.708333 0.625000 0.020000 2600.000000 -0.040217 -0.116618 
0.708333 0.666667 0.020000 2600.000000 0.035808 0.127559 
0.708333 0.708333 0.020000 2600.000000 0.087180 0.040588 
0.708333 0.750000 0.020000 2600.000000 -0.176091 0.063338 
0.708333 0.791667 0.020000 2600.000000 0.028454 -0.013821 
0.708333 0.833333 0.020000 2600.000000 -0.134960 -0.116510 
0.708333 0.875000 0.020000 2600.000000 -0.065461 0.030770 
0.708333 0.916667 0.020000 2600.000000 -0.047512 -0.162285 
0.708333 0.958333 0.020000 2600.000000 -0.161943 -0.026167 
0.708333 1.000000 0.020000 2600.000000 0.002712 0.029185 
0.708333 1.041667 0.020000 2600.000000 0.022159 -0.093084 
0.708333 1.083333 0.020000 2600.000000 0.095021 0.003567 
0.708333 1.125000 0.020000 2600.000000 0.000995 0.062484 
0.708333 1.166667 0.020000 2600.000000 -0.112841 -0.202996 
0.708333 1.208333 0.020000 2600.000000 -0.028078 -0.119880 
0.708333 1.250000 0.020000 2600.000000 -0.112229 -0.005097 
0.708333 1.291667 0.020000 2600.000000 0.103846 -0.036765 
0.708333 1.333333 0.020000 2600.000000 0.099919 0.008201 
0.708333 1.375000 0.020000 2600.000000 0.184872 -0.022347 
0.708333 1.416667 0.020000 2600.000000 0.030765 -0.015229 
0.708333 1.458333 0.020000 2600.000000 -0.044412 0.048190 
0.708333 1.500000 0.020000 2600.000000 0.094076 0.099602 
0.708333 1.541667 0.020000 2600.000000 0.003259 -0.137814 
0.708333 1.583333 0.020000 2600.000000 0.092899 0.052902 
0.708333 1.625000 0.020000 2600.000000 -0.098351 -0.115680 
0.708333 1.666667 0.020000 2600.000000 -0.069988 -0.137237 
0.708333 1.708333 0.020000 2600.000000 0.210293 -0.029589 
0.750000 0.500000 0.020000 2600.000000 0.035297 0.011212 
0.750000 0.541667 0.020000 2600.000000 0.024387 0.154121 
0.750000 0.583333 0.020000 2600.000000 -0.125607 0.213961 
0.750000 0.625000 0.020000 2600.000000 0.066027 -0.022045 
0.750000 0.666667 0.020000 2600.000000 0.058306 -0.130139 
0.750000 0.708333 0.020000 2600.000000 -0.048285 -0.181252 
0.750000 0.750000 0.020000 2600.000000 -0.102122 -0.144580 
0.750000 0.791667 0.020000 2600.000000 0.061899 -0.075114 
0.750000 0.833333 0.020000 2600.000000 0.047332 -0.007818 
0.750000 0.875000 0.020000 2600.000000 -0.007662 0.125228 
0.750000 0.916667 0.020000 2600.000000 0.093693 -0.019337 
0.750000 0.958333 0.020000 2600.000000 -0.208055 0.005205 
0.750000 1.000000 0.020000 2600.000000 0.008133 0.142847 
0.750000 1.041667 0.020000 2600.000000 -0.190964 -0.000537 
0.750000 1.083333 0.020000 2600.000000 -0.082289 0.093001 
0.750000 1.125000 0.020000 2600.000000 -0.096346 0.044454 
0.750000 1.166667 0.020000 2600.000000 -0.018443 0.025070 
0.750000 1.208333 0.020000 2600.000000 -0.122683 0.057163 
0.750000 1.250000 0.020000 2600.000000 0.090401 0.124027 
0.750000 1.291667 0.020000 2600.000000 0.061918 0.104829 
0.750000 1.333333 0.020000 2600.000000 -0.206737 -0.057199 
0.750000 1.375000 0.020000 2600.000000 0.113864 -0.012091 
0.750000 1.416667 0.020000 2600.000000 -0.053515 -0.041591 
0.750000 1.458333 0.020000 2600.000000 0.078175 -0.033287 
0.750000 1.500000 0.020000 2600.000000 -0.048769 0.074204 
0.750000 1.541667 0.020000 2600.000000 0.121540 -0.119872 
0.750000 1.583333 0.020000 2600.000000 -0.171237 0.145991 
0.750000 1.625000 0.020000 2600.000000 0.058267 -0.098853 
0.750000 1.666667 0.020000 2600.000000 -0.097098 -0.061834 
0.750000 1.708333 0.020000 2600.000000 -0.067863 0.063297 
0.791667 0.500000 0.020000 2600.000000 0.040206 0.087305 
0.791667 0.541667 0.020000 2600.000000 0.093886 -0.024506 
0.791667 0.583333 0.020000 2600.000000 0.099091 0.016938 
0.791667 0.625000 0.020000 2600.000000 -0.111258 -0.009066 
0.791667 0.666667 0.020000 2600.000000 0.028919 0.103057 
0.791667 0.708333 0.020000 2600.000000 -0.113241 -0.015308 
0.791667 0.750000 0.020000 2600.000000 0.054958 0.122415 
0.791667 0.791667 0.020000 2600.000000 -0.115508 -0.005522 
0.791667 0.833333 0.020000 2600.000000 0.185942 0.037477 
0.791667 0.875000 0.020000 2600.000000 0.049324 0.256267 
0.791667 0.916667 0.020000 2600.000000 0.073020 0.089589 
0.791667 0.958333 0.020000 2600.000000 0.166349 0.109543 
0.791667 1.000000 0.020000 2600.000000 0.017325 -0.072067 
0.791667 1.041667 0.020000 2600.000000 -0.037271 0.028375 
0.791667 1.083333 0.020000 2600.000000 0.015531 0.096472 
0.791667 1.125000 0.020000 2600.000000 0.016782 -0.133990 
0.791667 1.166667 0.020000 2600.000000 -0.096583 -0.056548 
0.791667 1.208333 0.020000 2600.000000 -0.057493 0.130828 
0.791667 1.250000 0.020000 2600.000000 -0.088320 0.026141 
0.791667 1.291667 0.020000 2600.000000 0.014603 -0.019588 
0.791667 1.333333 0.020000 2600.000000 0.012297 0.015518 
0.791667 1.375000 0.020000 2600.000000 0.092754 -0.098559 
0.791667 1.416667 0.020000 2600.000000 0.035969 -0.024934 
0.791667 1.458333 0.020000 2600.000000 -0.067467 0.015125 
0.791667 1.500000 0.020000 2600.000000 0.015489 -0.059804 
0.791667 1.541667 0.020000 2600.000000 0.124189 -0.051466 
0.791667 1.583333 0.020000 2600.000000 0.087035 0.002303 
0.791667 1.625000 0.020000 2600.000000 -0.007880 0.020334 
0.791667 1.666667 0.020000 2600.000000 0.067647 0.339212 
0.791667 1.708333 0.020000 2600.000000 0.004254 -0.093190 
0.833333 0.500000 0.020000 2600.000000 -0.124481 -0.145235 
0.833333 0.541667 0.020000 2600.000000 0.048734 0.012173 
0.833333 0.583333 0.020000 2600.000000 0.048076 0.218696 
0.833333 0.625000 0.020000 2600.000000 -0.052612 0.082212 
0.833333 0.666667 0.020000 2600.000000 0.278907 -0.136735 
0.833333 0.708333 0.020000 2600.000000 -0.026881 -0.096947 
0.833333 0.750000 0.020000 2600.000000 0.063093 0.121304 
0.833333 0.791667 0.020000 2600.000000 -0.148360 -0.093711 
0.833333 0.833333 0.020000 2600.000000 -0.028715 -0.049950 
0.833333 0.875000 0.020000 2600.000000 -0.078132 -0.098484 
0.833333 0.916667 0.020000 2600.000000 0.080706 -0.089552 
0.833333 0.958333 0.020000 2600.000000 0.028659 0.032979 
0.833333 1.000000 0.020000 2600.000000 -0.068983 0.038231 
0.833333 1.041667 0.020000 2600.000000 -0.079919 0.097704 
0.833333 1.083333 0.020000 2600.000000 -0.001856 0.118329 
0.833333 1.125000 0.020000 2600.000000 -0.205660 -0.072182 
0.833333 1.166667 0.020000 2600.000000 0.025708 0.017927 
0.833333 1.208333 0.020000 2600.000000 -0.033631 0.073437 
0.833333 1.250000 0.020000 2600.000000 -0.141489 -0.037745 
0.833333 1.291667 0.020000 2600.000000 0.037316 0.098879 
0.833333 1.333333 0.020000 2600.000000 0.062147 0.009950 
0.833333 1.375000 0.020000 2600.000000 0.104424 -0.164962 
0.833333 1.416667 0.020000 2600.000000 0.110676 -0.127277 
0.833333 1.458333 0.020000 2600.000000 -0.029010 -0.084272 
0.833333 1.500000 0.020000 2600.000000 -0.004157 -0.088084 
0.833333 1.541667 0.020000 2600.000000 -0.045480 -0.039251 
0.833333 1.583333 0.020000 2600.000000 0.035239 -0.031644 
0.833333 1.625000 0.020000 2600.000000 -0.022092 -0.045538 
0.833333 1.666667 0.020000 2600.000000 0.047931 0.119148 
0.833333 1.708333 0.020000 2600.000000 0.052539 0.143334 
0.875000 0.500000 0.020000 2600.000000 -0.073975 -0.029789 
0.875000 0.541667 0.020000 2600.000000 0.024620 -0.015360 
0.875000 0.583333 0.020000 2600.000000 -0.011284 -0.065897 
0.875000 0.625000 0.020000 2600.000000 -0.058556 -0.057032 
0.875000 0.666667 0.020000 2600.000000 -0.039172 0.017184 
0.875000 0.708333 0.020000 2600.000000 -0.132342 -0.140875 
0.875000 0.750000 0.020000 2600.000000 -0.028826 -0.009331 
0.875000 0.791667 0.020000 2600.000000 -0.022205 0.064099 
0.875000 0.833333 0.020000 2600.000000 -0.119831 0.002690 
0.875000 0.875000 0.020000 2600.000000 0.039513 -0.005493 
0.875000 0.916667 0.020000 2600.000000 0.023209 0.033562 
0.875000 0.958333 0.020000 2600.000000 -0.020178 0.114330 
0.875000 1.000000 0.020000 2600.000000 0.141076 0.070874 
0.875000 1.041667 0.020000 2600.000000 -0.005345 0.094224 
0.875000 1.083333 0.020000 2600.000000 -0.081959 -0.001958 
0.875000 1.125000 0.020000 2600.000000 0.017873 -0.062413 
0.875000 1.166667 0.020000 2600.000000 -0.028267 -0.073479 
0.875000 1.208333 0.020000 2600.000000 0.107161 -0.054303 
0.875000 1.250000 0.020000 2600.000000 -0.088280 0.071641 
0.875000 1.291667 0.020000 2600.000000 -0.093905 0.079232 
0.875000 1.333333 0.020000 2600.000000 -0.004982 0.029235 
0.875000 1.375000 0.020000 2600.000000 -0.133000 0.003779 
0.875000 1.416667 0.020000 2600.000000 -0.076039 0.207382 
0.875000 1.458333 0.020000 2600.000000 0.118512 -0.207103 
0.875000 1.500000 0.020000 2600.000000 0.010704 0.022069 
0.875000 1.541667 0.020000 2600.000000 0.033042 0.083104 
0.875000 1.583333 0.020000 2600.000000 0.016026 -0.088165 
0.875000 1.625000 0.020000 2600.000000 -0.000174 0.176263 
0.875000 1.666667 0.020000 2600.000000 0.088110 -0.126066 
0.875000 1.708333 0.020000 2600.000000 -0.147892 0.059387 
0.916667 0.500000 0.020000 2600.000000 0.024861 0.085654 
0.916667 0.541667 0.020000 2600.000000 0.038772 0.168130 
0.916667 0.583333 0.020000 2600.000000 0.025098 0.077931 
0.916667 0.625000 0.020000 2600.000000 -0.032742 -0.007883 
0.916667 0.666667 0.020000 2600.000000 0.117837 0.049392 
0.916667 0.708333 0.020000 2600.000000 -0.066497 -0.004423 
0.916667 0.750000 0.020000 2600.000000 -0.055857 0.046538 
0.916667 0.791667 0.020000 2600.000000 0.123738 -0.034018 
0.916667 0.833333 0.020000 2600.000000 -0.036621 -0.015957 
0.916667 0.875000 0.020000 2600.000000 0.153575 0.092471 
0.916667 0.916667 0.020000 2600.000000 0.045563 0.191083 
0.916667 0.958333 0.020000 2600.000000 0.009381 0.067436 
0.916667 1.000000 0.020000 2600.000000 0.002177 0.175211 
0.916667 1.041667 0.020000 2600.000000 0.149591 0.040296 
0.916667 1.083333 0.020000 2600.000000 -0.064446 0.002590 
0.916667 1.125000 0.020000 2600.000000 -0.020890 -0.145851 
0.916667 1.166667 0.020000 2600.000000 0.055237 -0.183769 
0.916667 1.208333 0.020000 2600.000000 -0.017696 0.128717 
0.916667 1.250000 0.020000 2600.000000 0.241812 -0.065313 
0.916667 1.291667 0.020000 2600.000000 -0.036754 0.041276 
0.916667 1.333333 0.020000 2600.000000 -0.150840 0.017550 
0.916667 1.375000 0.020000 2600.000000 -0.044859 0.010627 
0.916667 1.416667 0.020000 2600.000000 0.114299 -0.038607 
0.916667 1.458333 0.020000 2600.000000 0.303414 -0.133510 
0.916667 1.500000 0.020000 2600.000000 -0.264047 -0.132430 
0.916667 1.541667 0.020000 2600.000000 0.110268 -0.052479 
0.916667 1.583333 0.020000 2600.000000 0.077747 0.120262 
0.916667 1.625000 0.020000 2600.000000 0.007074 0.007768 
0.916667 1.666667 0.020000 2600.000000 0.191445 0.015010 
0.916667 1.708333 0.020000 2600.000000 -0.036731 -0.021979 
0.958333 0.500000 0.020000 2600.000000 -0.118181 0.120663 
0.958333 0.541667 0.020000 2600.000000 0.036300 0.011235 
0.958333 0.583333 0.020000 2600.000000 -0.002586 0.008464 
0.958333 0.625000 0.020000 2600.000000 0.240010 0.093568 
0.958333 0.666667 0.020000 2600.000000 -0.029652 -0.013296 
0.958333 0.708333 0.020000 2600.000000 -0.031981 -0.133451 
0.958333 0.750000 0.020000 2600.000000 -0.021258 0.010321 
0.958333 0.791667 0.020000 2600.000000 0.051893 -0.001440 
0.958333 0.833333 0.020000 2600.000000 0.147789 -0.140204 
0.958333 0.875000 0.020000 2600.000000 0.091742 0.095461 
0.958333 0.916667 0.020000 2600.000000 -0.060292 -0.138449 
0.958333 0.958333 0.020000 2600.000000 -0.098242 0.086345 
0.958333 1.000000 0.020000 2600.000000 -0.053665 0.301492 
0.958333 1.041667 0.020000 2600.000000 0.021804 -0.138232 
0.958333 1.083333 0.020000 2600.000000 0.021277 -0.085759 
0.958333 1.125000 0.020000 2600.000000 -0.217281 0.050847 
0.958333 1.166667 0.020000 2600.000000 -0.034504 0.131592 
0.958333 1.208333 0.020000 2600.000000 -0.235657 -0.016955 
0.958333 1.250000 0.020000 2600.000000 0.074407 0.000737 
0.958333 1.291667 0.020000 2600.000000 -0.042950 -0.049263 
0.958333 1.333333 0.020000 2600.000000 0.063690 0.089610 
0.958333 1.375000 0.020000 2600.000000 -0.081227 0.076209 
0.958333 1.416667 0.020000 2600.000000 0.174156 -0.078850 
0.958333 1.458333 0.020000 2600.000000 -0.045819 0.009737 
0.958333 1.500000 0.020000 2600.000000 -0.129904 -0.017257 
0.958333 1.541667 0.020000 2600.000000 0.009420 -0.151101 
0.958333 1.583333 0.020000 2600.000000 -0.263323 -0.075365 
0.958333 1.625000 0.020000 2600.000000 0.017940 0.018595 
0.958333 1.666667 0.020000 2600.000000 -0.055954 0.026834 
0.958333 1.708333 0.020000 2600.000000 0.289043 0.056903 
1.000000 0.500000 0.020000 2600.000000 0.152252 -0.088021 
1.000000 0.541667 0.020000 2600.000000 -0.062773 0.036640 
1.000000 0.583333 0.020000 2600.000000 0.004493 0.115959 
1.000000 0.625000 0.020000 2600.000000 0.066245 -0.024390 
1.000000 0.666667 0.020000 2600.000000 -0.002732 -0.247350 
1.000000 0.708333 0.020000 2600.000000 0.035484 -0.361858 
1.000000 0.750000 0.020000 2600.000000 0.046933 0.069981 
1.000000 0.791667 0.020000 2600.000000 0.100043 0.058483 
1.000000 0.833333 0.020000 2600.000000 0.006967 -0.136533 
1.000000 0.875000 0.020000 2600.000000 0.047053 0.133785 
1.000000 0.916667 0.020000 2600.000000 -0.017755 0.019338 
1.000000 0.958333 0.020000 2600.000000 0.169976 -0.099735 
1.000000 1.000000 0.020000 2600.000000 -0.120665 0.014658 
1.000000 1.041667 0.020000 2600.000000 -0.083546 -0.129945 
1.000000 1.083333 0.020000 2600.000000 -0.125411 0.013706 
1.000000 1.125000 0.020000 2600.000000 0.036986 -0.073937 
1.000000 1.166667 0.020000 2600.000000 0.114492 -0.055197 
1.000000 1.208333 0.020000 2600.000000 -0.030658 0.134895 
1.000000 1.250000 0.020000 2600.000000 0.071501 -0.115220 
1.000000 1.291667 0.020000 2600.000000 0.079867 0.063378 
1.000000 1.333333 0.020000 2600.000000 -0.038291 0.088474 
1.000000 1.375000 0.020000 2600.000000 0.014306 0.103862 
1.000000 1.416667 0.020000 2600.000000 -0.065519 0.052749 
1.000000 1.458333 0.020000 2600.000000 0.132135 -0.034871 
1.000000 1.500000 0.020000 2600.000000 -0.124666 -0.050654 
1.000000 1.541667 0.020000 2600.000000 0.178288 -0.102990 
1.000000 1.583333 0.020000 2600.000000 0.085063 -0.003127 
1.000000 1.625000 0.020000 2600.000000 -0.031268 0.034544 
1.000000 1.666667 0.020000 2600.000000 0.225734 0.071469 
1.000000 1.708333 0.020000 2600.000000 0.119981 0.029153 
1.041667 0.500000 0.020000 2600.000000 0.119255 -0.091088 
1.041667 0.541667 0.020000 2600.000000 -0.170998 0.020295 
1.041667 0.583333 0.020000 2600.000000 0.033317 -0.019272 
1.041667 0.625000 0.020000 2600.000000 -0.232801 -0.011273 
1.041667 0.666667 0.020000 2600.000000 0.097195 0.051079 
1.041667 0.708333 0.020000 2600.000000 -0.022617 0.176251 
1.041667 0.750000 0.020000 2600.000000 0.026687 0.000975 
1.041667 0.791667 0.020000 2600.000000 -0.102092 -0.067817 
1.041667 0.833333 0.020000 2600.000000 0.130552 -0.027935 
1.041667 0.875000 0.020000 2600.000000 -0.059571 0.037178 
1.041667 0.916667 0.020000 2600.000000 -0.148049 -0.052321 
1.041667 0.958333 0.020000 2600.000000 0.077986 -0.111196 
1.041667 1.000000 0.020000 2600.000000 -0.011246 0.055085 
1.041667 1.041667 0.020000 2600.000000 0.036599 0.060496 
1.041667 1.083333 0.020000 2600.000000 0.061680 -0.024036 
1.041667 1.125000 0.020000 2600.000000 0.137163 0.091762 
1.041667 1.166667 0.020000 2600.000000 0.033789 -0.008480 
1.041667 1.208333 0.020000 2600.000000 0.146837 -0.041755 
1.041667 1.250000 0.020000 2600.000000 0.007422 0.184940 
1.041667 1.291667 0.020000 2600.000000 0.037290 0.054179 
1.041667 1.333333 0.020000 2600.000000 -0.063470 0.163428 
1.041667 1.375000 0.020000 2600.000000 0.258732 0.059014 
1.041667 1.416667 0.020000 2600.000000 -0.004970 -0.103940 
1.041667 1.458333 0.020000 2600.000000 0.171740 -0.067578 
1.041667 1.500000 0.020000 2600.000000 -0.116341 0.176457 
1.041667 1.541667 0.020000 2600.000000 0.003253 0.131103 
1.041667 1.583333 0.020000 2600.000000 0.054299 -0.100303 
1.041667 1.625000 0.020000 2600.000000 -0.164896 0.030424 
1.041667 1.666667 0.020000 2600.000000 -0.130650 -0.057498 
1.041667 1.708333 0.020000 2600.000000 0.067793 0.121861 
1.083333 0.500000 0.020000 2600.000000 -0.035076 0.019211 
1.083333 0.541667 0.020000 2600.000000 0.138353 -0.038924 
1.083333 0.583333 0.020000 2600.000000 -0.000201 0.021374 
1.083333 0.625000 0.020000 2600.000000 0.130504 -0.195044 
1.083333 0.666667 0.020000 2600.000000 0.091521 0.059780 
1.083333 0.708333 0.020000 2600.000000 0.116144 0.002160 
1.083333 0.750000 0.020000 2600.000000 -0.046001 0.116973 
1.083333 0.791667 0.020000 2600.000000 0.135080 0.106502 
1.083333 0.833333 0.020000 2600.000000 0.061384 -0.106573 
1.083333 0.875000 0.020000 2600.000000 -0.077128 -0.094734 
1.083333 0.916667 0.020000 2600.000000 -0.072403 0.052019 
1.083333 0.958333 0.020000 2600.000000 0.128545 -0.060756 
1.083333 1.000000 0.020000 2600.000000 0.101010 0.062443 
1.083333 1.041667 0.020000 2600.000000 0.115172 -0.032516 
1.083333 1.083333 0.020000 2600.000000 -0.087322 0.208675 
1.083333 1.125000 0.020000 2600.000000 0.014067 0.130458 
1.083333 1.166667 0.020000 2600.000000 0.003919 -0.007384 
1.083333 1.208333 0.020000 2600.000000 -0.023229 -0.008493 
1.083333 1.250000 0.020000 2600.000000 -0.063557 -0.032112 
1.083333 1.291667 0.020000 2600.000000 0.067183 -0.155959 
1.083333 1.333333 0.020000 2600.000000 -0.140774 0.025897 
1.083333 1.375000 0.020000 2600.000000 -0.020569 0.297660 
1.083333 1.416667 0.020000 2600.000000 -0.067657 0.096741 
1.083333 1.458333 0.020000 2600.000000 -0.119966 -0.051758 
1.083333 1.500000 0.020000 2600.000000 0.106060 0.034839 
1.083333 1.541667 0.020000 2600.000000 0.048909 -0.017264 
1.083333 1.583333 0.020000 2600.000000 0.081685 0.126010 
1.083333 1.625000 0.020000 2600.000000 0.042120 -0.058896 
1.083333 1.666667 0.020000 2600.000000 0.056958 0.214657 
1.083333 1.708333 0.020000 2600.000000 -0.116559 -0.009087 
1.125000 0.500000 0.020000 2600.000000 0.173995 0.059515 
1.125000 0.541667 0.020000 2600.000000 -0.045099 -0.127272 
1.125000 0.583333 0.020000 2600.000000 -0.116714 0.022317 
1.125000 0.625000 0.020000 2600.000000 -0.004641 0.159480 
1.125000 0.666667 0.020000 2600.000000 0.075278 0.097375 
1.125000 0.708333 0.020000 2600.000000 0.058285 -0.202600 
1.125000 0.750000 0.020000 2600.000000 0.090828 0.256772 
1.125000 0.791667 0.020000 2600.000000 -0.012566 0.028636 
1.125000 0.833333 0.020000 2600.000000 -0.131137 -0.023946 
1.125000 0.875000 0.020000 2600.000000 0.009759 0.129126 
1.125000 0.916667 0.020000 2600.000000 -0.059226 -0.157859 
1.125000 0.958333 0.020000 2600.000000 0.090743 -0.075716 
1.125000 1.000000 0.020000 2600.000000 0.081676 0.082873 
1.125000 1.041667 0.020000 2600.000000 -0.063113 0.083077 
1.125000 1.083333 0.020000 2600.000000 -0.014511 0.102013 
1.125000 1.125000 0.020000 2600.000000 -0.091035 -0.134110 
1.125000 1.166667 0.020000 2600.000000 -0.035703 0.079129 
1.125000 1.208333 0.020000 2600.000000 0.129348 -0.025947 
1.125000 1.250000 0.020000 2600.000000 0.004581 -0.009738 
1.125000 1.291667 0.020000 2600.000000 0.132070 -0.095337 
1.125000 1.333333 0.020000 2600.000000 0.000667 0.131004 
1.125000 1.375000 0.020000 2600.000000 0.089427 0.071602 
1.125000 1.416667 0.020000 2600.000000 0.075680 -0.249546 
1.125000 1.458333 0.020000 2600.000000 -0.104261 -0.209063 
1.125000 1.500000 0.020000 2600.000000 0.279315 -0.062520 
1.125000 1.541667 0.020000 2600.000000 -0.097640 0.054131 
1.125000 1.583333 0.020000 2600.000000 0.088816 0.080609 
1.125000 1.625000 0.020000 2600.000000 -0.002655 -0.067358 
1.125000 1.666667 0.020000 2600.000000 0.191694 0.177346 
1.125000 1.708333 0.020000 2600.000000 -0.082506 -0.129097 
1.166667 0.500000 0.020000 2600.000000 -0.014802 0.025407 
1.166667 0.541667 0.020000 2600.000000 0.134893 -0.047487 
1.166667 0.583333 0.020000 2600.000000 0.141504 0.070306 
1.166667 0.625000 0.020000 2600.000000 -0.012765 0.015369 
1.166667 0.666667 0.020000 2600.000000 -0.065503 0.058968 
1.166667 0.708333 0.020000 2600.000000 0.193166 0.078552 
1.166667 0.750000 0.020000 2600.000000 -0.159396 0.029906 
1.166667 0.791667 0.020000 2600.000000 -0.051342 0.154275 
1.166667 0.833333 0.020000 2600.000000 0.101641 0.031923 
1.166667 0.875000 0.020000 2600.000000 -0.120789 0.049549 
1.166667 0.916667 0.020000 2600.000000 -0.000341 -0.125709 
1.166667 0.958333 0.020000 2600.000000 -0.130572 -0.035641 
1.166667 1.000000 0.020000 2600.000000 0.124317 -0.115259 
1.166667 1.041667 0.020000 2600.000000 0.049646 0.124523 
1.166667 1.083333 0.020000 2600.000000 -0.089343 -0.153471 
1.166667 1.125000 0.020000 2600.000000 -0.095583 0.163344 
1.166667 1.166667 0.020000 2600.000000 -0.109245 0.118727 
1.166667 1.208333 0.020000 2600.000000 0.030264 0.010192 
1.166667 1.250000 0.020000 2600.000000 0.052310 0.069026 
1.166667 1.291667 0.020000 2600.000000 -0.090481 -0.037279 
1.166667 1.333333 0.020000 2600.000000 -0.049796 0.072905 
1.166667 1.375000 0.020000 2600.000000 0.101974 -0.230772 
1.166667 1.416667 0.020000 2600.000000 0.170640 -0.094534 
1.166667 1.458333 0.020000 2600.000000 0.019713 -0.097944 
1.166667 1.500000 0.020000 2600.000000 -0.130997 -0.080049 
1.166667 1.541667 0.020000 2600.000000 0.117579 -0.017710 
1.166667 1.583333 0.020000 2600.000000 0.095668 0.021052 
1.166667 1.625000 0.020000 2600.000000 0.027942 -0.146878 
1.166667 1.666667 0.020000 2600.000000 -0.002723 0.008944 
1.166667 1.708333 0.020000 2600.000000 -0.144601 -0.088202 
1.208333 0.500000 0.020000 2600.000000 -0.087556 0.039749 
1.208333 0.541667 0.020000 2600.000000 0.109194 -0.145843 
1.208333 0.583333 0.020000 2600.000000 -0.036438 -0.161880 
1.208333 0.625000 0.020000 2600.000000 -0.121979 0.155533 
1.208333 0.666667 0.020000 2600.000000 -0.113193 -0.011664 
1.208333 0.708333 0.020000 2600.000000 -0.218488 0.025632 
1.208333 0.750000 0.020000 2600.000000 0.023394 -0.124341 
1.208333 0.791667 0.020000 2600.000000 -0.019366 0.127555 
1.208333 0.833333 0.020000 2600.000000 -0.174723 0.114612 
1.208333 0.875000 0.020000 2600.000000 0.000230 -0.046725 
1.208333 0.916667 0.020000 2600.000000 0.049150 0.071497 
1.208333 0.958333 0.020000 2600.000000 -0.047650 0.075949 
1.208333 1.000000 0.020000 2600.000000 0.254719 -0.043345 
1.208333 1.041667 0.020000 2600.000000 0.107447 0.052564 
1.208333 1.083333 0.020000 2600.000000 0.125792 -0.085058 
1.208333 1.125000 0.020000 2600.000000 0.053802 0.037940 
1.208333 1.166667 0.020000 2600.000000 0.089657 -0.059088 
1.208333 1.208333 0.020000 2600.000000 -0.031177 0.063540 
1.208333 1.250000 0.020000 2600.000000 0.066723 -0.081949 
1.208333 1.291667 0.020000 2600.000000 0.006520 0.028304 
1.208333 1.333333 0.020000 2600.000000 -0.127186 0.056629 
1.208333 1.375000 0.020000 2600.000000 -0.064709 0.279672 
1.208333 1.416667 0.020000 2600.000000 0.045348 -0.061816 
1.208333 1.458333 0.020000 2600.000000 0.071148 -0.102809 
1.208333 1.500000 0.020000 2600.000000 0.005793 -0.077156 
1.208333 1.541667 0.020000 2600.000000 0.159244 -0.043674 
1.208333 1.583333 0.020000 2600.000000 -0.035400 0.185973 
1.208333 1.625000 0.020000 2600.000000 -0.059450 -0.070890 
1.208333 1.666667 0.020000 2600.000000 -0.051266 0.005400 
1.208333 1.708333 0.020000 2600.000000 0.054975 0.121948 
1.250000 0.500000 0.020000 2600.000000 0.167477 -0.099011 
1.250000 0.541667 0.020000 2600.000000 0.084984 0.047214 
1.250000 0.583333 0.020000 2600.000000 -0.024446 0.022734 
1.250000 0.625000 0.020000 2600.000000 0.098971 -0.099564 
1.250000 0.666667 0.020000 2600.000000 0.020579 0.021676 
1.250000 0.708333 0.020000 2600.000000 -0.082783 -0.000617 
1.250000 0.750000 0.020000 2600.000000 -0.092032 -0.131592 
1.250000 0.791667 0.020000 2600.000000 -0.060439 -0.151637 
1.250000 0.833333 0.020000 2600.000000 0.135386 0.140692 
1.250000 0.875000 0.020000 2600.000000 -0.128414 0.046680 
1.250000 0.916667 0.020000 2600.000000 -0.029601 0.118713 
1.250000 0.958333 0.020000 2600.000000 0.029987 -0.133739 
1.250000 1.000000 0.020000 2600.000000 0.128459 0.161210 
1.250000 1.041667 0.020000 2600.000000 -0.072507 0.053644 
1.250000 1.083333 0.020000 2600.000000 0.121983 -0.189373 
1.250000 1.125000 0.020000 2600.000000 -0.072481 0.023974 
1.250000 1.166667 0.020000 2600.000000 0.029630 0.016181 
1.250000 1.208333 0.020000 2600.000000 -0.087751 -0.101650 
1.250000 1.250000 0.020000 2600.000000 -0.060720 0.112704 
1.250000 1.291667 0.020000 2600.000000 -0.126132 0.092795 
1.250000 1.333333 0.020000 2600.000000 0.022524 0.015452 
1.250000 1.375000 0.020000 2600.000000 0.205090 -0.131480 
1.250000 1.416667 0.020000 2600.000000 -0.058656 0.090511 
1.250000 1.458333 0.020000 2600.000000 -0.021220 0.031952 
1.250000 1.500000 0.020000 2600.000000 0.128940 0.005440 
1.250000 1.541667 0.020000 2600.000000 0.073039 0.045501 
1.250000 1.583333 0.020000 2600.000000 -0.132077 -0.060376 
1.250000 1.625000 0.020000 2600.000000 0.046462 0.099933 
1.250000 1.666667 0.020000 2600.000000 -0.013878 0.051540 
1.250000 1.708333 0.020000 2600.000000 -0.032631 -0.093510 
1.291667 0.500000 0.020000 2600.000000 -0.037819 0.055132 
1.291667 0.541667 0.020000 2600.000000 -0.010720 0.179066 
1.291667 0.583333 0.020000 2600.000000 -0.029151 -0.103432 
1.291667 0.625000 0.020000 2600.000000 0.003669 -0.133325 
1.291667 0.666667 0.020000 2600.000000 0.212377 -0.006846 
1.291667 0.708333 0.020000 2600.000000 0.064651 -0.073552 
1.291667 0.750000 0.020000 2600.000000 0.156108 0.067798 
1.291667 0.791667 0.020000 2600.000000 0.193840 0.158196 
1.291667 0.833333 0.020000 2600.000000 0.147471 0.064397 
1.291667 0.875000 0.020000 2600.000000 -0.069978 -0.038101 
1.291667 0.916667 0.020000 2600.000000 0.004177 -0.046666 
1.291667 0.958333 0.020000 2600.000000 -0.079031 -0.001943 
1.291667 1.000000 0.020000 2600.000000 0.184302 -0.122808 
1.291667 1.041667 0.020000 2600.000000 -0.159027 0.137990 
1.291667 1.083333 0.020000 2600.000000 0.089619 0.054831 
1.291667 1.125000 0.020000 2600.000000 -0.041411 -0.052155 
1.291667 1.166667 0.020000 2600.000000 -0.008647 0.014555 
1.291667 1.208333 0.020000 2600.000000 -0.005409 -0.075815 
1.291667 1.250000 0.020000 2600.000000 -0.002853 -0.071287 
1.291667 1.291667 0.020000 2600.000000 -0.012957 -0.135642 
1.291667 1.333333 0.020000 2600.000000 0.148886 0.024414 
1.291667 1.375000 0.020000 2600.000000 0.118555 0.152833 
1.291667 1.416667 0.020000 2600.000000 -0.094002 -0.148366 
1.291667 1.458333 0.020000 2600.000000 0.115311 -0.049110 
1.291667 1.500000 0.020000 2600.000000 0.060474 -0.045197 
1.291667 1.541667 0.020000 2600.000000 -0.005604 -0.015251 
1.291667 1.583333 0.020000 2600.000000 -0.128146 0.215911 
1.291667 1.625000 0.020000 2600.000000 -0.004595 -0.108889 
1.291667 1.666667 0.020000 2600.000000 0.057793 -0.085917 
1.291667 1.708333 0.020000 2600.000000 -0.130496 0.123025 
1.333333 0.500000 0.020000 2600.000000 0.024629 -0.008651 
1.333333 0.541667 0.020000 2600.000000 0.064844 -0.066622 
1.333333 0.583333 0.020000 2600.000000 0.086391 0.062368 
1.333333 0.625000 0.020000 2600.000000 0.294048 0.075067 
1.333333 0.666667 0.020000 2600.000000 -0.113019 0.013109 
1.333333 0.708333 0.020000 2600.000000 -0.018707 0.224992 
1.333333 0.750000 0.020000 2600.000000 0.134571 0.036157 
1.333333 0.791667 0.020000 2600.000000 -0.099300 -0.108165 
1.333333 0.833333 0.020000 2600.000000 0.258344 -0.038980 
1.333333 0.875000 0.020000 2600.000000 0.047953 0.104292 
1.333333 0.916667 0.020000 2600.000000 -0.040665 -0.012171 
1.333333 0.958333 0.020000 2600.000000 0.119888 -0.011154 
1.333333 1.000000 0.020000 2600.000000 0.009084 -0.003723 
1.333333 1.041667 0.020000 2600.000000 -0.014633 -0.070036 
1.333333 1.083333 0.020000 2600.000000 0.215270 -0.136814 
1.333333 1.125000 0.020000 2600.000000 -0.056873 -0.088717 
1.333333 1.166667 0.020000 2600.000000 0.072860 -0.133538 
1.333333 1.208333 0.020000 2600.000000 0.038302 -0.017574 
1.333333 1.250000 0.020000 2600.000000 -0.066685 -0.035210 
1.333333 1.291667 0.020000 2600.000000 0.170312 0.091701 
1.333333 1.333333 0.020000 2600.000000 0.131183 -0.145369 
1.333333 1.375000 0.020000 2600.000000 -0.096269 0.091234 
1.333333 1.416667 0.020000 2600.000000 -0.111203 -0.097065 
1.333333 1.458333 0.020000 2600.000000 -0.016279 -0.170166 
1.333333 1.500000 0.020000 2600.000000 0.240617 -0.024954 
1.333333 1.541667 0.020000 2600.000000 0.016655 0.001725 
1.333333 1.583333 0.020000 2600.000000 -0.007773 -0.094785 
1.333333 1.625000 0.020000 2600.000000 0.061923 0.005438 
1.333333 1.666667 0.020000 2600.000000 0.046587 0.088224 
1.333333 1.708333 0.020000 2600.000000 0.069962 -0.198048 
1.375000 0.500000 0.020000 2600.000000 0.048057 -0.114270 
1.375000 0.541667 0.020000 2600.000000 0.056713 0.107697 
1.375000 0.583333 0.020000 2600.000000 -0.082133 -0.045555 
1.375000 0.625000 0.020000 2600.000000 -0.086164 0.041588 
1.375000 0.666667 0.020000 2600.000000 -0.109327 0.001940 
1.375000 0.708333 0.020000 2600.000000 0.002693 -0.020724 
1.375000 0.750000 0.020000 2600.000000 0.037118 -0.156286 
1.375000 0.791667 0.020000 2600.000000 0.079362 0.122343 
1.375000 0.833333 0.020000 2600.000000 -0.023181 -0.110646 
1.375000 0.875000 0.020000 2600.000000 0.081607 0.010170 
1.375000 0.916667 0.020000 2600.000000 -0.109893 0.075330 
1.375000 0.958333 0.020000 2600.000000 -0.021557 -0.024773 
1.375000 1.000000 0.020000 2600.000000 0.081098 -0.106903 
1.375000 1.041667 0.020000 2600.000000 0.131117 0.031103 
1.375000 1.083333 0.020000 2600.000000 0.269003 0.058438 
1.375000 1.125000 0.020000 2600.000000 -0.170927 -0.016942 
1.375000 1.166667 0.020000 2600.000000 0.041506 -0.005866 
1.375000 1.208333 0.020000 2600.000000 0.119445 -0.205296 
1.375000 1.250000 0.020000 2600.000000 0.017400 -0.029013 
1.375000 1.291667 0.020000 2600.000000 0.041411 -0.069425 
1.375000 1.333333 0.020000 2600.000000 -0.110564 0.108836 
1.375000 1.375000 0.020000 2600.000000 -0.134655 0.020626 
1.375000 1.416667 0.020000 2600.000000 0.000824 0.018991 
1.375000 1.458333 0.020000 2600.000000 0.164496 0.132188 
1.375000 1.500000 0.020000 2600.000000 -0.014462 -0.007040 
1.375000 1.541667 0.020000 2600.000000 0.029745 -0.038788 
1.375000 1.583333 0.020000 2600.000000 -0.072082 -0.169916 
1.375000 1.625000 0.020000 2600.000000 0.015847 0.031743 
1.375000 1.666667 0.020000 2600.000000 -0.143003 0.089231 
1.375000 1.708333 0.020000 2600.000000 0.162704 0.096993 
1.416667 0.500000 0.020000 2600.000000 0.010867 0.062742 
1.416667 0.541667 0.020000 2600.000000 0.041900 -0.122154 
1.416667 0.583333 0.020000 2600.000000 -0.170568 0.040905 
1.416667 0.625000 0.020000 2600.000000 -0.212271 0.155700 
1.416667 0.666667 0.020000 2600.000000 0.024918 -0.009357 
1.416667 0.708333 0.020000 2600.000000 0.011583 -0.207664 
1.416667 0.750000 0.020000 2600.000000 -0.025325 -0.199254 
1.416667 0.791667 0.020000 2600.000000 0.086712 0.140651 
1.416667 0.833333 0.020000 2600.000000 0.038837 0.021196 
1.416667 0.875000 0.020000 2600.000000 0.045467 0.037403 
1.416667 0.916667 0.020000 2600.000000 0.081058 0.041585 
1.416667 0.958333 0.020000 2600.000000 -0.143032 -0.106683 
1.416667 1.000000 0.020000 2600.000000 0.102033 -0.163239 
1.416667 1.041667 0.020000 2600.000000 0.086903 -0.014538 
1.416667 1.083333 0.020000 2600.000000 0.176682 -0.184855 
1.416667 1.125000 0.020000 2600.000000 0.138633 -0.035818 
1.416667 1.166667 0.020000 2600.000000 0.085551 0.113012 
1.416667 1.208333 0.020000 2600.000000 -0.039194 0.069308 
1.416667 1.250000 0.020000 2600.000000 0.087966 -0.090654 
1.416667 1.291667 0.020000 2600.000000 0.124858 -0.010382 
1.416667 1.333333 0.020000 2600.000000 -0.010918 0.098979 
1.416667 1.375000 0.020000 2600.000000 -0.039323 -0.087292 
1.416667 1.416667 0.020000 2600.000000 0.116455 -0.066844 
1.416667 1.458333 0.020000 2600.000000 -0.118907 0.064121 
1.416667 1.500000 0.020000 2600.000000 -0.086503 0.034056 
1.416667 1.541667 0.020000 2600.000000 0.016315 0.018423 
1.416667 1.583333 0.020000 2600.000000 -0.097138 -0.017186 
1.416667 1.625000 0.020000 2600.000000 0.156805 -0.088397 
1.416667 1.666667 0.020000 2600.000000 -0.048381 0.017757 
1.416667 1.708333 0.020000 2600.000000 -0.014204 0.079772 
1.458333 0.500000 0.020000 2600.000000 -0.004878 0.197812 
1.458333 0.541667 0.020000 2600.000000 0.005446 -0.010604 
1.458333 0.583333 0.020000 2600.000000 -0.000964 -0.099956 
1.458333 0.625000 0.020000 2600.000000 -0.012271 0.074758 
1.458333 0.666667 0.020000 2600.000000 -0.048815 -0.021843 
1.458333 0.708333 0.020000 2600.000000 -0.007225 -0.074301 
1.458333 0.750000 0.020000 2600.000000 -0.038874 0.028093 
1.458333 0.791667 0.020000 2600.000000 0.106705 0.327289 
1.458333 0.833333 0.020000 2600.000000 0.206874 -0.099331 
1.458333 0.875000 0.020000 2600.000000 0.046856 0.046845 
1.458333 0.916667 0.020000 2600.000000 -0.099703 0.134509 
1.458333 0.958333 0.020000 2600.000000 -0.114314 -0.115532 
1.458333 1.000000 0.020000 2600.000000 0.096206 0.076056 
1.458333 1.041667 0.020000 2600.000000 -0.076794 0.098973 
1.458333 1.083333 0.020000 2600.000000 -0.126673 0.006941 
1.458333 1.125000 0.020000 2600.000000 -0.078353 0.117472 
1.458333 1.166667 0.020000 2600.000000 0.058671 -0.019721 
1.458333 1.208333 0.020000 2600.000000 -0.145286 -0.096614 
1.458333 1.250000 0.020000 2600.000000 -0.025601 -0.128845 
1.458333 1.291667 0.020000 2600.000000 -0.003341 -0.001117 
1.458333 1.333333 0.020000 2600.000000 -0.011206 -0.007435 
1.458333 1.375000 0.020000 2600.000000 -0.167881 -0.093984 
1.458333 1.416667 0.020000 2600.000000 0.046282 -0.032409 
1.458333 1.458333 0.020000 2600.000000 0.044631 0.025197 
1.458333 1.500000 0.020000 2600.000000 0.016231 -0.012033 
1.458333 1.541667 0.020000 2600.000000 0.151213 -0.164729 
1.458333 1.583333 0.020000 2600.000000 -0.121189 0.083367 
1.458333 1.625000 0.020000 2600.000000 -0.031716 0.017910 
1.458333 1.666667 0.020000 2600.000000 -0.036516 0.116073 
1.458333 1.708333 0.020000 2600.000000 -0.176334 -0.013917 
1.500000 0.500000 0.020000 2600.000000 -0.038372 -0.155435 
1.500000 0.541667 0.020000 2600.000000 0.000524 -0.081538 
1.500000 0.583333 0.020000 2600.000000 -0.183721 0.280179 
1.500000 0.625000 0.020000 2600.000000 -0.016080 -0.060108 
1.500000 0.666667 0.020000 2600.000000 0.110482 0.053210 
1.500000 0.708333 0.020000 2600.000000 0.070060 0.144400 
1.500000 0.750000 0.020000 2600.000000 -0.046758 0.120434 
1.500000 0.791667 0.020000 2600.000000 0.014792 0.074847 
1.500000 0.833333 0.020000 2600.000000 -0.089238 -0.116678 
1.500000 0.875000 0.020000 2600.000000 0.050474 0.021406 
1.500000 0.916667 0.020000 2600.000000 0.142901 0.013397 
1.500000 0.958333 0.020000 2600.000000 0.244291 -0.091626 
1.500000 1.000000 0.020000 2600.000000 -0.072266 -0.021927 
1.500000 1.041667 0.020000 2600.000000 -0.102308 -0.113987 
1.500000 1.083333 0.020000 2600.000000 0.166142 0.196580 
1.500000 1.125000 0.020000 2600.000000 -0.083251 0.066474 
1.500000 1.166667 0.020000 2600.000000 0.125303 0.041842 
1.500000 1.208333 0.020000 2600.000000 0.115894 0.032178 
1.500000 1.250000 0.020000 2600.000000 0.024054 -0.101141 
1.500000 1.291667 0.020000 2600.000000 0.100788 0.031277 
1.500000 1.333333 0.020000 2600.000000 -0.034309 0.095468 
1.500000 1.375000 0.020000 2600.000000 -0.076302 0.081117 
1.500000 1.416667 0.020000 2600.000000 -0.119788 0.018223 
1.500000 1.458333 0.020000 2600.000000 0.048865 0.089016 
1.500000 1.500000 0.020000 2600.000000 -0.161921 0.074128 
1.500000 1.541667 0.020000 2600.000000 0.068878 -0.102078 
1.500000 1.583333 0.020000 2600.000000 -0.020638 0.115365 
1.500000 1.625000 0.020000 2600.000000 -0.154614 0.068386 
1.500000 1.666667 0.020000 2600.000000 -0.020117 0.053967 
1.500000 1.708333 0.020000 2600.000000 -0.032029 0.071010 
1.541667 0.500000 0.020000 2600.000000 0.049149 0.025886 
1.541667 0.541667 0.020000 2600.000000 0.154494 -0.035510 
1.541667 0.583333 0.020000 2600.000000 0.152948 -0.173120 
1.541667 0.625000 0.020000 2600.000000 -0.040296 0.161993 
1.541667 0.666667 0.020000 2600.000000 0.015683 0.012346 
1.541667 0.708333 0.020000 2600.000000 -0.285973 0.026160 
1.541667 0.750000 0.020000 2600.000000 -0.100241 0.134706 
1.541667 0.791667 0.020000 2600.000000 0.222985 -0.045613 
1.541667 0.833333 0.020000 2600.000000 0.000659 0.101578 
1.541667 0.875000 0.020000 2600.000000 -0.185923 0.094676 
1.541667 0.916667 0.020000 2600.000000 -0.113697 -0.111911 
1.541667 0.958333 0.020000 2600.000000 -0.112521 -0.064984 
1.541667 1.000000 0.020000 2600.000000 0.007840 -0.328118 
1.541667 1.041667 0.020000 2600.000000 0.018249 0.104703 
1.541667 1.083333 0.020000 2600.000000 0.109090 -0.035636 
1.541667 1.125000 0.020000 2600.000000 0.031672 -0.090180 
1.541667 1.166667 0.020000 2600.000000 -0.017108 0.159159 
1.541667 1.208333 0.020000 2600.000000 0.001130 -0.062128 
1.541667 1.250000 0.020000 2600.000000 0.077277 0.086139 
1.541667 1.291667 0.020000 2600.000000 0.039607 -0.118180 
1.541667 1.333333 0.020000 2600.000000 0.009096 0.049747 
1.541667 1.375000 0.020000 2600.000000 0.041799 -0.104665 
1.541667 1.416667 0.020000 2600.000000 -0.063289 0.115856 
1.541667 1.458333 0.020000 2600.000000 0.116143 -0.100209 
1.541667 1.500000 0.020000 2600.000000 -0.149520 -0.156265 
1.541667 1.541667 0.020000 2600.000000 0.023424 -0.076873 
1.541667 1.583333 0.020000 2600.000000 0.139257 0.032841 
1.541667 1.625000 0.020000 2600.000000 -0.129258 -0.181228 
1.541667 1.666667 0.020000 2600.000000 0.019690 -0.008648 
1.541667 1.708333 0.020000 2600.000000 -0.118993 0.012621 
1.583333 0.500000 0.020000 2600.000000 0.056766 -0.079299 
1.583333 0.541667 0.020000 2600.000000 0.043295 0.006558 
1.583333 0.583333 0.020000 2600.000000 0.136659 -0.213965 
1.583333 0.625000 0.020000 2600.000000 0.007214 0.156983 
1.583333 0.666667 0.020000 2600.000000 0.061963 -0.069847 
1.583333 0.708333 0.020000 2600.000000 -0.045390 0.007486 
1.583333 0.750000 0.020000 2600.000000 -0.003133 -0.001577 
1.583333 0.791667 0.020000 2600.000000 0.047795 0.054407 
1.583333 0.833333 0.020000 2600.000000 -0.047328 0.006888 
1.583333 0.875000 0.020000 2600.000000 0.118595 0.063958 
1.583333 0.916667 0.020000 2600.000000 0.006864 0.121262 
1.583333 0.958333 0.020000 2600.000000 -0.067427 -0.098657 
1.583333 1.000000 0.020000 2600.000000 -0.067204 0.016157 
1.583333 1.041667 0.020000 2600.000000 0.106858 0.020666 
1.583333 1.083333 0.020000 2600.000000 -0.040927 0.032917 
1.583333 1.125000 0.020000 2600.000000 -0.176473 -0.044306 
1.583333 1.166667 0.020000 2600.000000 0.134027 -0.055083 
1.583333 1.208333 0.020000 2600.000000 -0.053284 -0.061056 
1.583333 1.250000 0.020000 2600.000000 0.148215 -0.025574 
1.583333 1.291667 0.020000 2600.000000 0.092671 0.075536 
1.583333 1.333333 0.020000 2600.000000 0.145321 0.046126 
1.583333 1.375000 0.020000 2600.000000 0.045272 -0.074919 
1.583333 1.416667 0.020000 2600.000000 0.061440 -0.046460 
1.583333 1.458333 0.020000 2600.000000 0.034317 -0.102008 
1.583333 1.500000 0.020000 2600.000000 0.038727 0.021922 
1.583333 1.541667 0.020000 2600.000000 -0.072472 -0.168382 
1.583333 1.583333 0.020000 2600.000000 0.064569 0.142211 
1.583333 1.625000 0.020000 2600.000000 -0.153687 0.053054 
1.583333 1.666667 0.020000 2600.000000 -0.045092 0.061803 
1.583333 1.708333 0.020000 2600.000000 0.067764 -0.002525 
1.625000 0.500000 0.020000 2600.000000 -0.056023 0.047018 
1.625000 0.541667 0.020000 2600.000000 -0.011720 -0.065475 
1.625000 0.583333 0.020000 2600.000000 0.101111 0.063337 
1.625000 0.625000 0.020000 2600.000000 -0.231400 -0.112231 
1.625000 0.666667 0.020000 2600.000000 -0.195676 0.101033 
1.625000 0.708333 0.020000 2600.000000 0.100525 -0.041448 
1.625000 0.750000 0.020000 2600.000000 -0.062033 0.005605 
1.625000 0.791667 0.020000 2600.000000 -0.104504 0.054386 
1.625000 0.833333 0.020000 2600.000000 -0.076415 -0.041434 
1.625000 0.875000 0.020000 2600.000000 -0.119201 -0.039255 
1.625000 0.916667 0.020000 2600.000000 0.043742 0.034412 
1.625000 0.958333 0.020000 2600.000000 -0.128110 -0.050750 
1.625000 1.000000 0.020000 2600.000000 -0.154677 0.053669 
1.625000 1.041667 0.020000 2600.000000 0.198676 0.279431 
1.625000 1.083333 0.020000 2600.000000 0.017127 0.037428 
1.625000 1.125000 0.020000 2600.000000 -0.022966 0.187351 
1.625000 1.166667 0.020000 2600.000000 0.137089 0.110424 
1.625000 1.208333 0.020000 2600.000000 0.106600 0.013152 
1.625000 1.250000 0.020000 2600.000000 0.031849 -0.025960 
1.625000 1.291667 0.020000 2600.000000 -0.042923 -0.090524 
1.625000 1.333333 0.020000 2600.000000 -0.000452 -0.071320 
1.625000 1.375000 0.020000 2600.000000 -0.033711 0.221852 
1.625000 1.416667 0.020000 2600.000000 0.028484 0.082300 
1.625000 1.458333 0.020000 2600.000000 -0.016294 -0.006926 
1.625000 1.500000 0.020000 2600.000000 0.037568 -0.104219 
1.625000 1.541667 0.020000 2600.000000 0.015752 0.001394 
1.625000 1.583333 0.020000 2600.000000 0.135007 0.199788 
1.625000 1.625000 0.020000 2600.000000 -0.018804 0.003179 
1.625000 1.666667 0.020000 2600.000000 -0.163997 -0.114478 
1.625000 1.708333 0.020000 2600.000000 0.022970 0.056874 
1.666667 0.500000 0.020000 2600.000000 -0.111923 -0.033566 
1.666667 0.541667 0.020000 2600.000000 -0.100195 0.011186 
1.666667 0.583333 0.020000 2600.000000 -0.070032 -0.028633 
1.666667 0.625000 0.020000 2600.000000 -0.084563 -0.117256 
1.666667 0.666667 0.020000 2600.000000 -0.193098 0.088946 
1.666667 0.708333 0.020000 2600.000000 -0.034609 0.086017 
1.666667 0.750000 0.020000 2600.000000 -0.046980 0.033027 
1.666667 0.791667 0.020000 2600.000000 0.101252 0.090085 
1.666667 0.833333 0.020000 2600.000000 -0.045917 -0.061606 
1.666667 0.875000 0.020000 2600.000000 0.095706 -0.057002 
1.666667 0.916667 0.020000 2600.000000 -0.031134 -0.126727 
1.666667 0.958333 0.020000 2600.000000 -0.045336 -0.185220 
1.666667 1.000000 0.020000 2600.000000 -0.079546 0.039204 
1.666667 1.041667 0.020000 2600.000000 0.010564 -0.024429 
1.666667 1.083333 0.020000 2600.000000 0.119963 0.001533 
1.666667 1.125000 0.020000 2600.000000 0.065872 -0.071155 
1.666667 1.166667 0.020000 2600.000000 -0.066152 0.028267 
1.666667 1.208333 0.020000 2600.000000 0.067131 0.162523 
1.666667 1.250000 0.020000 2600.000000 0.057871 -0.096903 
1.666667 1.291667 0.020000 2600.000000 -0.003111 -0.266605 
1.666667 1.333333 0.020000 2600.000000 -0.035361 -0.070253 
1.666667 1.375000 0.020000 2600.000000 -0.100145 -0.019421 
1.666667 1.416667 0.020000 2600.000000 0.098791 -0.093141 
1.666667 1.458333 0.020000 2600.000000 -0.006506 -0.069421 
1.666667 1.500000 0.020000 2600.000000 -0.005266 -0.001825 
1.666667 1.541667 0.020000 2600.000000 -0.092927 0.026298 
1.666667 1.583333 0.020000 2600.000000 0.030840 0.007516 
1.666667 1.625000 0.020000 2600.000000 -0.182519 -0.085102 
1.666667 1.666667 0.020000 2600.000000 0.057048 0.036396 
1.666667 1.708333 0.020000 2600.000000 0.044357 0.125910 
1.708333 0.500000 0.020000 2600.000000 -0.104198 0.093075 
1.708333 0.541667 0.020000 2600.000000 -0.084658 -0.009957 
1.708333 0.583333 0.020000 2600.000000 -0.102677 -0.001722 
1.708333 0.625000 0.020000 2600.000000 0.075647 -0.060995 
1.708333 0.666667 0.020000 2600.000000 0.036675 0.027211 
1.708333 0.708333 0.020000 2600.000000 -0.229314 0.033404 
1.708333 0.750000 0.020000 2600.000000 0.020009 0.039564 
1.708333 0.791667 0.020000 2600.000000 -0.157470 -0.107770 
1.708333 0.833333 0.020000 2600.000000 0.041358 -0.122106 
1.708333 0.875000 0.020000 2600.000000 -0.036190 -0.069412 
1.708333 0.916667 0.020000 2600.000000 0.142279 0.034738 
1.708333 0.958333 0.020000 2600.000000 0.099516 0.047903 
1.708333 1.000000 0.020000 2600.000000 -0.111829 -0.002494 
1.708333 1.041667 0.020000 2600.000000 0.214035 0.086149 
1.708333 1.083333 0.020000 2600.000000 0.010572 -0.200480 
1.708333 1.125000 0.020000 2600.000000 0.022333 0.118029 
1.708333 1.166667 0.020000 2600.000000 -0.046913 -0.056080 
1.708333 1.208333 0.020000 2600.000000 0.025719 0.059934 
1.708333 1.250000 0.020000 2600.000000 -0.040040 -0.060708 
1.708333 1.291667 0.020000 2600.000000 0.092126 -0.089769 
1.708333 1.333333 0.020000 2600.000000 0.034090 -0.021402 
1.708333 1.375000 0.020000 2600.000000 -0.049707 0.132452 
1.708333 1.416667 0.020000 2600.000000 -0.118789 -0.286388 
1.708333 1.458333 0.020000 2600.000000 0.139294 -0.112857 
1.708333 1.500000 0.020000 2600.000000 0.052609 -0.141449 
1.708333 1.541667 0.020000 2600.000000 -0.012319 -0.087967 
1.708333 1.583333 0.020000 2600.000000 0.034404 0.112381 
1.708333 1.625000 0.020000 2600.000000 0.078213 -0.034218 
1.708333 1.666667 0.020000 2600.000000 -0.003517 -0.168145 
1.708333 1.708333 0.020000 2600.000000 0.039949 0.025617 
