 VARIABLES= X1,X2,Y1,Y2,R,ID,RK
ZONE T="    2" 
SOLUTIONTIME=     0.00100000,STRANDID=   1
  0.29999889E+00  0.35001002E+00 -0.55500000E-03 -0.47973000E-02  0.20000000E-01    1    0
  0.29998820E+00  0.39479462E+00 -0.59010000E-02 -0.11249630E+00  0.20000000E-01    2    0
  0.29991006E+00  0.44000181E+00 -0.44969000E-01 -0.89023000E-02  0.20000000E-01    3    0
  0.29986178E+00  0.48475961E+00 -0.69111000E-01 -0.13000230E+00  0.20000000E-01    4    0
  0.34514413E+00  0.35022438E+00  0.72063000E-01  0.10238370E+00  0.20000000E-01    5    0
  0.34506806E+00  0.39482342E+00  0.34031000E-01 -0.98094300E-01  0.20000000E-01    6    0
  0.34516915E+00  0.43984943E+00  0.84577000E-01 -0.85089300E-01  0.20000000E-01    7    0
  0.34493263E+00  0.48490058E+00 -0.33686000E-01 -0.59518300E-01  0.20000000E-01    8    0
  0.38989307E+00  0.34998777E+00 -0.53463000E-01 -0.15919300E-01  0.20000000E-01    9    0
  0.38996086E+00  0.39525411E+00 -0.19571000E-01  0.11724870E+00  0.20000000E-01   10    0
  0.39015969E+00  0.44022254E+00  0.79845000E-01  0.10146470E+00  0.20000000E-01   11    0
  0.38984460E+00  0.48486790E+00 -0.77701000E-01 -0.75855300E-01  0.20000000E-01   12    0
  0.43500916E+00  0.35012590E+00  0.45790000E-02  0.53141700E-01  0.20000000E-01   13    0
  0.43526727E+00  0.39565378E+00  0.13363500E+00  0.31708370E+00  0.20000000E-01   14    0
  0.43465282E+00  0.44008663E+00 -0.17359100E+00  0.33509700E-01  0.20000000E-01   15    0
  0.43476353E+00  0.48482185E+00 -0.11823400E+00 -0.98880300E-01  0.20000000E-01   16    0
  0.47994820E+00  0.35038834E+00 -0.25901000E-01  0.18436570E+00  0.20000000E-01   17    0
  0.48013698E+00  0.39480538E+00  0.68492000E-01 -0.10711730E+00  0.20000000E-01   18    0
  0.47985902E+00  0.43992976E+00 -0.70489000E-01 -0.44925300E-01  0.20000000E-01   19    0
  0.48017335E+00  0.48504485E+00  0.86676000E-01  0.12620700E-01  0.20000000E-01   20    0
 VARIABLES= X1,X2,Y1,Y2,R,ID,RK
ZONE T="    4" 
SOLUTIONTIME=     0.00300000,STRANDID=   1
  0.29999778E+00  0.34998081E+00 -0.55500000E-03 -0.24410600E-01  0.20000000E-01    1    0
  0.29997640E+00  0.39455001E+00 -0.59010000E-02 -0.13210960E+00  0.20000000E-01    2    0
  0.29982012E+00  0.43996439E+00 -0.44969000E-01 -0.28515600E-01  0.20000000E-01    3    0
  0.29972356E+00  0.48447999E+00 -0.69111000E-01 -0.14961560E+00  0.20000000E-01    4    0
  0.34528825E+00  0.35040953E+00  0.72063000E-01  0.82770400E-01  0.20000000E-01    5    0
  0.34513612E+00  0.39460762E+00  0.34031000E-01 -0.11770760E+00  0.20000000E-01    6    0
  0.34533831E+00  0.43965964E+00  0.84577000E-01 -0.10470260E+00  0.20000000E-01    7    0
  0.34486526E+00  0.48476193E+00 -0.33686000E-01 -0.79131600E-01  0.20000000E-01    8    0
  0.38978615E+00  0.34993632E+00 -0.53463000E-01 -0.35532600E-01  0.20000000E-01    9    0
  0.38992172E+00  0.39546899E+00 -0.19571000E-01  0.97635400E-01  0.20000000E-01   10    0
  0.39031938E+00  0.44040586E+00  0.79845000E-01  0.81851400E-01  0.20000000E-01   11    0
  0.38968920E+00  0.48469658E+00 -0.77701000E-01 -0.95468600E-01  0.20000000E-01   12    0
  0.43501832E+00  0.35021257E+00  0.45790000E-02  0.33528400E-01  0.20000000E-01   13    0
  0.43553454E+00  0.39626833E+00  0.13363500E+00  0.29747040E+00  0.20000000E-01   14    0
  0.43430564E+00  0.44013404E+00 -0.17359100E+00  0.13896400E-01  0.20000000E-01   15    0
  0.43452706E+00  0.48460448E+00 -0.11823400E+00 -0.11849360E+00  0.20000000E-01   16    0
  0.47989640E+00  0.35073746E+00 -0.25901000E-01  0.16475240E+00  0.20000000E-01   17    0
  0.48027397E+00  0.39457153E+00  0.68492000E-01 -0.12673060E+00  0.20000000E-01   18    0
  0.47971804E+00  0.43982030E+00 -0.70489000E-01 -0.64538600E-01  0.20000000E-01   19    0
  0.48034670E+00  0.48505048E+00  0.86676000E-01 -0.69926000E-02  0.20000000E-01   20    0
 VARIABLES= X1,X2,Y1,Y2,R,ID,RK
ZONE T="    6" 
SOLUTIONTIME=     0.00500000,STRANDID=   1
  0.29999667E+00  0.34991238E+00 -0.55500000E-03 -0.44023900E-01  0.20000000E-01    1    0
  0.29996459E+00  0.39426618E+00 -0.59010000E-02 -0.15172290E+00  0.20000000E-01    2    0
  0.29973019E+00  0.43988775E+00 -0.44969000E-01 -0.48128900E-01  0.20000000E-01    3    0
  0.29958533E+00  0.48416115E+00 -0.69111000E-01 -0.16922890E+00  0.20000000E-01    4    0
  0.34543238E+00  0.35055546E+00  0.72063000E-01  0.63157100E-01  0.20000000E-01    5    0
  0.34520419E+00  0.39435259E+00  0.34031000E-01 -0.13732090E+00  0.20000000E-01    6    0
  0.34550746E+00  0.43943062E+00  0.84577000E-01 -0.12431590E+00  0.20000000E-01    7    0
  0.34479788E+00  0.48458405E+00 -0.33686000E-01 -0.98744900E-01  0.20000000E-01    8    0
  0.38967922E+00  0.34984564E+00 -0.53463000E-01 -0.55145900E-01  0.20000000E-01    9    0
  0.38988257E+00  0.39564465E+00 -0.19571000E-01  0.78022100E-01  0.20000000E-01   10    0
  0.39047907E+00  0.44054995E+00  0.79845000E-01  0.62238100E-01  0.20000000E-01   11    0
  0.38953379E+00  0.48448603E+00 -0.77701000E-01 -0.11508190E+00  0.20000000E-01   12    0
  0.43502747E+00  0.35026001E+00  0.45790000E-02  0.13915100E-01  0.20000000E-01   13    0
  0.43580181E+00  0.39684366E+00  0.13363500E+00  0.27785710E+00  0.20000000E-01   14    0
  0.43395845E+00  0.44014222E+00 -0.17359100E+00 -0.57169000E-02  0.20000000E-01   15    0
  0.43429060E+00  0.48434788E+00 -0.11823400E+00 -0.13810690E+00  0.20000000E-01   16    0
  0.47984459E+00  0.35104735E+00 -0.25901000E-01  0.14513910E+00  0.20000000E-01   17    0
  0.48041095E+00  0.39429846E+00  0.68492000E-01 -0.14634390E+00  0.20000000E-01   18    0
  0.47957707E+00  0.43967161E+00 -0.70489000E-01 -0.84151900E-01  0.20000000E-01   19    0
  0.48052006E+00  0.48501688E+00  0.86676000E-01 -0.26605900E-01  0.20000000E-01   20    0
 VARIABLES= X1,X2,Y1,Y2,R,ID,RK
ZONE T="    8" 
SOLUTIONTIME=     0.00700000,STRANDID=   1
  0.29999556E+00  0.34980472E+00 -0.55500000E-03 -0.63637200E-01  0.20000000E-01    1    0
  0.29995279E+00  0.39394312E+00 -0.59010000E-02 -0.17133620E+00  0.20000000E-01    2    0
  0.29964025E+00  0.43977188E+00 -0.44969000E-01 -0.67742200E-01  0.20000000E-01    3    0
  0.29944711E+00  0.48380308E+00 -0.69111000E-01 -0.18884220E+00  0.20000000E-01    4    0
  0.34557650E+00  0.35066216E+00  0.72063000E-01  0.43543800E-01  0.20000000E-01    5    0
  0.34527225E+00  0.39405834E+00  0.34031000E-01 -0.15693420E+00  0.20000000E-01    6    0
  0.34567662E+00  0.43916238E+00  0.84577000E-01 -0.14392920E+00  0.20000000E-01    7    0
  0.34473051E+00  0.48436695E+00 -0.33686000E-01 -0.11835820E+00  0.20000000E-01    8    0
  0.38957230E+00  0.34971574E+00 -0.53463000E-01 -0.74759200E-01  0.20000000E-01    9    0
  0.38984343E+00  0.39578108E+00 -0.19571000E-01  0.58408800E-01  0.20000000E-01   10    0
  0.39063876E+00  0.44065481E+00  0.79845000E-01  0.42624800E-01  0.20000000E-01   11    0
  0.38937839E+00  0.48423625E+00 -0.77701000E-01 -0.13469520E+00  0.20000000E-01   12    0
  0.43503663E+00  0.35026823E+00  0.45790000E-02 -0.56982000E-02  0.20000000E-01   13    0
  0.43606908E+00  0.39737976E+00  0.13363500E+00  0.25824380E+00  0.20000000E-01   14    0
  0.43361127E+00  0.44011117E+00 -0.17359100E+00 -0.25330200E-01  0.20000000E-01   15    0
  0.43405413E+00  0.48405205E+00 -0.11823400E+00 -0.15772020E+00  0.20000000E-01   16    0
  0.47979279E+00  0.35131802E+00 -0.25901000E-01  0.12552580E+00  0.20000000E-01   17    0
  0.48054794E+00  0.39398616E+00  0.68492000E-01 -0.16595720E+00  0.20000000E-01   18    0
  0.47943609E+00  0.43948369E+00 -0.70489000E-01 -0.10376520E+00  0.20000000E-01   19    0
  0.48069341E+00  0.48494406E+00  0.86676000E-01 -0.46219200E-01  0.20000000E-01   20    0
 VARIABLES= X1,X2,Y1,Y2,R,ID,RK
ZONE T="   10" 
SOLUTIONTIME=     0.00900000,STRANDID=   1
  0.29999445E+00  0.34965783E+00 -0.55500000E-03 -0.83250500E-01  0.20000000E-01    1    0
  0.29994099E+00  0.39358084E+00 -0.59010000E-02 -0.19094950E+00  0.20000000E-01    2    0
  0.29955031E+00  0.43961678E+00 -0.44969000E-01 -0.87355500E-01  0.20000000E-01    3    0
  0.29930889E+00  0.48340578E+00 -0.69111000E-01 -0.20845550E+00  0.20000000E-01    4    0
  0.34572063E+00  0.35072964E+00  0.72063000E-01  0.23930500E-01  0.20000000E-01    5    0
  0.34534031E+00  0.39372486E+00  0.34031000E-01 -0.17654750E+00  0.20000000E-01    6    0
  0.34584577E+00  0.43885491E+00  0.84577000E-01 -0.16354250E+00  0.20000000E-01    7    0
  0.34466314E+00  0.48411062E+00 -0.33686000E-01 -0.13797150E+00  0.20000000E-01    8    0
  0.38946537E+00  0.34954661E+00 -0.53463000E-01 -0.94372500E-01  0.20000000E-01    9    0
  0.38980429E+00  0.39587829E+00 -0.19571000E-01  0.38795500E-01  0.20000000E-01   10    0
  0.39079845E+00  0.44072045E+00  0.79845000E-01  0.23011500E-01  0.20000000E-01   11    0
  0.38922299E+00  0.48394725E+00 -0.77701000E-01 -0.15430850E+00  0.20000000E-01   12    0
  0.43504579E+00  0.35023722E+00  0.45790000E-02 -0.25311500E-01  0.20000000E-01   13    0
  0.43633635E+00  0.39787664E+00  0.13363500E+00  0.23863050E+00  0.20000000E-01   14    0
  0.43326409E+00  0.44004090E+00 -0.17359100E+00 -0.44943500E-01  0.20000000E-01   15    0
  0.43381766E+00  0.48371700E+00 -0.11823400E+00 -0.17733350E+00  0.20000000E-01   16    0
  0.47974099E+00  0.35154946E+00 -0.25901000E-01  0.10591250E+00  0.20000000E-01   17    0
  0.48068492E+00  0.39363463E+00  0.68492000E-01 -0.18557050E+00  0.20000000E-01   18    0
  0.47929511E+00  0.43925655E+00 -0.70489000E-01 -0.12337850E+00  0.20000000E-01   19    0
  0.48086676E+00  0.48483201E+00  0.86676000E-01 -0.65832500E-01  0.20000000E-01   20    0
 VARIABLES= X1,X2,Y1,Y2,R,ID,RK
ZONE T="   12" 
SOLUTIONTIME=     0.01100000,STRANDID=   1
  0.29999334E+00  0.34947171E+00 -0.55500000E-03 -0.10286380E+00  0.20000000E-01    1    0
  0.29992919E+00  0.39317933E+00 -0.59010000E-02 -0.21056280E+00  0.20000000E-01    2    0
  0.29946037E+00  0.43942245E+00 -0.44969000E-01 -0.10696880E+00  0.20000000E-01    3    0
  0.29917067E+00  0.48296925E+00 -0.69111000E-01 -0.22806880E+00  0.20000000E-01    4    0
  0.34586476E+00  0.35075789E+00  0.72063000E-01  0.43172000E-02  0.20000000E-01    5    0
  0.34540837E+00  0.39335215E+00  0.34031000E-01 -0.19616080E+00  0.20000000E-01    6    0
  0.34601492E+00  0.43850821E+00  0.84577000E-01 -0.18315580E+00  0.20000000E-01    7    0
  0.34459577E+00  0.48381506E+00 -0.33686000E-01 -0.15758480E+00  0.20000000E-01    8    0
  0.38935844E+00  0.34933825E+00 -0.53463000E-01 -0.11398580E+00  0.20000000E-01    9    0
  0.38976515E+00  0.39593627E+00 -0.19571000E-01  0.19182200E-01  0.20000000E-01   10    0
  0.39095814E+00  0.44074686E+00  0.79845000E-01  0.33982000E-02  0.20000000E-01   11    0
  0.38906759E+00  0.48361902E+00 -0.77701000E-01 -0.17392180E+00  0.20000000E-01   12    0
  0.43505495E+00  0.35016698E+00  0.45790000E-02 -0.44924800E-01  0.20000000E-01   13    0
  0.43660362E+00  0.39833429E+00  0.13363500E+00  0.21901720E+00  0.20000000E-01   14    0
  0.43291691E+00  0.43993140E+00 -0.17359100E+00 -0.64556800E-01  0.20000000E-01   15    0
  0.43358119E+00  0.48334272E+00 -0.11823400E+00 -0.19694680E+00  0.20000000E-01   16    0
  0.47968919E+00  0.35174167E+00 -0.25901000E-01  0.86299200E-01  0.20000000E-01   17    0
  0.48082190E+00  0.39324387E+00  0.68492000E-01 -0.20518380E+00  0.20000000E-01   18    0
  0.47915413E+00  0.43899018E+00 -0.70489000E-01 -0.14299180E+00  0.20000000E-01   19    0
  0.48104011E+00  0.48468073E+00  0.86676000E-01 -0.85445800E-01  0.20000000E-01   20    0
 VARIABLES= X1,X2,Y1,Y2,R,ID,RK
ZONE T="    2" 
SOLUTIONTIME=     0.00100000,STRANDID=   2
  0.52451986E+00  0.34984759E+00 -0.24007000E+00 -0.86011300E-01  0.20000000E-01   21    1
  0.52508801E+00  0.39522696E+00  0.44003000E-01  0.10367570E+00  0.20000000E-01   22    1
  0.52519574E+00  0.43981200E+00  0.97868000E-01 -0.10380730E+00  0.20000000E-01   23    1
  0.52484129E+00  0.48475193E+00 -0.79353000E-01 -0.13383930E+00  0.20000000E-01   24    1
  0.56994999E+00  0.34961940E+00 -0.25004000E-01 -0.20010430E+00  0.20000000E-01   25    1
  0.57012373E+00  0.39497738E+00  0.61864000E-01 -0.21115300E-01  0.20000000E-01   26    1
  0.57029153E+00  0.44024112E+00  0.14576600E+00  0.11075170E+00  0.20000000E-01   27    1
  0.56991006E+00  0.48484566E+00 -0.44968000E-01 -0.86975300E-01  0.20000000E-01   28    1
  0.61496580E+00  0.34971874E+00 -0.17101000E-01 -0.15043830E+00  0.20000000E-01   29    1
  0.61500074E+00  0.39481725E+00  0.37200000E-03 -0.10118130E+00  0.20000000E-01   30    1
  0.61515650E+00  0.43983370E+00  0.78252000E-01 -0.92958300E-01  0.20000000E-01   31    1
  0.61492685E+00  0.48505297E+00 -0.36575000E-01  0.16677700E-01  0.20000000E-01   32    1
  0.65989810E+00  0.35011265E+00 -0.50949000E-01  0.46518700E-01  0.20000000E-01   33    1
  0.65971338E+00  0.39503952E+00 -0.14330800E+00  0.99537000E-02  0.20000000E-01   34    1
  0.65990683E+00  0.44010366E+00 -0.46584000E-01  0.42024700E-01  0.20000000E-01   35    1
  0.65982738E+00  0.48497911E+00 -0.86312000E-01 -0.20252300E-01  0.20000000E-01   36    1
  0.70503171E+00  0.34985935E+00  0.15855000E-01 -0.80132300E-01  0.20000000E-01   37    1
  0.70509431E+00  0.39500263E+00  0.47155000E-01 -0.84903000E-02  0.20000000E-01   38    1
  0.70516397E+00  0.43997905E+00  0.81983000E-01 -0.20281300E-01  0.20000000E-01   39    1
  0.70474998E+00  0.48497911E+00 -0.12500900E+00 -0.20251300E-01  0.20000000E-01   40    1
 VARIABLES= X1,X2,Y1,Y2,R,ID,RK
ZONE T="    4" 
SOLUTIONTIME=     0.00300000,STRANDID=   2
  0.52403972E+00  0.34965595E+00 -0.24007000E+00 -0.10562460E+00  0.20000000E-01   21    1
  0.52517601E+00  0.39541470E+00  0.44003000E-01  0.84062400E-01  0.20000000E-01   22    1
  0.52539147E+00  0.43958477E+00  0.97868000E-01 -0.12342060E+00  0.20000000E-01   23    1
  0.52468259E+00  0.48446464E+00 -0.79353000E-01 -0.15345260E+00  0.20000000E-01   24    1
  0.56989998E+00  0.34919958E+00 -0.25004000E-01 -0.21971760E+00  0.20000000E-01   25    1
  0.57024746E+00  0.39491554E+00  0.61864000E-01 -0.40728600E-01  0.20000000E-01   26    1
  0.57058306E+00  0.44044301E+00  0.14576600E+00  0.91138400E-01  0.20000000E-01   27    1
  0.56982013E+00  0.48465210E+00 -0.44968000E-01 -0.10658860E+00  0.20000000E-01   28    1
  0.61493160E+00  0.34939825E+00 -0.17101000E-01 -0.17005160E+00  0.20000000E-01   29    1
  0.61500149E+00  0.39459527E+00  0.37200000E-03 -0.12079460E+00  0.20000000E-01   30    1
  0.61531301E+00  0.43962817E+00  0.78252000E-01 -0.11257160E+00  0.20000000E-01   31    1
  0.61485370E+00  0.48506671E+00 -0.36575000E-01 -0.29356000E-02  0.20000000E-01   32    1
  0.65979620E+00  0.35018607E+00 -0.50949000E-01  0.26905400E-01  0.20000000E-01   33    1
  0.65942677E+00  0.39503981E+00 -0.14330800E+00 -0.96596000E-02  0.20000000E-01   34    1
  0.65981366E+00  0.44016810E+00 -0.46584000E-01  0.22411400E-01  0.20000000E-01   35    1
  0.65965475E+00  0.48491899E+00 -0.86312000E-01 -0.39865600E-01  0.20000000E-01   36    1
  0.70506342E+00  0.34967947E+00  0.15855000E-01 -0.99745600E-01  0.20000000E-01   37    1
  0.70518862E+00  0.39496604E+00  0.47155000E-01 -0.28103600E-01  0.20000000E-01   38    1
  0.70532793E+00  0.43991887E+00  0.81983000E-01 -0.39894600E-01  0.20000000E-01   39    1
  0.70449996E+00  0.48491899E+00 -0.12500900E+00 -0.39864600E-01  0.20000000E-01   40    1
 VARIABLES= X1,X2,Y1,Y2,R,ID,RK
ZONE T="    6" 
SOLUTIONTIME=     0.00500000,STRANDID=   2
  0.52355958E+00  0.34942509E+00 -0.24007000E+00 -0.12523790E+00  0.20000000E-01   21    1
  0.52526402E+00  0.39556321E+00  0.44003000E-01  0.64449100E-01  0.20000000E-01   22    1
  0.52558721E+00  0.43931832E+00  0.97868000E-01 -0.14303390E+00  0.20000000E-01   23    1
  0.52452388E+00  0.48413812E+00 -0.79353000E-01 -0.17306590E+00  0.20000000E-01   24    1
  0.56984998E+00  0.34874053E+00 -0.25004000E-01 -0.23933090E+00  0.20000000E-01   25    1
  0.57037118E+00  0.39481447E+00  0.61864000E-01 -0.60341900E-01  0.20000000E-01   26    1
  0.57087460E+00  0.44060567E+00  0.14576600E+00  0.71525100E-01  0.20000000E-01   27    1
  0.56973019E+00  0.48441931E+00 -0.44968000E-01 -0.12620190E+00  0.20000000E-01   28    1
  0.61489739E+00  0.34903853E+00 -0.17101000E-01 -0.18966490E+00  0.20000000E-01   29    1
  0.61500223E+00  0.39433407E+00  0.37200000E-03 -0.14040790E+00  0.20000000E-01   30    1
  0.61546951E+00  0.43938341E+00  0.78252000E-01 -0.13218490E+00  0.20000000E-01   31    1
  0.61478055E+00  0.48504123E+00 -0.36575000E-01 -0.22548900E-01  0.20000000E-01   32    1
  0.65969431E+00  0.35022027E+00 -0.50949000E-01  0.72921000E-02  0.20000000E-01   33    1
  0.65914015E+00  0.39500088E+00 -0.14330800E+00 -0.29272900E-01  0.20000000E-01   34    1
  0.65972050E+00  0.44019331E+00 -0.46584000E-01  0.27981000E-02  0.20000000E-01   35    1
  0.65948213E+00  0.48481965E+00 -0.86312000E-01 -0.59478900E-01  0.20000000E-01   36    1
  0.70509513E+00  0.34946037E+00  0.15855000E-01 -0.11935890E+00  0.20000000E-01   37    1
  0.70528293E+00  0.39489022E+00  0.47155000E-01 -0.47716900E-01  0.20000000E-01   38    1
  0.70549190E+00  0.43981947E+00  0.81983000E-01 -0.59507900E-01  0.20000000E-01   39    1
  0.70424995E+00  0.48481965E+00 -0.12500900E+00 -0.59477900E-01  0.20000000E-01   40    1
 VARIABLES= X1,X2,Y1,Y2,R,ID,RK
ZONE T="    8" 
SOLUTIONTIME=     0.00700000,STRANDID=   2
  0.52307944E+00  0.34915500E+00 -0.24007000E+00 -0.14485120E+00  0.20000000E-01   21    1
  0.52535202E+00  0.39567250E+00  0.44003000E-01  0.44835800E-01  0.20000000E-01   22    1
  0.52578294E+00  0.43901264E+00  0.97868000E-01 -0.16264720E+00  0.20000000E-01   23    1
  0.52436518E+00  0.48377238E+00 -0.79353000E-01 -0.19267920E+00  0.20000000E-01   24    1
  0.56979997E+00  0.34824226E+00 -0.25004000E-01 -0.25894420E+00  0.20000000E-01   25    1
  0.57049491E+00  0.39467417E+00  0.61864000E-01 -0.79955200E-01  0.20000000E-01   26    1
  0.57116613E+00  0.44072911E+00  0.14576600E+00  0.51911800E-01  0.20000000E-01   27    1
  0.56964026E+00  0.48414729E+00 -0.44968000E-01 -0.14581520E+00  0.20000000E-01   28    1
  0.61486319E+00  0.34863959E+00 -0.17101000E-01 -0.20927820E+00  0.20000000E-01   29    1
  0.61500298E+00  0.39403364E+00  0.37200000E-03 -0.16002120E+00  0.20000000E-01   30    1
  0.61562602E+00  0.43909943E+00  0.78252000E-01 -0.15179820E+00  0.20000000E-01   31    1
  0.61470740E+00  0.48497652E+00 -0.36575000E-01 -0.42162200E-01  0.20000000E-01   32    1
  0.65959241E+00  0.35021524E+00 -0.50949000E-01 -0.12321200E-01  0.20000000E-01   33    1
  0.65885354E+00  0.39492272E+00 -0.14330800E+00 -0.48886200E-01  0.20000000E-01   34    1
  0.65962733E+00  0.44017929E+00 -0.46584000E-01 -0.16815200E-01  0.20000000E-01   35    1
  0.65930950E+00  0.48468108E+00 -0.86312000E-01 -0.79092200E-01  0.20000000E-01   36    1
  0.70512684E+00  0.34920204E+00  0.15855000E-01 -0.13897220E+00  0.20000000E-01   37    1
  0.70537724E+00  0.39477517E+00  0.47155000E-01 -0.67330200E-01  0.20000000E-01   38    1
  0.70565586E+00  0.43968084E+00  0.81983000E-01 -0.79121200E-01  0.20000000E-01   39    1
  0.70399993E+00  0.48468108E+00 -0.12500900E+00 -0.79091200E-01  0.20000000E-01   40    1
 VARIABLES= X1,X2,Y1,Y2,R,ID,RK
ZONE T="   10" 
SOLUTIONTIME=     0.00900000,STRANDID=   2
  0.52259930E+00  0.34884569E+00 -0.24007000E+00 -0.16446450E+00  0.20000000E-01   21    1
  0.52544003E+00  0.39574256E+00  0.44003000E-01  0.25222500E-01  0.20000000E-01   22    1
  0.52597868E+00  0.43866773E+00  0.97868000E-01 -0.18226050E+00  0.20000000E-01   23    1
  0.52420647E+00  0.48336741E+00 -0.79353000E-01 -0.21229250E+00  0.20000000E-01   24    1
  0.56974996E+00  0.34770476E+00 -0.25004000E-01 -0.27855750E+00  0.20000000E-01   25    1
  0.57061864E+00  0.39449465E+00  0.61864000E-01 -0.99568500E-01  0.20000000E-01   26    1
  0.57145766E+00  0.44081332E+00  0.14576600E+00  0.32298500E-01  0.20000000E-01   27    1
  0.56955032E+00  0.48383605E+00 -0.44968000E-01 -0.16542850E+00  0.20000000E-01   28    1
  0.61482899E+00  0.34820142E+00 -0.17101000E-01 -0.22889150E+00  0.20000000E-01   29    1
  0.61500372E+00  0.39369399E+00  0.37200000E-03 -0.17963450E+00  0.20000000E-01   30    1
  0.61578252E+00  0.43877622E+00  0.78252000E-01 -0.17141150E+00  0.20000000E-01   31    1
  0.61463425E+00  0.48487258E+00 -0.36575000E-01 -0.61775500E-01  0.20000000E-01   32    1
  0.65949051E+00  0.35017099E+00 -0.50949000E-01 -0.31934500E-01  0.20000000E-01   33    1
  0.65856692E+00  0.39480534E+00 -0.14330800E+00 -0.68499500E-01  0.20000000E-01   34    1
  0.65953416E+00  0.44012605E+00 -0.46584000E-01 -0.36428500E-01  0.20000000E-01   35    1
  0.65913688E+00  0.48450328E+00 -0.86312000E-01 -0.98705500E-01  0.20000000E-01   36    1
  0.70515855E+00  0.34890448E+00  0.15855000E-01 -0.15858550E+00  0.20000000E-01   37    1
  0.70547155E+00  0.39462090E+00  0.47155000E-01 -0.86943500E-01  0.20000000E-01   38    1
  0.70581983E+00  0.43950299E+00  0.81983000E-01 -0.98734500E-01  0.20000000E-01   39    1
  0.70374991E+00  0.48450329E+00 -0.12500900E+00 -0.98704500E-01  0.20000000E-01   40    1
 VARIABLES= X1,X2,Y1,Y2,R,ID,RK
ZONE T="   12" 
SOLUTIONTIME=     0.01100000,STRANDID=   2
  0.52211916E+00  0.34849715E+00 -0.24007000E+00 -0.18407780E+00  0.20000000E-01   21    1
  0.52552804E+00  0.39577339E+00  0.44003000E-01  0.56092000E-02  0.20000000E-01   22    1
  0.52617442E+00  0.43828359E+00  0.97868000E-01 -0.20187380E+00  0.20000000E-01   23    1
  0.52404776E+00  0.48292321E+00 -0.79353000E-01 -0.23190580E+00  0.20000000E-01   24    1
  0.56969995E+00  0.34712803E+00 -0.25004000E-01 -0.29817080E+00  0.20000000E-01   25    1
  0.57074237E+00  0.39427590E+00  0.61864000E-01 -0.11918180E+00  0.20000000E-01   26    1
  0.57174919E+00  0.44085830E+00  0.14576600E+00  0.12685200E-01  0.20000000E-01   27    1
  0.56946038E+00  0.48348558E+00 -0.44968000E-01 -0.18504180E+00  0.20000000E-01   28    1
  0.61479479E+00  0.34772402E+00 -0.17101000E-01 -0.24850480E+00  0.20000000E-01   29    1
  0.61500446E+00  0.39331511E+00  0.37200000E-03 -0.19924780E+00  0.20000000E-01   30    1
  0.61593902E+00  0.43841378E+00  0.78252000E-01 -0.19102480E+00  0.20000000E-01   31    1
  0.61456110E+00  0.48472941E+00 -0.36575000E-01 -0.81388800E-01  0.20000000E-01   32    1
  0.65938861E+00  0.35008751E+00 -0.50949000E-01 -0.51547800E-01  0.20000000E-01   33    1
  0.65828030E+00  0.39464873E+00 -0.14330800E+00 -0.88112800E-01  0.20000000E-01   34    1
  0.65944099E+00  0.44003358E+00 -0.46584000E-01 -0.56041800E-01  0.20000000E-01   35    1
  0.65896426E+00  0.48428625E+00 -0.86312000E-01 -0.11831880E+00  0.20000000E-01   36    1
  0.70519026E+00  0.34856769E+00  0.15855000E-01 -0.17819880E+00  0.20000000E-01   37    1
  0.70556586E+00  0.39442740E+00  0.47155000E-01 -0.10655680E+00  0.20000000E-01   38    1
  0.70598380E+00  0.43928591E+00  0.81983000E-01 -0.11834780E+00  0.20000000E-01   39    1
  0.70349989E+00  0.48428627E+00 -0.12500900E+00 -0.11831780E+00  0.20000000E-01   40    1
 VARIABLES= X1,X2,Y1,Y2,R,ID,RK
ZONE T="    2" 
SOLUTIONTIME=     0.00100000,STRANDID=   3
  0.29973912E+00  0.53003843E+00 -0.13043800E+00  0.94077000E-02  0.20000000E-01   41    2
  0.29950739E+00  0.57481419E+00 -0.24630500E+00 -0.10271030E+00  0.20000000E-01   42    2
  0.30021449E+00  0.62021100E+00  0.10724600E+00  0.95692700E-01  0.20000000E-01   43    2
  0.30017275E+00  0.66529320E+00  0.86373000E-01  0.13679370E+00  0.20000000E-01   44    2
  0.29985515E+00  0.70998466E+00 -0.72427000E-01 -0.17475300E-01  0.20000000E-01   45    2
  0.30014206E+00  0.75501269E+00  0.71028000E-01 -0.34623000E-02  0.20000000E-01   46    2
  0.34532805E+00  0.52987716E+00  0.16402600E+00 -0.71225300E-01  0.20000000E-01   47    2
  0.34551407E+00  0.57526913E+00  0.25703400E+00  0.12475770E+00  0.20000000E-01   48    2
  0.34506813E+00  0.61997255E+00  0.34063000E-01 -0.23532300E-01  0.20000000E-01   49    2
  0.34519309E+00  0.66487403E+00  0.96546000E-01 -0.72790300E-01  0.20000000E-01   50    2
  0.34513594E+00  0.71024953E+00  0.67971000E-01  0.11495770E+00  0.20000000E-01   51    2
  0.34520022E+00  0.75515793E+00  0.10011200E+00  0.69156700E-01  0.20000000E-01   52    2
  0.39015122E+00  0.53008428E+00  0.75611000E-01  0.32333700E-01  0.20000000E-01   53    2
  0.39001443E+00  0.57489632E+00  0.72170000E-02 -0.61648300E-01  0.20000000E-01   54    2
  0.38981300E+00  0.62009826E+00 -0.93502000E-01  0.39322700E-01  0.20000000E-01   55    2
  0.39004974E+00  0.66509313E+00  0.24869000E-01  0.36760700E-01  0.20000000E-01   56    2
  0.39011913E+00  0.71013540E+00  0.59564000E-01  0.57894700E-01  0.20000000E-01   57    2
  0.38966437E+00  0.75498465E+00 -0.16781600E+00 -0.17480300E-01  0.20000000E-01   58    2
  0.43495513E+00  0.53041520E+00 -0.22433000E-01  0.19779570E+00  0.20000000E-01   59    2
  0.43502381E+00  0.57462264E+00  0.11905000E-01 -0.19848630E+00  0.20000000E-01   60    2
  0.43491126E+00  0.61995805E+00 -0.44371000E-01 -0.30783300E-01  0.20000000E-01   61    2
  0.43520548E+00  0.66492046E+00  0.10274100E+00 -0.49577300E-01  0.20000000E-01   62    2
  0.43527368E+00  0.70992854E+00  0.13684000E+00 -0.45536300E-01  0.20000000E-01   63    2
  0.43495035E+00  0.75481665E+00 -0.24825000E-01 -0.10148030E+00  0.20000000E-01   64    2
  0.48026569E+00  0.52987370E+00  0.13284500E+00 -0.72956300E-01  0.20000000E-01   65    2
  0.48002960E+00  0.57477067E+00  0.14799000E-01 -0.12447230E+00  0.20000000E-01   66    2
  0.48038338E+00  0.61968978E+00  0.19168900E+00 -0.16491730E+00  0.20000000E-01   67    2
  0.48000127E+00  0.66485895E+00  0.63300000E-03 -0.80332300E-01  0.20000000E-01   68    2
  0.47993457E+00  0.71015133E+00 -0.32714000E-01  0.65857700E-01  0.20000000E-01   69    2
  0.47973021E+00  0.75496267E+00 -0.13489400E+00 -0.28472300E-01  0.20000000E-01   70    2
 VARIABLES= X1,X2,Y1,Y2,R,ID,RK
ZONE T="    4" 
SOLUTIONTIME=     0.00300000,STRANDID=   3
  0.29947825E+00  0.53003763E+00 -0.13043800E+00 -0.10205600E-01  0.20000000E-01   41    2
  0.29901478E+00  0.57458916E+00 -0.24630500E+00 -0.12232360E+00  0.20000000E-01   42    2
  0.30042898E+00  0.62038277E+00  0.10724600E+00  0.76079400E-01  0.20000000E-01   43    2
  0.30034549E+00  0.66554717E+00  0.86373000E-01  0.11718040E+00  0.20000000E-01   44    2
  0.29971029E+00  0.70993010E+00 -0.72427000E-01 -0.37088600E-01  0.20000000E-01   45    2
  0.30028411E+00  0.75498615E+00  0.71028000E-01 -0.23075600E-01  0.20000000E-01   46    2
  0.34565610E+00  0.52971510E+00  0.16402600E+00 -0.90838600E-01  0.20000000E-01   47    2
  0.34602814E+00  0.57549903E+00  0.25703400E+00  0.10514440E+00  0.20000000E-01   48    2
  0.34513625E+00  0.61990587E+00  0.34063000E-01 -0.43145600E-01  0.20000000E-01   49    2
  0.34538618E+00  0.66470884E+00  0.96546000E-01 -0.92403600E-01  0.20000000E-01   50    2
  0.34527188E+00  0.71045983E+00  0.67971000E-01  0.95344400E-01  0.20000000E-01   51    2
  0.34540045E+00  0.75527663E+00  0.10011200E+00  0.49543400E-01  0.20000000E-01   52    2
  0.39030244E+00  0.53012933E+00  0.75611000E-01  0.12720400E-01  0.20000000E-01   53    2
  0.39002887E+00  0.57475341E+00  0.72170000E-02 -0.81261600E-01  0.20000000E-01   54    2
  0.38962599E+00  0.62015729E+00 -0.93502000E-01  0.19709400E-01  0.20000000E-01   55    2
  0.39009948E+00  0.66514704E+00  0.24869000E-01  0.17147400E-01  0.20000000E-01   56    2
  0.39023826E+00  0.71023158E+00  0.59564000E-01  0.38281400E-01  0.20000000E-01   57    2
  0.38932874E+00  0.75493008E+00 -0.16781600E+00 -0.37093600E-01  0.20000000E-01   58    2
  0.43491027E+00  0.53079118E+00 -0.22433000E-01  0.17818240E+00  0.20000000E-01   59    2
  0.43504762E+00  0.57420605E+00  0.11905000E-01 -0.21809960E+00  0.20000000E-01   60    2
  0.43482252E+00  0.61987687E+00 -0.44371000E-01 -0.50396600E-01  0.20000000E-01   61    2
  0.43541096E+00  0.66480169E+00  0.10274100E+00 -0.69190600E-01  0.20000000E-01   62    2
  0.43554736E+00  0.70981785E+00  0.13684000E+00 -0.65149600E-01  0.20000000E-01   63    2
  0.43490070E+00  0.75459408E+00 -0.24825000E-01 -0.12109360E+00  0.20000000E-01   64    2
  0.48053138E+00  0.52970817E+00  0.13284500E+00 -0.92569600E-01  0.20000000E-01   65    2
  0.48005920E+00  0.57450211E+00  0.14799000E-01 -0.14408560E+00  0.20000000E-01   66    2
  0.48076676E+00  0.61934033E+00  0.19168900E+00 -0.18453060E+00  0.20000000E-01   67    2
  0.48000253E+00  0.66467867E+00  0.63300000E-03 -0.99945600E-01  0.20000000E-01   68    2
  0.47986914E+00  0.71026343E+00 -0.32714000E-01  0.46244400E-01  0.20000000E-01   69    2
  0.47946042E+00  0.75488611E+00 -0.13489400E+00 -0.48085600E-01  0.20000000E-01   70    2
 VARIABLES= X1,X2,Y1,Y2,R,ID,RK
ZONE T="    6" 
SOLUTIONTIME=     0.00500000,STRANDID=   3
  0.29921737E+00  0.52999761E+00 -0.13043800E+00 -0.29818900E-01  0.20000000E-01   41    2
  0.29852217E+00  0.57432490E+00 -0.24630500E+00 -0.14193690E+00  0.20000000E-01   42    2
  0.30064348E+00  0.62051532E+00  0.10724600E+00  0.56466100E-01  0.20000000E-01   43    2
  0.30051824E+00  0.66576192E+00  0.86373000E-01  0.97567100E-01  0.20000000E-01   44    2
  0.29956544E+00  0.70983631E+00 -0.72427000E-01 -0.56701900E-01  0.20000000E-01   45    2
  0.30042617E+00  0.75492039E+00  0.71028000E-01 -0.42688900E-01  0.20000000E-01   46    2
  0.34598416E+00  0.52951381E+00  0.16402600E+00 -0.11045190E+00  0.20000000E-01   47    2
  0.34654220E+00  0.57568971E+00  0.25703400E+00  0.85531100E-01  0.20000000E-01   48    2
  0.34520438E+00  0.61979997E+00  0.34063000E-01 -0.62758900E-01  0.20000000E-01   49    2
  0.34557928E+00  0.66450442E+00  0.96546000E-01 -0.11201690E+00  0.20000000E-01   50    2
  0.34540783E+00  0.71063091E+00  0.67971000E-01  0.75731100E-01  0.20000000E-01   51    2
  0.34560067E+00  0.75535610E+00  0.10011200E+00  0.29930100E-01  0.20000000E-01   52    2
  0.39045367E+00  0.53013516E+00  0.75611000E-01 -0.68929000E-02  0.20000000E-01   53    2
  0.39004330E+00  0.57457127E+00  0.72170000E-02 -0.10087490E+00  0.20000000E-01   54    2
  0.38943899E+00  0.62017710E+00 -0.93502000E-01  0.96100000E-04  0.20000000E-01   55    2
  0.39014921E+00  0.66516172E+00  0.24869000E-01 -0.24659000E-02  0.20000000E-01   56    2
  0.39035738E+00  0.71028853E+00  0.59564000E-01  0.18668100E-01  0.20000000E-01   57    2
  0.38899310E+00  0.75483628E+00 -0.16781600E+00 -0.56706900E-01  0.20000000E-01   58    2
  0.43486540E+00  0.53112793E+00 -0.22433000E-01  0.15856910E+00  0.20000000E-01   59    2
  0.43507143E+00  0.57375024E+00  0.11905000E-01 -0.23771290E+00  0.20000000E-01   60    2
  0.43473377E+00  0.61975646E+00 -0.44371000E-01 -0.70009900E-01  0.20000000E-01   61    2
  0.43561645E+00  0.66464370E+00  0.10274100E+00 -0.88803900E-01  0.20000000E-01   62    2
  0.43582104E+00  0.70966794E+00  0.13684000E+00 -0.84762900E-01  0.20000000E-01   63    2
  0.43485105E+00  0.75433228E+00 -0.24825000E-01 -0.14070690E+00  0.20000000E-01   64    2
  0.48079707E+00  0.52950342E+00  0.13284500E+00 -0.11218290E+00  0.20000000E-01   65    2
  0.48008879E+00  0.57419433E+00  0.14799000E-01 -0.16369890E+00  0.20000000E-01   66    2
  0.48115013E+00  0.61895166E+00  0.19168900E+00 -0.20414390E+00  0.20000000E-01   67    2
  0.48000380E+00  0.66445917E+00  0.63300000E-03 -0.11955890E+00  0.20000000E-01   68    2
  0.47980372E+00  0.71033631E+00 -0.32714000E-01  0.26631100E-01  0.20000000E-01   69    2
  0.47919064E+00  0.75477033E+00 -0.13489400E+00 -0.67698900E-01  0.20000000E-01   70    2
 VARIABLES= X1,X2,Y1,Y2,R,ID,RK
ZONE T="    8" 
SOLUTIONTIME=     0.00700000,STRANDID=   3
  0.29895650E+00  0.52991836E+00 -0.13043800E+00 -0.49432200E-01  0.20000000E-01   41    2
  0.29802956E+00  0.57402141E+00 -0.24630500E+00 -0.16155020E+00  0.20000000E-01   42    2
  0.30085797E+00  0.62060864E+00  0.10724600E+00  0.36852800E-01  0.20000000E-01   43    2
  0.30069098E+00  0.66593744E+00  0.86373000E-01  0.77953800E-01  0.20000000E-01   44    2
  0.29942058E+00  0.70970329E+00 -0.72427000E-01 -0.76315200E-01  0.20000000E-01   45    2
  0.30056822E+00  0.75481540E+00  0.71028000E-01 -0.62302200E-01  0.20000000E-01   46    2
  0.34631221E+00  0.52927329E+00  0.16402600E+00 -0.13006520E+00  0.20000000E-01   47    2
  0.34705627E+00  0.57584116E+00  0.25703400E+00  0.65917800E-01  0.20000000E-01   48    2
  0.34527250E+00  0.61965484E+00  0.34063000E-01 -0.82372200E-01  0.20000000E-01   49    2
  0.34577237E+00  0.66426077E+00  0.96546000E-01 -0.13163020E+00  0.20000000E-01   50    2
  0.34554377E+00  0.71076276E+00  0.67971000E-01  0.56117800E-01  0.20000000E-01   51    2
  0.34580090E+00  0.75539635E+00  0.10011200E+00  0.10316800E-01  0.20000000E-01   52    2
  0.39060489E+00  0.53010176E+00  0.75611000E-01 -0.26506200E-01  0.20000000E-01   53    2
  0.39005774E+00  0.57434991E+00  0.72170000E-02 -0.12048820E+00  0.20000000E-01   54    2
  0.38925198E+00  0.62015768E+00 -0.93502000E-01 -0.19517200E-01  0.20000000E-01   55    2
  0.39019895E+00  0.66513718E+00  0.24869000E-01 -0.22079200E-01  0.20000000E-01   56    2
  0.39047651E+00  0.71030625E+00  0.59564000E-01 -0.94520000E-03  0.20000000E-01   57    2
  0.38865747E+00  0.75470325E+00 -0.16781600E+00 -0.76320200E-01  0.20000000E-01   58    2
  0.43482054E+00  0.53142546E+00 -0.22433000E-01  0.13895580E+00  0.20000000E-01   59    2
  0.43509524E+00  0.57325520E+00  0.11905000E-01 -0.25732620E+00  0.20000000E-01   60    2
  0.43464503E+00  0.61959683E+00 -0.44371000E-01 -0.89623200E-01  0.20000000E-01   61    2
  0.43582193E+00  0.66444648E+00  0.10274100E+00 -0.10841720E+00  0.20000000E-01   62    2
  0.43609472E+00  0.70947880E+00  0.13684000E+00 -0.10437620E+00  0.20000000E-01   63    2
  0.43480140E+00  0.75403125E+00 -0.24825000E-01 -0.16032020E+00  0.20000000E-01   64    2
  0.48106276E+00  0.52925944E+00  0.13284500E+00 -0.13179620E+00  0.20000000E-01   65    2
  0.48011839E+00  0.57384732E+00  0.14799000E-01 -0.18331220E+00  0.20000000E-01   66    2
  0.48153351E+00  0.61852376E+00  0.19168900E+00 -0.22375720E+00  0.20000000E-01   67    2
  0.48000506E+00  0.66420044E+00  0.63300000E-03 -0.13917220E+00  0.20000000E-01   68    2
  0.47973829E+00  0.71036996E+00 -0.32714000E-01  0.70178000E-02  0.20000000E-01   69    2
  0.47892085E+00  0.75461532E+00 -0.13489400E+00 -0.87312200E-01  0.20000000E-01   70    2
 VARIABLES= X1,X2,Y1,Y2,R,ID,RK
ZONE T="   10" 
SOLUTIONTIME=     0.00900000,STRANDID=   3
  0.29869562E+00  0.52979988E+00 -0.13043800E+00 -0.69045500E-01  0.20000000E-01   41    2
  0.29753695E+00  0.57367870E+00 -0.24630500E+00 -0.18116350E+00  0.20000000E-01   42    2
  0.30107246E+00  0.62066273E+00  0.10724600E+00  0.17239500E-01  0.20000000E-01   43    2
  0.30086373E+00  0.66607374E+00  0.86373000E-01  0.58340500E-01  0.20000000E-01   44    2
  0.29927573E+00  0.70953105E+00 -0.72427000E-01 -0.95928500E-01  0.20000000E-01   45    2
  0.30071028E+00  0.75467118E+00  0.71028000E-01 -0.81915500E-01  0.20000000E-01   46    2
  0.34664026E+00  0.52899355E+00  0.16402600E+00 -0.14967850E+00  0.20000000E-01   47    2
  0.34757034E+00  0.57595338E+00  0.25703400E+00  0.46304500E-01  0.20000000E-01   48    2
  0.34534063E+00  0.61947048E+00  0.34063000E-01 -0.10198550E+00  0.20000000E-01   49    2
  0.34596546E+00  0.66397790E+00  0.96546000E-01 -0.15124350E+00  0.20000000E-01   50    2
  0.34567971E+00  0.71085538E+00  0.67971000E-01  0.36504500E-01  0.20000000E-01   51    2
  0.34600112E+00  0.75539737E+00  0.10011200E+00 -0.92965000E-02  0.20000000E-01   52    2
  0.39075611E+00  0.53002914E+00  0.75611000E-01 -0.46119500E-01  0.20000000E-01   53    2
  0.39007217E+00  0.57408932E+00  0.72170000E-02 -0.14010150E+00  0.20000000E-01   54    2
  0.38906498E+00  0.62009903E+00 -0.93502000E-01 -0.39130500E-01  0.20000000E-01   55    2
  0.39024869E+00  0.66507341E+00  0.24869000E-01 -0.41692500E-01  0.20000000E-01   56    2
  0.39059564E+00  0.71028475E+00  0.59564000E-01 -0.20558500E-01  0.20000000E-01   57    2
  0.38832184E+00  0.75453100E+00 -0.16781600E+00 -0.95933500E-01  0.20000000E-01   58    2
  0.43477567E+00  0.53168376E+00 -0.22433000E-01  0.11934250E+00  0.20000000E-01   59    2
  0.43511905E+00  0.57272094E+00  0.11905000E-01 -0.27693950E+00  0.20000000E-01   60    2
  0.43455629E+00  0.61939797E+00 -0.44371000E-01 -0.10923650E+00  0.20000000E-01   61    2
  0.43602741E+00  0.66421003E+00  0.10274100E+00 -0.12803050E+00  0.20000000E-01   62    2
  0.43636840E+00  0.70925044E+00  0.13684000E+00 -0.12398950E+00  0.20000000E-01   63    2
  0.43475175E+00  0.75369100E+00 -0.24825000E-01 -0.17993350E+00  0.20000000E-01   64    2
  0.48132845E+00  0.52897624E+00  0.13284500E+00 -0.15140950E+00  0.20000000E-01   65    2
  0.48014799E+00  0.57346108E+00  0.14799000E-01 -0.20292550E+00  0.20000000E-01   66    2
  0.48191689E+00  0.61805663E+00  0.19168900E+00 -0.24337050E+00  0.20000000E-01   67    2
  0.48000633E+00  0.66390248E+00  0.63300000E-03 -0.15878550E+00  0.20000000E-01   68    2
  0.47967286E+00  0.71036438E+00 -0.32714000E-01 -0.12595500E-01  0.20000000E-01   69    2
  0.47865106E+00  0.75442108E+00 -0.13489400E+00 -0.10692550E+00  0.20000000E-01   70    2
 VARIABLES= X1,X2,Y1,Y2,R,ID,RK
ZONE T="   12" 
SOLUTIONTIME=     0.01100000,STRANDID=   3
  0.29843474E+00  0.52964217E+00 -0.13043800E+00 -0.88658800E-01  0.20000000E-01   41    2
  0.29704434E+00  0.57329676E+00 -0.24630500E+00 -0.20077680E+00  0.20000000E-01   42    2
  0.30128695E+00  0.62067759E+00  0.10724600E+00 -0.23738000E-02  0.20000000E-01   43    2
  0.30103648E+00  0.66617081E+00  0.86373000E-01  0.38727200E-01  0.20000000E-01   44    2
  0.29913088E+00  0.70931958E+00 -0.72427000E-01 -0.11554180E+00  0.20000000E-01   45    2
  0.30085234E+00  0.75448773E+00  0.71028000E-01 -0.10152880E+00  0.20000000E-01   46    2
  0.34696831E+00  0.52867458E+00  0.16402600E+00 -0.16929180E+00  0.20000000E-01   47    2
  0.34808441E+00  0.57602637E+00  0.25703400E+00  0.26691200E-01  0.20000000E-01   48    2
  0.34540876E+00  0.61924689E+00  0.34063000E-01 -0.12159880E+00  0.20000000E-01   49    2
  0.34615855E+00  0.66365580E+00  0.96546000E-01 -0.17085680E+00  0.20000000E-01   50    2
  0.34581565E+00  0.71090877E+00  0.67971000E-01  0.16891200E-01  0.20000000E-01   51    2
  0.34620134E+00  0.75535916E+00  0.10011200E+00 -0.28909800E-01  0.20000000E-01   52    2
  0.39090733E+00  0.52991729E+00  0.75611000E-01 -0.65732800E-01  0.20000000E-01   53    2
  0.39008660E+00  0.57378950E+00  0.72170000E-02 -0.15971480E+00  0.20000000E-01   54    2
  0.38887798E+00  0.62000115E+00 -0.93502000E-01 -0.58743800E-01  0.20000000E-01   55    2
  0.39029843E+00  0.66497041E+00  0.24869000E-01 -0.61305800E-01  0.20000000E-01   56    2
  0.39071477E+00  0.71022402E+00  0.59564000E-01 -0.40171800E-01  0.20000000E-01   57    2
  0.38798621E+00  0.75431952E+00 -0.16781600E+00 -0.11554680E+00  0.20000000E-01   58    2
  0.43473080E+00  0.53190283E+00 -0.22433000E-01  0.99729200E-01  0.20000000E-01   59    2
  0.43514286E+00  0.57214745E+00  0.11905000E-01 -0.29655280E+00  0.20000000E-01   60    2
  0.43446755E+00  0.61915988E+00 -0.44371000E-01 -0.12884980E+00  0.20000000E-01   61    2
  0.43623289E+00  0.66393435E+00  0.10274100E+00 -0.14764380E+00  0.20000000E-01   62    2
  0.43664208E+00  0.70898285E+00  0.13684000E+00 -0.14360280E+00  0.20000000E-01   63    2
  0.43470210E+00  0.75331152E+00 -0.24825000E-01 -0.19954680E+00  0.20000000E-01   64    2
  0.48159414E+00  0.52865381E+00  0.13284500E+00 -0.17102280E+00  0.20000000E-01   65    2
  0.48017759E+00  0.57303561E+00  0.14799000E-01 -0.22253880E+00  0.20000000E-01   66    2
  0.48230027E+00  0.61755027E+00  0.19168900E+00 -0.26298380E+00  0.20000000E-01   67    2
  0.48000760E+00  0.66356529E+00  0.63300000E-03 -0.17839880E+00  0.20000000E-01   68    2
  0.47960743E+00  0.71031957E+00 -0.32714000E-01 -0.32208800E-01  0.20000000E-01   69    2
  0.47838127E+00  0.75418761E+00 -0.13489400E+00 -0.12653880E+00  0.20000000E-01   70    2
 VARIABLES= X1,X2,Y1,Y2,R,ID,RK
ZONE T="    2" 
SOLUTIONTIME=     0.00100000,STRANDID=   4
  0.52512292E+00  0.53011267E+00  0.61459000E-01  0.46529700E-01  0.20000000E-01   71    3
  0.52482097E+00  0.57495298E+00 -0.89517000E-01 -0.33318300E-01  0.20000000E-01   72    3
  0.52484826E+00  0.61995687E+00 -0.75870000E-01 -0.31373300E-01  0.20000000E-01   73    3
  0.52519930E+00  0.66482778E+00  0.99651000E-01 -0.95917300E-01  0.20000000E-01   74    3
  0.52503455E+00  0.70977888E+00  0.17275000E-01 -0.12036730E+00  0.20000000E-01   75    3
  0.52482559E+00  0.75480516E+00 -0.87205000E-01 -0.10722830E+00  0.20000000E-01   76    3
  0.57001836E+00  0.53018079E+00  0.91800000E-02  0.80589700E-01  0.20000000E-01   77    3
  0.57013964E+00  0.57515748E+00  0.69819000E-01  0.68931700E-01  0.20000000E-01   78    3
  0.57017357E+00  0.61977272E+00  0.86783000E-01 -0.12344630E+00  0.20000000E-01   79    3
  0.57023373E+00  0.66506774E+00  0.11686600E+00  0.24065700E-01  0.20000000E-01   80    3
  0.56971220E+00  0.70993132E+00 -0.14390200E+00 -0.44144300E-01  0.20000000E-01   81    3
  0.56981246E+00  0.75484162E+00 -0.93768000E-01 -0.88995300E-01  0.20000000E-01   82    3
  0.61518032E+00  0.53023624E+00  0.90161000E-01  0.10831270E+00  0.20000000E-01   83    3
  0.61481452E+00  0.57458070E+00 -0.92738000E-01 -0.21945530E+00  0.20000000E-01   84    3
  0.61497163E+00  0.62002888E+00 -0.14184000E-01  0.46327000E-02  0.20000000E-01   85    3
  0.61499873E+00  0.66481494E+00 -0.63300000E-03 -0.10233830E+00  0.20000000E-01   86    3
  0.61532481E+00  0.70997334E+00  0.16240700E+00 -0.23138300E-01  0.20000000E-01   87    3
  0.61518567E+00  0.75550046E+00  0.92837000E-01  0.24042370E+00  0.20000000E-01   88    3
  0.66001631E+00  0.53048544E+00  0.81560000E-02  0.23291370E+00  0.20000000E-01   89    3
  0.66023439E+00  0.57487247E+00  0.11719400E+00 -0.73570300E-01  0.20000000E-01   90    3
  0.65991151E+00  0.61995177E+00 -0.44243000E-01 -0.33920300E-01  0.20000000E-01   91    3
  0.66003680E+00  0.66485510E+00  0.18400000E-01 -0.82254300E-01  0.20000000E-01   92    3
  0.65974662E+00  0.71022759E+00 -0.12669000E+00  0.10398770E+00  0.20000000E-01   93    3
  0.66024789E+00  0.75547099E+00  0.12394400E+00  0.22568870E+00  0.20000000E-01   94    3
  0.70467774E+00  0.53005307E+00 -0.16113200E+00  0.16727700E-01  0.20000000E-01   95    3
  0.70509203E+00  0.57549881E+00  0.46016000E-01  0.23960070E+00  0.20000000E-01   96    3
  0.70492419E+00  0.61977171E+00 -0.37907000E-01 -0.12395130E+00  0.20000000E-01   97    3
  0.70507070E+00  0.66491984E+00  0.35349000E-01 -0.49884300E-01  0.20000000E-01   98    3
  0.70510390E+00  0.70996986E+00  0.51952000E-01 -0.24876300E-01  0.20000000E-01   99    3
  0.70490243E+00  0.75496306E+00 -0.48787000E-01 -0.28275300E-01  0.20000000E-01  100    3
 VARIABLES= X1,X2,Y1,Y2,R,ID,RK
ZONE T="    4" 
SOLUTIONTIME=     0.00300000,STRANDID=   4
  0.52524584E+00  0.53018612E+00  0.61459000E-01  0.26916400E-01  0.20000000E-01   71    3
  0.52464193E+00  0.57486673E+00 -0.89517000E-01 -0.52931600E-01  0.20000000E-01   72    3
  0.52469652E+00  0.61987451E+00 -0.75870000E-01 -0.50986600E-01  0.20000000E-01   73    3
  0.52539860E+00  0.66461633E+00  0.99651000E-01 -0.11553060E+00  0.20000000E-01   74    3
  0.52506910E+00  0.70951853E+00  0.17275000E-01 -0.13998060E+00  0.20000000E-01   75    3
  0.52465118E+00  0.75457109E+00 -0.87205000E-01 -0.12684160E+00  0.20000000E-01   76    3
  0.57003672E+00  0.53032236E+00  0.91800000E-02  0.60976400E-01  0.20000000E-01   77    3
  0.57027928E+00  0.57527573E+00  0.69819000E-01  0.49318400E-01  0.20000000E-01   78    3
  0.57034713E+00  0.61950621E+00  0.86783000E-01 -0.14305960E+00  0.20000000E-01   79    3
  0.57046746E+00  0.66509626E+00  0.11686600E+00  0.44524000E-02  0.20000000E-01   80    3
  0.56942439E+00  0.70982342E+00 -0.14390200E+00 -0.63757600E-01  0.20000000E-01   81    3
  0.56962493E+00  0.75464402E+00 -0.93768000E-01 -0.10860860E+00  0.20000000E-01   82    3
  0.61536064E+00  0.53043325E+00  0.90161000E-01  0.88699400E-01  0.20000000E-01   83    3
  0.61462905E+00  0.57412218E+00 -0.92738000E-01 -0.23906860E+00  0.20000000E-01   84    3
  0.61494326E+00  0.62001853E+00 -0.14184000E-01 -0.14980600E-01  0.20000000E-01   85    3
  0.61499747E+00  0.66459065E+00 -0.63300000E-03 -0.12195160E+00  0.20000000E-01   86    3
  0.61564963E+00  0.70990745E+00  0.16240700E+00 -0.42751600E-01  0.20000000E-01   87    3
  0.61537135E+00  0.75596169E+00  0.92837000E-01  0.22081040E+00  0.20000000E-01   88    3
  0.66003262E+00  0.53093165E+00  0.81560000E-02  0.21330040E+00  0.20000000E-01   89    3
  0.66046878E+00  0.57470572E+00  0.11719400E+00 -0.93183600E-01  0.20000000E-01   90    3
  0.65982303E+00  0.61986432E+00 -0.44243000E-01 -0.53533600E-01  0.20000000E-01   91    3
  0.66007360E+00  0.66467098E+00  0.18400000E-01 -0.10186760E+00  0.20000000E-01   92    3
  0.65949324E+00  0.71041595E+00 -0.12669000E+00  0.84374400E-01  0.20000000E-01   93    3
  0.66049578E+00  0.75590275E+00  0.12394400E+00  0.20607540E+00  0.20000000E-01   94    3
  0.70435547E+00  0.53006691E+00 -0.16113200E+00 -0.28856000E-02  0.20000000E-01   95    3
  0.70518406E+00  0.57595840E+00  0.46016000E-01  0.21998740E+00  0.20000000E-01   96    3
  0.70484837E+00  0.61950419E+00 -0.37907000E-01 -0.14356460E+00  0.20000000E-01   97    3
  0.70514140E+00  0.66480046E+00  0.35349000E-01 -0.69497600E-01  0.20000000E-01   98    3
  0.70520781E+00  0.70990049E+00  0.51952000E-01 -0.44489600E-01  0.20000000E-01   99    3
  0.70480485E+00  0.75488690E+00 -0.48787000E-01 -0.47888600E-01  0.20000000E-01  100    3
 VARIABLES= X1,X2,Y1,Y2,R,ID,RK
ZONE T="    6" 
SOLUTIONTIME=     0.00500000,STRANDID=   4
  0.52536875E+00  0.53022034E+00  0.61459000E-01  0.73031000E-02  0.20000000E-01   71    3
  0.52446290E+00  0.57474125E+00 -0.89517000E-01 -0.72544900E-01  0.20000000E-01   72    3
  0.52454478E+00  0.61975292E+00 -0.75870000E-01 -0.70599900E-01  0.20000000E-01   73    3
  0.52559791E+00  0.66436566E+00  0.99651000E-01 -0.13514390E+00  0.20000000E-01   74    3
  0.52510365E+00  0.70921896E+00  0.17275000E-01 -0.15959390E+00  0.20000000E-01   75    3
  0.52447677E+00  0.75429779E+00 -0.87205000E-01 -0.14645490E+00  0.20000000E-01   76    3
  0.57005508E+00  0.53042470E+00  0.91800000E-02  0.41363100E-01  0.20000000E-01   77    3
  0.57041891E+00  0.57535475E+00  0.69819000E-01  0.29705100E-01  0.20000000E-01   78    3
  0.57052070E+00  0.61920048E+00  0.86783000E-01 -0.16267290E+00  0.20000000E-01   79    3
  0.57070120E+00  0.66508555E+00  0.11686600E+00 -0.15160900E-01  0.20000000E-01   80    3
  0.56913659E+00  0.70967629E+00 -0.14390200E+00 -0.83370900E-01  0.20000000E-01   81    3
  0.56943739E+00  0.75440719E+00 -0.93768000E-01 -0.12822190E+00  0.20000000E-01   82    3
  0.61554097E+00  0.53059104E+00  0.90161000E-01  0.69086100E-01  0.20000000E-01   83    3
  0.61444357E+00  0.57362443E+00 -0.92738000E-01 -0.25868190E+00  0.20000000E-01   84    3
  0.61491490E+00  0.61996896E+00 -0.14184000E-01 -0.34593900E-01  0.20000000E-01   85    3
  0.61499620E+00  0.66432713E+00 -0.63300000E-03 -0.14156490E+00  0.20000000E-01   86    3
  0.61597444E+00  0.70980233E+00  0.16240700E+00 -0.62364900E-01  0.20000000E-01   87    3
  0.61555702E+00  0.75638370E+00  0.92837000E-01  0.20119710E+00  0.20000000E-01   88    3
  0.66004894E+00  0.53133864E+00  0.81560000E-02  0.19368710E+00  0.20000000E-01   89    3
  0.66070316E+00  0.57449974E+00  0.11719400E+00 -0.11279690E+00  0.20000000E-01   90    3
  0.65973454E+00  0.61973764E+00 -0.44243000E-01 -0.73146900E-01  0.20000000E-01   91    3
  0.66011040E+00  0.66444763E+00  0.18400000E-01 -0.12148090E+00  0.20000000E-01   92    3
  0.65923986E+00  0.71056509E+00 -0.12669000E+00  0.64761100E-01  0.20000000E-01   93    3
  0.66074366E+00  0.75629529E+00  0.12394400E+00  0.18646210E+00  0.20000000E-01   94    3
  0.70403321E+00  0.53004153E+00 -0.16113200E+00 -0.22498900E-01  0.20000000E-01   95    3
  0.70527610E+00  0.57637876E+00  0.46016000E-01  0.20037410E+00  0.20000000E-01   96    3
  0.70477256E+00  0.61919745E+00 -0.37907000E-01 -0.16317790E+00  0.20000000E-01   97    3
  0.70521209E+00  0.66464185E+00  0.35349000E-01 -0.89110900E-01  0.20000000E-01   98    3
  0.70531171E+00  0.70979190E+00  0.51952000E-01 -0.64102900E-01  0.20000000E-01   99    3
  0.70470728E+00  0.75477151E+00 -0.48787000E-01 -0.67501900E-01  0.20000000E-01  100    3
 VARIABLES= X1,X2,Y1,Y2,R,ID,RK
ZONE T="    8" 
SOLUTIONTIME=     0.00700000,STRANDID=   4
  0.52549167E+00  0.53021533E+00  0.61459000E-01 -0.12310200E-01  0.20000000E-01   71    3
  0.52428386E+00  0.57457655E+00 -0.89517000E-01 -0.92158200E-01  0.20000000E-01   72    3
  0.52439304E+00  0.61959211E+00 -0.75870000E-01 -0.90213200E-01  0.20000000E-01   73    3
  0.52579721E+00  0.66407576E+00  0.99651000E-01 -0.15475720E+00  0.20000000E-01   74    3
  0.52513820E+00  0.70888016E+00  0.17275000E-01 -0.17920720E+00  0.20000000E-01   75    3
  0.52430236E+00  0.75398527E+00 -0.87205000E-01 -0.16606820E+00  0.20000000E-01   76    3
  0.57007344E+00  0.53048781E+00  0.91800000E-02  0.21749800E-01  0.20000000E-01   77    3
  0.57055855E+00  0.57539455E+00  0.69819000E-01  0.10091800E-01  0.20000000E-01   78    3
  0.57069426E+00  0.61885552E+00  0.86783000E-01 -0.18228620E+00  0.20000000E-01   79    3
  0.57093493E+00  0.66503562E+00  0.11686600E+00 -0.34774200E-01  0.20000000E-01   80    3
  0.56884878E+00  0.70948994E+00 -0.14390200E+00 -0.10298420E+00  0.20000000E-01   81    3
  0.56924986E+00  0.75413113E+00 -0.93768000E-01 -0.14783520E+00  0.20000000E-01   82    3
  0.61572129E+00  0.53070960E+00  0.90161000E-01  0.49472800E-01  0.20000000E-01   83    3
  0.61425810E+00  0.57308745E+00 -0.92738000E-01 -0.27829520E+00  0.20000000E-01   84    3
  0.61488653E+00  0.61988016E+00 -0.14184000E-01 -0.54207200E-01  0.20000000E-01   85    3
  0.61499494E+00  0.66402439E+00 -0.63300000E-03 -0.16117820E+00  0.20000000E-01   86    3
  0.61629926E+00  0.70965799E+00  0.16240700E+00 -0.81978200E-01  0.20000000E-01   87    3
  0.61574270E+00  0.75676648E+00  0.92837000E-01  0.18158380E+00  0.20000000E-01   88    3
  0.66006525E+00  0.53170640E+00  0.81560000E-02  0.17407380E+00  0.20000000E-01   89    3
  0.66093755E+00  0.57425453E+00  0.11719400E+00 -0.13241020E+00  0.20000000E-01   90    3
  0.65964606E+00  0.61957173E+00 -0.44243000E-01 -0.92760200E-01  0.20000000E-01   91    3
  0.66014720E+00  0.66418506E+00  0.18400000E-01 -0.14109420E+00  0.20000000E-01   92    3
  0.65898648E+00  0.71067500E+00 -0.12669000E+00  0.45147800E-01  0.20000000E-01   93    3
  0.66099155E+00  0.75664860E+00  0.12394400E+00  0.16684880E+00  0.20000000E-01   94    3
  0.70371094E+00  0.52997692E+00 -0.16113200E+00 -0.42112200E-01  0.20000000E-01   95    3
  0.70536813E+00  0.57675990E+00  0.46016000E-01  0.18076080E+00  0.20000000E-01   96    3
  0.70469674E+00  0.61885148E+00 -0.37907000E-01 -0.18279120E+00  0.20000000E-01   97    3
  0.70528279E+00  0.66444402E+00  0.35349000E-01 -0.10872420E+00  0.20000000E-01   98    3
  0.70541562E+00  0.70964408E+00  0.51952000E-01 -0.83716200E-01  0.20000000E-01   99    3
  0.70460970E+00  0.75461689E+00 -0.48787000E-01 -0.87115200E-01  0.20000000E-01  100    3
 VARIABLES= X1,X2,Y1,Y2,R,ID,RK
ZONE T="   10" 
SOLUTIONTIME=     0.00900000,STRANDID=   4
  0.52561459E+00  0.53017110E+00  0.61459000E-01 -0.31923500E-01  0.20000000E-01   71    3
  0.52410483E+00  0.57437262E+00 -0.89517000E-01 -0.11177150E+00  0.20000000E-01   72    3
  0.52424130E+00  0.61939207E+00 -0.75870000E-01 -0.10982650E+00  0.20000000E-01   73    3
  0.52599651E+00  0.66374663E+00  0.99651000E-01 -0.17437050E+00  0.20000000E-01   74    3
  0.52517275E+00  0.70850213E+00  0.17275000E-01 -0.19882050E+00  0.20000000E-01   75    3
  0.52412795E+00  0.75363352E+00 -0.87205000E-01 -0.18568150E+00  0.20000000E-01   76    3
  0.57009180E+00  0.53051170E+00  0.91800000E-02  0.21365000E-02  0.20000000E-01   77    3
  0.57069819E+00  0.57539512E+00  0.69819000E-01 -0.95215000E-02  0.20000000E-01   78    3
  0.57086783E+00  0.61847134E+00  0.86783000E-01 -0.20189950E+00  0.20000000E-01   79    3
  0.57116866E+00  0.66494646E+00  0.11686600E+00 -0.54387500E-01  0.20000000E-01   80    3
  0.56856098E+00  0.70926436E+00 -0.14390200E+00 -0.12259750E+00  0.20000000E-01   81    3
  0.56906232E+00  0.75381585E+00 -0.93768000E-01 -0.16744850E+00  0.20000000E-01   82    3
  0.61590161E+00  0.53078893E+00  0.90161000E-01  0.29859500E-01  0.20000000E-01   83    3
  0.61407262E+00  0.57251125E+00 -0.92738000E-01 -0.29790850E+00  0.20000000E-01   84    3
  0.61485816E+00  0.61975213E+00 -0.14184000E-01 -0.73820500E-01  0.20000000E-01   85    3
  0.61499367E+00  0.66368242E+00 -0.63300000E-03 -0.18079150E+00  0.20000000E-01   86    3
  0.61662407E+00  0.70947442E+00  0.16240700E+00 -0.10159150E+00  0.20000000E-01   87    3
  0.61592837E+00  0.75711004E+00  0.92837000E-01  0.16197050E+00  0.20000000E-01   88    3
  0.66008156E+00  0.53203494E+00  0.81560000E-02  0.15446050E+00  0.20000000E-01   89    3
  0.66117194E+00  0.57397010E+00  0.11719400E+00 -0.15202350E+00  0.20000000E-01   90    3
  0.65955757E+00  0.61936660E+00 -0.44243000E-01 -0.11237350E+00  0.20000000E-01   91    3
  0.66018400E+00  0.66388326E+00  0.18400000E-01 -0.16070750E+00  0.20000000E-01   92    3
  0.65873310E+00  0.71074568E+00 -0.12669000E+00  0.25534500E-01  0.20000000E-01   93    3
  0.66123944E+00  0.75696269E+00  0.12394400E+00  0.14723550E+00  0.20000000E-01   94    3
  0.70338868E+00  0.52987308E+00 -0.16113200E+00 -0.61725500E-01  0.20000000E-01   95    3
  0.70546016E+00  0.57710181E+00  0.46016000E-01  0.16114750E+00  0.20000000E-01   96    3
  0.70462093E+00  0.61846629E+00 -0.37907000E-01 -0.20240450E+00  0.20000000E-01   97    3
  0.70535349E+00  0.66420696E+00  0.35349000E-01 -0.12833750E+00  0.20000000E-01   98    3
  0.70551952E+00  0.70945704E+00  0.51952000E-01 -0.10332950E+00  0.20000000E-01   99    3
  0.70451213E+00  0.75442305E+00 -0.48787000E-01 -0.10672850E+00  0.20000000E-01  100    3
 VARIABLES= X1,X2,Y1,Y2,R,ID,RK
ZONE T="   12" 
SOLUTIONTIME=     0.01100000,STRANDID=   4
  0.52573751E+00  0.53008764E+00  0.61459000E-01 -0.51536800E-01  0.20000000E-01   71    3
  0.52392580E+00  0.57412946E+00 -0.89517000E-01 -0.13138480E+00  0.20000000E-01   72    3
  0.52408956E+00  0.61915280E+00 -0.75870000E-01 -0.12943980E+00  0.20000000E-01   73    3
  0.52619581E+00  0.66337827E+00  0.99651000E-01 -0.19398380E+00  0.20000000E-01   74    3
  0.52520730E+00  0.70808487E+00  0.17275000E-01 -0.21843380E+00  0.20000000E-01   75    3
  0.52395354E+00  0.75324254E+00 -0.87205000E-01 -0.20529480E+00  0.20000000E-01   76    3
  0.57011016E+00  0.53049636E+00  0.91800000E-02 -0.17476800E-01  0.20000000E-01   77    3
  0.57083783E+00  0.57535646E+00  0.69819000E-01 -0.29134800E-01  0.20000000E-01   78    3
  0.57104140E+00  0.61804793E+00  0.86783000E-01 -0.22151280E+00  0.20000000E-01   79    3
  0.57140239E+00  0.66481807E+00  0.11686600E+00 -0.74000800E-01  0.20000000E-01   80    3
  0.56827318E+00  0.70899955E+00 -0.14390200E+00 -0.14221080E+00  0.20000000E-01   81    3
  0.56887478E+00  0.75346134E+00 -0.93768000E-01 -0.18706180E+00  0.20000000E-01   82    3
  0.61608193E+00  0.53082903E+00  0.90161000E-01  0.10246200E-01  0.20000000E-01   83    3
  0.61388714E+00  0.57189582E+00 -0.92738000E-01 -0.31752180E+00  0.20000000E-01   84    3
  0.61482979E+00  0.61958487E+00 -0.14184000E-01 -0.93433800E-01  0.20000000E-01   85    3
  0.61499240E+00  0.66330122E+00 -0.63300000E-03 -0.20040480E+00  0.20000000E-01   86    3
  0.61694888E+00  0.70925162E+00  0.16240700E+00 -0.12120480E+00  0.20000000E-01   87    3
  0.61611404E+00  0.75741437E+00  0.92837000E-01  0.14235720E+00  0.20000000E-01   88    3
  0.66009787E+00  0.53232425E+00  0.81560000E-02  0.13484720E+00  0.20000000E-01   89    3
  0.66140633E+00  0.57364644E+00  0.11719400E+00 -0.17163680E+00  0.20000000E-01   90    3
  0.65946908E+00  0.61912224E+00 -0.44243000E-01 -0.13198680E+00  0.20000000E-01   91    3
  0.66022080E+00  0.66354223E+00  0.18400000E-01 -0.18032080E+00  0.20000000E-01   92    3
  0.65847972E+00  0.71077713E+00 -0.12669000E+00  0.59212000E-02  0.20000000E-01   93    3
  0.66148733E+00  0.75723755E+00  0.12394400E+00  0.12762220E+00  0.20000000E-01   94    3
  0.70306642E+00  0.52973001E+00 -0.16113200E+00 -0.81338800E-01  0.20000000E-01   95    3
  0.70555219E+00  0.57740449E+00  0.46016000E-01  0.14153420E+00  0.20000000E-01   96    3
  0.70454512E+00  0.61804187E+00 -0.37907000E-01 -0.22201780E+00  0.20000000E-01   97    3
  0.70542419E+00  0.66393067E+00  0.35349000E-01 -0.14795080E+00  0.20000000E-01   98    3
  0.70562342E+00  0.70923077E+00  0.51952000E-01 -0.12294280E+00  0.20000000E-01   99    3
  0.70441456E+00  0.75418998E+00 -0.48787000E-01 -0.12634180E+00  0.20000000E-01  100    3
