  1.000000000000000E-003  0.350009912675000       0.499995096675000     
  2.000000000000000E-003  0.350010018700000       0.499980386700000     
  3.000000000000000E-003  0.350000318075000       0.499955870075000     
  4.000000000000000E-003  0.349980810800000       0.499921546800000     
  5.000000000000000E-003  0.349951496875000       0.499877416875000     
  6.000000000000000E-003  0.349912376300000       0.499823480300000     
  7.000000000000000E-003  0.349863449075000       0.499759737075000     
  8.000000000000000E-003  0.349804715200000       0.499686187200000     
  9.000000000000001E-003  0.349736174675000       0.499602830675000     
  1.000000000000000E-002  0.349657827500000       0.499509667500000     
  1.100000000000000E-002  0.349569673675000       0.499406697675000     
  1.200000000000000E-002  0.349471713200000       0.499293921200000     
  1.300000000000000E-002  0.349363946075000       0.499171338075000     
  1.400000000000001E-002  0.349246372300000       0.499038948300000     
  1.500000000000001E-002  0.349118991875000       0.498896751875000     
  1.600000000000001E-002  0.348981804800000       0.498744748800000     
  1.700000000000001E-002  0.348834811075000       0.498582939075000     
  1.800000000000001E-002  0.348678010700000       0.498411322700000     
  1.900000000000001E-002  0.348511403675000       0.498229899675000     
  2.000000000000001E-002  0.348334990000000       0.498038670000000     
  2.100000000000001E-002  0.348148769675000       0.497837633675000     
  2.200000000000001E-002  0.347952742700000       0.497626790700000     
  2.300000000000001E-002  0.347746909075000       0.497406141075000     
  2.400000000000001E-002  0.347531268800000       0.497175684800000     
  2.500000000000002E-002  0.347305821875000       0.496935421875000     
  2.600000000000002E-002  0.347070568300000       0.496685352300000     
  2.700000000000002E-002  0.346825508075000       0.496425476075000     
  2.800000000000002E-002  0.346570641200000       0.496155793200000     
  2.900000000000002E-002  0.346305967675000       0.495876303675000     
  3.000000000000002E-002  0.346031487500000       0.495587007500000     
  3.100000000000002E-002  0.345747200675000       0.495287904675000     
  3.200000000000002E-002  0.345453107200000       0.494978995200000     
  3.300000000000002E-002  0.345149207075000       0.494660279075000     
  3.400000000000002E-002  0.344835500300000       0.494331756300000     
  3.500000000000002E-002  0.344511986875000       0.493993426875000     
  3.600000000000003E-002  0.344178666800000       0.493645290800000     
  3.700000000000003E-002  0.343835540075000       0.493287348075000     
  3.800000000000003E-002  0.343482606700000       0.492919598700000     
  3.900000000000003E-002  0.343119866675000       0.492542042675000     
  4.000000000000003E-002  0.342747320000001       0.492154680000000     
  4.100000000000003E-002  0.342364966675001       0.491757510675000     
  4.200000000000003E-002  0.341972806700001       0.491350534700000     
  4.300000000000003E-002  0.341570840075001       0.490933752075000     
  4.400000000000003E-002  0.341159066800001       0.490507162800000     
  4.500000000000003E-002  0.340737486875000       0.490070766875000     
  4.600000000000003E-002  0.340306100300000       0.489624564300000     
  4.700000000000003E-002  0.339811076270214       0.489168555075000     
  4.800000000000004E-002  0.339252414785641       0.488702739200000     
  4.900000000000004E-002  0.338683946651068       0.488227116675000     
  5.000000000000004E-002  0.338105671866495       0.487741687500000     
  5.100000000000004E-002  0.337517590431922       0.487246451675000     
  5.200000000000004E-002  0.336919702347349       0.486741409200000     
  5.300000000000004E-002  0.336312007612776       0.486226560075000     
  5.400000000000004E-002  0.335694506228203       0.485701904300000     
  5.500000000000004E-002  0.335067198193629       0.485167441875000     
  5.600000000000004E-002  0.334430083509056       0.484623172800000     
  5.700000000000004E-002  0.333783162174483       0.484069097075000     
  5.800000000000004E-002  0.333126434189910       0.483505214700000     
  5.900000000000005E-002  0.332459899555337       0.482931525675000     
  6.000000000000005E-002  0.331783558270764       0.482348030000000     
  6.100000000000005E-002  0.331097410336191       0.481754727675000     
  6.200000000000005E-002  0.330401455751618       0.481151618700000     
  6.300000000000004E-002  0.329695694517045       0.480538703075000     
  6.400000000000004E-002  0.328980126632472       0.479915980800000     
  6.500000000000004E-002  0.328254752097899       0.479283451875000     
  6.600000000000004E-002  0.327519570913326       0.478641116300000     
  6.700000000000005E-002  0.326774583078753       0.477988974075000     
  6.800000000000005E-002  0.326019788594180       0.477327025200000     
  6.900000000000005E-002  0.325255187459607       0.476655269675000     
  7.000000000000005E-002  0.324480779675034       0.475973707500000     
  7.100000000000005E-002  0.323696565240461       0.475282338675000     
  7.200000000000005E-002  0.322902544155887       0.474581163200000     
  7.300000000000005E-002  0.322098716421314       0.473870181075000     
  7.400000000000005E-002  0.321285082036741       0.473149392300000     
  7.500000000000005E-002  0.320461641002168       0.472418796875000     
  7.600000000000005E-002  0.319628393317595       0.471678394800000     
  7.700000000000005E-002  0.318785338983022       0.470928186075000     
  7.800000000000006E-002  0.317932477998449       0.470168170700000     
  7.900000000000006E-002  0.317069810363876       0.469398348675000     
  8.000000000000006E-002  0.316197336079303       0.468618720000000     
  8.100000000000006E-002  0.315315055144730       0.467829284675000     
  8.200000000000006E-002  0.314422967560156       0.467030042700000     
  8.300000000000006E-002  0.313521073325583       0.466220994075000     
  8.400000000000006E-002  0.312609372441010       0.465402138800000     
  8.500000000000006E-002  0.311687864906437       0.464573476875000     
  8.600000000000006E-002  0.310756550721864       0.463735008300000     
  8.700000000000006E-002  0.309815429887291       0.462886733075000     
  8.800000000000006E-002  0.308864502402718       0.462028651200000     
  8.900000000000007E-002  0.307903768268145       0.461160762675000     
  9.000000000000007E-002  0.306933227483572       0.460283067500000     
  9.100000000000007E-002  0.305952880048999       0.459395565675000     
  9.200000000000007E-002  0.304962725964426       0.458498257200000     
  9.300000000000007E-002  0.303962765229852       0.457591142075000     
  9.400000000000007E-002  0.302952997845279       0.456674220300000     
  9.500000000000007E-002  0.301933423810706       0.455747491875000     
  9.600000000000007E-002  0.300904043126133       0.454810956800000     
  9.700000000000007E-002  0.299864855791560       0.453864615075000     
  9.800000000000007E-002  0.298815861806987       0.452908466700000     
  9.900000000000007E-002  0.297757061172414       0.451942511675000     
  0.100000000000000       0.296688453887841       0.450966750000000     
  0.101000000000000       0.295610039953268       0.449981181675000     
  0.102000000000000       0.294521819368695       0.448985806700000     
  0.103000000000000       0.293423792134122       0.447980625075000     
  0.104000000000000       0.292315958249548       0.446965636800000     
  0.105000000000000       0.291198317714975       0.445940841875000     
  0.106000000000000       0.290070870530402       0.444906240300000     
  0.107000000000000       0.288933616695829       0.443861832075000     
  0.108000000000000       0.287786556211256       0.442807617200000     
  0.109000000000000       0.286629689076683       0.441743595675000     
  0.110000000000000       0.285463015292110       0.440669767500000     
  0.111000000000000       0.284286534857537       0.439586132675000     
  0.112000000000000       0.283100247772964       0.438492691200000     
  0.113000000000000       0.281898186938464       0.437389443075000     
  0.114000000000000       0.280680352354037       0.436276388300000     
  0.115000000000000       0.279452711119610       0.435153526875000     
  0.116000000000000       0.278215263235183       0.434020858800000     
  0.117000000000000       0.276968008700756       0.432878384075000     
  0.118000000000000       0.275710947516329       0.431726102700000     
  0.119000000000000       0.274444079681902       0.430564014675000     
  0.120000000000000       0.273167405197475       0.429392120000000     
  0.121000000000000       0.271880924063048       0.428210418675000     
  0.122000000000000       0.270584636278621       0.427018910700000     
  0.123000000000000       0.269278541844193       0.425817596075000     
  0.124000000000000       0.267962640759766       0.424606474800000     
  0.125000000000000       0.266636933025339       0.423385546875000     
  0.126000000000000       0.265301418640912       0.422154812300000     
  0.127000000000000       0.263956097606485       0.420914271075000     
  0.128000000000000       0.262600969922058       0.419663923200000     
  0.129000000000000       0.261236035587631       0.418403768675000     
  0.130000000000000       0.259861294603204       0.417133807500000     
  0.131000000000000       0.258476746968777       0.415854039675000     
  0.132000000000000       0.257082392684350       0.414564465200000     
  0.133000000000000       0.255678231749923       0.413265084075000     
  0.134000000000000       0.254264264165496       0.411955896300000     
  0.135000000000000       0.252840489931069       0.410636901875000     
  0.136000000000000       0.251406909046642       0.409308100800000     
  0.137000000000000       0.249963521512215       0.407969493075000     
  0.138000000000000       0.248510327327788       0.406621078700000     
  0.139000000000000       0.247047326493361       0.405262857675000     
  0.140000000000000       0.245574519008934       0.403894830000000     
  0.141000000000000       0.244091904874507       0.402516995675000     
  0.142000000000000       0.242599484090080       0.401129354700000     
  0.143000000000000       0.241097256655653       0.399731907075000     
  0.144000000000000       0.239585222571226       0.398324652800000     
  0.145000000000000       0.238063381836799       0.396907591875000     
  0.146000000000000       0.236531734452372       0.395480724300000     
  0.147000000000000       0.234990280417945       0.394044050075000     
  0.148000000000000       0.233439019733518       0.392597569200000     
  0.149000000000000       0.231877952399091       0.391141281675000     
  0.150000000000000       0.230307078414664       0.389675187500000     
  0.151000000000000       0.228726397780237       0.388199286675000     
  0.152000000000000       0.227135910495810       0.386713579200000     
  0.153000000000000       0.225535616561383       0.385218065075000     
  0.154000000000000       0.223925515976956       0.383712744300000     
  0.155000000000000       0.222305608742529       0.382197616875000     
  0.156000000000000       0.220675894858102       0.380672682800000     
  0.157000000000000       0.219036374323675       0.379137942075000     
  0.158000000000000       0.217387047139248       0.377593394700000     
  0.159000000000000       0.215727913304821       0.376039040675000     
  0.160000000000000       0.214058972820394       0.374474880000000     
  0.161000000000000       0.212380225685967       0.372900912675000     
  0.162000000000000       0.210691671901540       0.371317138700000     
  0.163000000000000       0.208993311467113       0.369723558075000     
  0.164000000000000       0.207285144382686       0.368120170800000     
  0.165000000000000       0.205567170648259       0.366506976875000     
  0.166000000000000       0.203839390263832       0.364883976300000     
  0.167000000000000       0.202101803229405       0.363251169075000     
  0.168000000000000       0.200354409544978       0.361608555200000     
  0.169000000000000       0.198597209210551       0.359956134675000     
  0.170000000000000       0.196830202226124       0.358293907500000     
  0.171000000000000       0.195053388591697       0.356621873675000     
  0.172000000000000       0.193266768307270       0.354940033200000     
  0.173000000000000       0.191470341372843       0.353248386075000     
  0.174000000000000       0.189664107788416       0.351546932300000     
  0.175000000000000       0.187848067553989       0.349835671875000     
  0.176000000000000       0.186022220669562       0.348114604800000     
  0.177000000000000       0.184186567135135       0.346383731075000     
  0.178000000000000       0.182341106950708       0.344643050700000     
  0.179000000000000       0.180485840116281       0.342892563675000     
  0.180000000000000       0.178620766631854       0.341132270000000     
  0.181000000000000       0.176745886497427       0.339362169675000     
  0.182000000000000       0.174861199712999       0.337582262700000     
  0.183000000000000       0.172966706278572       0.335792549075000     
  0.184000000000000       0.171062406194145       0.333993028800000     
  0.185000000000000       0.169148299459718       0.332183701875000     
  0.186000000000000       0.167224386075291       0.330364568300000     
  0.187000000000000       0.165290666040864       0.328535628075000     
  0.188000000000000       0.163347139356437       0.326696881200000     
  0.189000000000000       0.161393806022010       0.324848327675000     
  0.190000000000000       0.159430666037583       0.322989967500000     
  0.191000000000000       0.157457719403156       0.321121800675000     
  0.192000000000000       0.155474966118729       0.319243827200000     
  0.193000000000000       0.153482406184302       0.317356047075000     
  0.194000000000000       0.151480039599875       0.315458460300000     
  0.195000000000000       0.149467866365448       0.313551066875000     
  0.196000000000000       0.147445886481021       0.311633866800000     
  0.197000000000000       0.145414099946594       0.309706860075000     
  0.198000000000000       0.143372506762167       0.307770046700000     
  0.199000000000000       0.141321106927740       0.305823426675000     
