  1.000000000000000E-003  5.009349999999999E-003 -9.806650000000250E-003
  2.000000000000000E-003 -4.797300000000001E-003 -1.961330000000006E-002
  3.000000000000000E-003 -1.460395000000000E-002 -2.941995000000031E-002
  4.000000000000000E-003 -2.441060000000000E-002 -3.922660000000011E-002
  5.000000000000000E-003 -3.421725000000000E-002 -4.903325000000036E-002
  6.000000000000000E-003 -4.402390000000000E-002 -5.883990000000017E-002
  7.000000000000000E-003 -5.383055000000000E-002 -6.864655000000042E-002
  8.000000000000000E-003 -6.363720000000000E-002 -7.845320000000022E-002
  9.000000000000001E-003 -7.344385000000000E-002 -8.825985000000003E-002
  1.000000000000000E-002 -8.325050000000001E-002 -9.806650000000028E-002
  1.100000000000000E-002 -9.305715000000001E-002 -0.107873150000000     
  1.200000000000000E-002 -0.102863800000000      -0.117679800000000     
  1.300000000000000E-002 -0.112670450000000      -0.127486450000000     
  1.400000000000001E-002 -0.122477100000000      -0.137293100000000     
  1.500000000000001E-002 -0.132283750000000      -0.147099750000000     
  1.600000000000001E-002 -0.142090400000000      -0.156906400000000     
  1.700000000000001E-002 -0.151897050000000      -0.166713050000000     
  1.800000000000001E-002 -0.161703700000000      -0.176519700000001     
  1.900000000000001E-002 -0.171510350000000      -0.186326350000000     
  2.000000000000001E-002 -0.181317000000000      -0.196133000000000     
  2.100000000000001E-002 -0.191123650000000      -0.205939650000000     
  2.200000000000001E-002 -0.200930300000000      -0.215746300000000     
  2.300000000000001E-002 -0.210736950000000      -0.225552950000000     
  2.400000000000001E-002 -0.220543600000000      -0.235359600000000     
  2.500000000000002E-002 -0.230350250000000      -0.245166250000000     
  2.600000000000002E-002 -0.240156900000000      -0.254972900000000     
  2.700000000000002E-002 -0.249963550000000      -0.264779550000001     
  2.800000000000002E-002 -0.259770200000000      -0.274586200000000     
  2.900000000000002E-002 -0.269576850000000      -0.284392850000001     
  3.000000000000002E-002 -0.279383500000000      -0.294199500000000     
  3.100000000000002E-002 -0.289190150000000      -0.304006150000000     
  3.200000000000002E-002 -0.298996800000000      -0.313812800000000     
  3.300000000000002E-002 -0.308803450000000      -0.323619450000000     
  3.400000000000002E-002 -0.318610100000000      -0.333426100000001     
  3.500000000000002E-002 -0.328416750000000      -0.343232750000000     
  3.600000000000003E-002 -0.338223400000000      -0.353039400000001     
  3.700000000000003E-002 -0.348030050000000      -0.362846050000000     
  3.800000000000003E-002 -0.357836700000000      -0.372652700000001     
  3.900000000000003E-002 -0.367643350000000      -0.382459350000000     
  4.000000000000003E-002 -0.377450000000000      -0.392266000000001     
  4.100000000000003E-002 -0.387256650000000      -0.402072650000000     
  4.200000000000003E-002 -0.397063300000000      -0.411879300000000     
  4.300000000000003E-002 -0.406869950000000      -0.421685950000001     
  4.400000000000003E-002 -0.416676600000000      -0.431492600000000     
  4.500000000000003E-002 -0.426483250000000      -0.441299250000001     
  4.600000000000003E-002 -0.436289900000000      -0.451105900000000     
  4.700000000000003E-002 -0.553758159573076      -0.460912550000001     
  4.800000000000004E-002 -0.563564809573076      -0.470719200000000     
  4.900000000000004E-002 -0.573371459573076      -0.480525850000001     
  5.000000000000004E-002 -0.583178109573076      -0.490332500000001     
  5.100000000000004E-002 -0.592984759573076      -0.500139150000001     
  5.200000000000004E-002 -0.602791409573076      -0.509945800000001     
  5.300000000000004E-002 -0.612598059573076      -0.519752450000001     
  5.400000000000004E-002 -0.622404709573076      -0.529559100000001     
  5.500000000000004E-002 -0.632211359573076      -0.539365750000000     
  5.600000000000004E-002 -0.642018009573076      -0.549172400000001     
  5.700000000000004E-002 -0.651824659573076      -0.558979050000000     
  5.800000000000004E-002 -0.661631309573076      -0.568785700000001     
  5.900000000000005E-002 -0.671437959573076      -0.578592350000001     
  6.000000000000005E-002 -0.681244609573076      -0.588399000000001     
  6.100000000000005E-002 -0.691051259573076      -0.598205650000001     
  6.200000000000005E-002 -0.700857909573076      -0.608012300000001     
  6.300000000000004E-002 -0.710664559573076      -0.617818950000001     
  6.400000000000004E-002 -0.720471209573076      -0.627625600000001     
  6.500000000000004E-002 -0.730277859573076      -0.637432250000001     
  6.600000000000004E-002 -0.740084509573076      -0.647238900000001     
  6.700000000000005E-002 -0.749891159573077      -0.657045550000001     
  6.800000000000005E-002 -0.759697809573077      -0.666852200000001     
  6.900000000000005E-002 -0.769504459573077      -0.676658850000001     
  7.000000000000005E-002 -0.779311109573077      -0.686465500000001     
  7.100000000000005E-002 -0.789117759573077      -0.696272150000001     
  7.200000000000005E-002 -0.798924409573077      -0.706078800000001     
  7.300000000000005E-002 -0.808731059573077      -0.715885450000001     
  7.400000000000005E-002 -0.818537709573077      -0.725692100000001     
  7.500000000000005E-002 -0.828344359573077      -0.735498750000001     
  7.600000000000005E-002 -0.838151009573077      -0.745305400000001     
  7.700000000000005E-002 -0.847957659573077      -0.755112050000001     
  7.800000000000006E-002 -0.857764309573077      -0.764918700000001     
  7.900000000000006E-002 -0.867570959573077      -0.774725350000001     
  8.000000000000006E-002 -0.877377609573077      -0.784532000000001     
  8.100000000000006E-002 -0.887184259573077      -0.794338650000001     
  8.200000000000006E-002 -0.896990909573077      -0.804145300000001     
  8.300000000000006E-002 -0.906797559573077      -0.813951950000001     
  8.400000000000006E-002 -0.916604209573077      -0.823758600000001     
  8.500000000000006E-002 -0.926410859573077      -0.833565250000001     
  8.600000000000006E-002 -0.936217509573077      -0.843371900000001     
  8.700000000000006E-002 -0.946024159573077      -0.853178550000001     
  8.800000000000006E-002 -0.955830809573077      -0.862985200000001     
  8.900000000000007E-002 -0.965637459573077      -0.872791850000001     
  9.000000000000007E-002 -0.975444109573077      -0.882598500000001     
  9.100000000000007E-002 -0.985250759573077      -0.892405150000001     
  9.200000000000007E-002 -0.995057409573077      -0.902211800000001     
  9.300000000000007E-002  -1.00486405957308      -0.912018450000001     
  9.400000000000007E-002  -1.01467070957308      -0.921825100000001     
  9.500000000000007E-002  -1.02447735957308      -0.931631750000001     
  9.600000000000007E-002  -1.03428400957308      -0.941438400000001     
  9.700000000000007E-002  -1.04409065957308      -0.951245050000001     
  9.800000000000007E-002  -1.05389730957308      -0.961051700000001     
  9.900000000000007E-002  -1.06370395957308      -0.970858350000001     
  0.100000000000000       -1.07351060957308      -0.980665000000001     
  0.101000000000000       -1.08331725957308      -0.990471650000001     
  0.102000000000000       -1.09312390957308       -1.00027830000000     
  0.103000000000000       -1.10293055957308       -1.01008495000000     
  0.104000000000000       -1.11273720957308       -1.01989160000000     
  0.105000000000000       -1.12254385957308       -1.02969825000000     
  0.106000000000000       -1.13235050957308       -1.03950490000000     
  0.107000000000000       -1.14215715957308       -1.04931155000000     
  0.108000000000000       -1.15196380957308       -1.05911820000000     
  0.109000000000000       -1.16177045957308       -1.06892485000000     
  0.110000000000000       -1.17157710957308       -1.07873150000000     
  0.111000000000000       -1.18138375957308       -1.08853815000000     
  0.112000000000000       -1.19119040957308       -1.09834480000000     
  0.113000000000000       -1.21293125942701       -1.10815145000000     
  0.114000000000000       -1.22273790942701       -1.11795810000000     
  0.115000000000000       -1.23254455942701       -1.12776475000000     
  0.116000000000000       -1.24235120942701       -1.13757140000000     
  0.117000000000000       -1.25215785942701       -1.14737805000000     
  0.118000000000000       -1.26196450942701       -1.15718470000000     
  0.119000000000000       -1.27177115942701       -1.16699135000000     
  0.120000000000000       -1.28157780942701       -1.17679800000000     
  0.121000000000000       -1.29138445942701       -1.18660465000000     
  0.122000000000000       -1.30119110942701       -1.19641130000000     
  0.123000000000000       -1.31099775942701       -1.20621795000000     
  0.124000000000000       -1.32080440942701       -1.21602460000000     
  0.125000000000000       -1.33061105942701       -1.22583125000000     
  0.126000000000000       -1.34041770942701       -1.23563790000000     
  0.127000000000000       -1.35022435942701       -1.24544455000000     
  0.128000000000000       -1.36003100942701       -1.25525120000000     
  0.129000000000000       -1.36983765942701       -1.26505785000000     
  0.130000000000000       -1.37964430942701       -1.27486450000000     
  0.131000000000000       -1.38945095942701       -1.28467115000000     
  0.132000000000000       -1.39925760942701       -1.29447780000000     
  0.133000000000000       -1.40906425942701       -1.30428445000000     
  0.134000000000000       -1.41887090942701       -1.31409110000000     
  0.135000000000000       -1.42867755942701       -1.32389775000000     
  0.136000000000000       -1.43848420942701       -1.33370440000000     
  0.137000000000000       -1.44829085942701       -1.34351105000000     
  0.138000000000000       -1.45809750942701       -1.35331770000000     
  0.139000000000000       -1.46790415942701       -1.36312435000000     
  0.140000000000000       -1.47771080942701       -1.37293100000000     
  0.141000000000000       -1.48751745942701       -1.38273765000000     
  0.142000000000000       -1.49732410942701       -1.39254430000000     
  0.143000000000000       -1.50713075942701       -1.40235095000000     
  0.144000000000000       -1.51693740942701       -1.41215760000000     
  0.145000000000000       -1.52674405942701       -1.42196425000000     
  0.146000000000000       -1.53655070942701       -1.43177090000000     
  0.147000000000000       -1.54635735942701       -1.44157755000000     
  0.148000000000000       -1.55616400942701       -1.45138420000000     
  0.149000000000000       -1.56597065942701       -1.46119085000000     
  0.150000000000000       -1.57577730942701       -1.47099750000000     
  0.151000000000000       -1.58558395942701       -1.48080415000000     
  0.152000000000000       -1.59539060942701       -1.49061080000000     
  0.153000000000000       -1.60519725942701       -1.50041745000000     
  0.154000000000000       -1.61500390942701       -1.51022410000000     
  0.155000000000000       -1.62481055942701       -1.52003075000000     
  0.156000000000000       -1.63461720942701       -1.52983740000000     
  0.157000000000000       -1.64442385942701       -1.53964405000000     
  0.158000000000000       -1.65423050942701       -1.54945070000000     
  0.159000000000000       -1.66403715942701       -1.55925735000000     
  0.160000000000000       -1.67384380942701       -1.56906400000000     
  0.161000000000000       -1.68365045942701       -1.57887065000000     
  0.162000000000000       -1.69345710942701       -1.58867730000000     
  0.163000000000000       -1.70326375942701       -1.59848395000000     
  0.164000000000000       -1.71307040942701       -1.60829060000000     
  0.165000000000000       -1.72287705942701       -1.61809725000000     
  0.166000000000000       -1.73268370942701       -1.62790390000000     
  0.167000000000000       -1.74249035942701       -1.63771055000000     
  0.168000000000000       -1.75229700942701       -1.64751720000000     
  0.169000000000000       -1.76210365942701       -1.65732385000000     
  0.170000000000000       -1.77191030942701       -1.66713050000000     
  0.171000000000000       -1.78171695942701       -1.67693715000000     
  0.172000000000000       -1.79152360942701       -1.68674380000000     
  0.173000000000000       -1.80133025942701       -1.69655045000000     
  0.174000000000000       -1.81113690942701       -1.70635710000000     
  0.175000000000000       -1.82094355942701       -1.71616375000000     
  0.176000000000000       -1.83075020942701       -1.72597040000000     
  0.177000000000000       -1.84055685942701       -1.73577705000000     
  0.178000000000000       -1.85036350942701       -1.74558370000000     
  0.179000000000000       -1.86017015942701       -1.75539035000000     
  0.180000000000000       -1.86997680942701       -1.76519700000000     
  0.181000000000000       -1.87978345942701       -1.77500365000000     
  0.182000000000000       -1.88959010942701       -1.78481030000000     
  0.183000000000000       -1.89939675942701       -1.79461695000000     
  0.184000000000000       -1.90920340942701       -1.80442360000000     
  0.185000000000000       -1.91901005942701       -1.81423025000000     
  0.186000000000000       -1.92881670942701       -1.82403690000000     
  0.187000000000000       -1.93862335942701       -1.83384355000000     
  0.188000000000000       -1.94843000942701       -1.84365020000000     
  0.189000000000000       -1.95823665942701       -1.85345685000000     
  0.190000000000000       -1.96804330942701       -1.86326350000000     
  0.191000000000000       -1.97784995942701       -1.87307015000000     
  0.192000000000000       -1.98765660942701       -1.88287680000000     
  0.193000000000000       -1.99746325942701       -1.89268345000000     
  0.194000000000000       -2.00726990942701       -1.90249010000000     
  0.195000000000000       -2.01707655942701       -1.91229675000000     
  0.196000000000000       -2.02688320942701       -1.92210340000000     
  0.197000000000000       -2.03668985942701       -1.93191005000000     
  0.198000000000000       -2.04649650942701       -1.94171670000000     
  0.199000000000000       -2.05630315942701       -1.95152335000000     
