  0.000000000000000E+000  0.000000000000000E+000
  1.000000000000000E-003  1.571066497344832E-004
  2.000000000000000E-003  6.284265989379326E-004
  3.000000000000000E-003  1.413959847610348E-003
  4.000000000000000E-003  2.513706395751731E-003
  5.000000000000000E-003  3.927666243362079E-003
  6.000000000000000E-003  5.655839390441394E-003
  7.000000000000000E-003  7.698225836989675E-003
  8.000000000000000E-003  1.005482558300692E-002
  9.000000000000001E-003  1.272563862849314E-002
  1.000000000000000E-002  1.571066497344832E-002
  1.100000000000000E-002  1.900990461787246E-002
  1.200000000000000E-002  2.262335756176558E-002
  1.300000000000000E-002  2.655102380512766E-002
  1.400000000000000E-002  3.079290334795870E-002
  1.500000000000000E-002  3.534899619025871E-002
  1.600000000000000E-002  4.021930233202769E-002
  1.700000000000000E-002  4.540382177326564E-002
  1.800000000000000E-002  5.090255451397255E-002
  1.900000000000000E-002  5.671550055414842E-002
  2.000000000000000E-002  6.284265989379327E-002
  2.100000000000000E-002  6.928403253290707E-002
  2.200000000000000E-002  7.603961847148985E-002
  2.300000000000000E-002  8.310941770954158E-002
  2.400000000000000E-002  9.049343024706230E-002
  2.500000000000000E-002  9.819165608405198E-002
  2.600000000000000E-002  0.106204095220511     
  2.700000000000000E-002  0.114530747656438     
  2.800000000000000E-002  0.123171613391835     
  2.900000000000000E-002  0.132126692426700     
  3.000000000000000E-002  0.141395984761035     
  3.100000000000000E-002  0.150979490394838     
  3.200000000000000E-002  0.160877209328111     
  3.300000000000000E-002  0.171089141560852     
  3.400000000000000E-002  0.181615287093063     
  3.500000000000000E-002  0.192455645924742     
  3.600000000000000E-002  0.203610218055890     
  3.700000000000000E-002  0.215079003486508     
  3.800000000000000E-002  0.226862002216594     
  3.900000000000000E-002  0.238959214246149     
  4.000000000000000E-002  0.251370639575173     
  4.100000000000000E-002  0.264096278203667     
  4.200000000000000E-002  0.277136130131629     
  4.300000000000000E-002  0.290490195359060     
  4.400000000000000E-002  0.304158473885960     
  4.500000000000000E-002  0.318140965712329     
  4.600000000000000E-002  0.332437670838167     
  4.700000000000000E-002  0.347048589263474     
  4.800000000000000E-002  0.361973720988250     
  4.900000000000000E-002  0.377213066012495     
  5.000000000000000E-002  0.392766624336209     
  5.100000000000000E-002  0.408634395959392     
  5.200000000000000E-002  0.424816380882044     
  5.300000000000000E-002  0.441312579104164     
  5.400000000000000E-002  0.458122990625754     
  5.500000000000000E-002  0.475247615446813     
  5.600000000000000E-002  0.492686453567341     
  5.700000000000000E-002  0.510439504987337     
  5.800000000000000E-002  0.528506769706803     
  5.900000000000000E-002  0.546888247725738     
  6.000000000000000E-002  0.565583939044141     
  6.100000000000000E-002  0.584593843662014     
  6.200000000000000E-002  0.603917961579355     
  6.300000000000000E-002  0.623556292796166     
  6.400000000000000E-002  0.643508837312445     
  6.500000000000000E-002  0.663775595128194     
  6.600000000000000E-002  0.684356566243411     
  6.700000000000000E-002  0.705251750658097     
  6.800000000000000E-002  0.726461148372253     
  6.900000000000001E-002  0.747984759385877     
  7.000000000000001E-002  0.769822583698970     
  7.100000000000001E-002  0.791974621311532     
  7.200000000000001E-002  0.814440872223564     
  7.300000000000000E-002  0.837221336435064     
  7.400000000000000E-002  0.860316013946033     
  7.500000000000000E-002  0.883724904756471     
  7.600000000000000E-002  0.907448008866378     
  7.700000000000000E-002  0.931485326275754     
  7.800000000000000E-002  0.955836856984599     
  7.900000000000000E-002  0.980502600992913     
  8.000000000000000E-002   1.00548255830070     
  8.100000000000000E-002   1.03077672890795     
  8.200000000000000E-002   1.05638511281467     
  8.300000000000000E-002   1.08230771002086     
  8.400000000000001E-002   1.10854452052652     
  8.500000000000001E-002   1.13509554433165     
  8.600000000000001E-002   1.16196078143624     
  8.700000000000001E-002   1.18914023184031     
  8.799999999999999E-002   1.21663389554384     
  8.900000000000000E-002   1.24444177254685     
  9.000000000000000E-002   1.27256386284932     
  9.100000000000000E-002   1.30100016645126     
  9.200000000000000E-002   1.32975068335267     
  9.300000000000000E-002   1.35881541355355     
  9.400000000000000E-002   1.38819435705390     
  9.500000000000000E-002   1.41788751385372     
  9.600000000000000E-002   1.44789488395300     
  9.700000000000000E-002   1.47821646735176     
  9.800000000000000E-002   1.50885226404998     
  9.900000000000000E-002   1.53980227404768     
  0.100000000000000        1.57106649734484     
  0.101000000000000        1.60264493394147     
  0.102000000000000        1.63453758383757     
  0.103000000000000        1.66674444703314     
  0.104000000000000        1.69926552352818     
  0.105000000000000        1.73210081332268     
  0.106000000000000        1.76525031641666     
  0.107000000000000        1.79871403281011     
  0.108000000000000        1.83249196250302     
  0.109000000000000        1.86658410549540     
  0.110000000000000        1.90099046178725     
  0.111000000000000        1.93571103137857     
  0.112000000000000        1.97074581426936     
  0.113000000000000        2.00609481045962     
  0.114000000000000        2.04175801994935     
  0.115000000000000        2.07773544273855     
  0.116000000000000        2.11402707882721     
  0.117000000000000        2.15063292821535     
  0.118000000000000        2.18755299090295     
  0.119000000000000        2.22478726689003     
  0.120000000000000        2.26233575617657     
  0.121000000000000        2.30019845876258     
  0.122000000000000        2.33837537464806     
  0.123000000000000        2.37686650383301     
  0.124000000000000        2.41567184631742     
  0.125000000000000        2.45479140210131     
  0.126000000000000        2.49422517118466     
  0.127000000000000        2.53397315356749     
  0.128000000000000        2.57403534924978     
  0.129000000000000        2.61441175823155     
  0.130000000000000        2.65510238051278     
  0.131000000000000        2.69610721609348     
  0.132000000000000        2.73742626497365     
  0.133000000000000        2.77905952715328     
  0.134000000000000        2.82100700263239     
  0.135000000000000        2.86326869141097     
  0.136000000000000        2.90584459348901     
  0.137000000000000        2.94873470886653     
  0.138000000000000        2.99193903754351     
  0.139000000000000        3.03545757951996     
  0.140000000000000        3.07929033479588     
  0.141000000000000        3.12343730337127     
  0.142000000000000        3.16789848524613     
  0.143000000000000        3.21267388042046     
  0.144000000000000        3.25776348889426     
  0.145000000000000        3.30316731066752     
  0.146000000000000        3.34888534574026     
  0.147000000000000        3.39491759411246     
  0.148000000000000        3.44126405578413     
  0.149000000000000        3.48792473075528     
  0.150000000000000        3.53489961902589     
  0.151000000000000        3.58218872059597     
  0.152000000000000        3.62979203546552     
  0.153000000000000        3.67770956363453     
  0.154000000000000        3.72594130510302     
  0.155000000000000        3.77448725987097     
  0.156000000000000        3.82334742793840     
  0.157000000000000        3.87252180930529     
  0.158000000000000        3.92201040397166     
  0.159000000000000        3.97181321193749     
  0.160000000000000        4.02193023320279     
  0.161000000000000        4.07236146776756     
  0.162000000000000        4.12310691563180     
  0.163000000000000        4.17416657679550     
  0.164000000000000        4.22554045125868     
  0.165000000000000        4.27722853902132     
  0.166000000000000        4.32923084008344     
  0.167000000000000        4.38154735444502     
  0.168000000000000        4.43417808210607     
  0.169000000000000        4.48712302306659     
  0.170000000000000        4.54038217732658     
  0.171000000000000        4.59395554488604     
  0.172000000000000        4.64784312574497     
  0.173000000000000        4.70204491990337     
  0.174000000000000        4.75656092736123     
  0.175000000000000        4.81139114811857     
  0.176000000000000        4.86653558217537     
  0.177000000000000        4.92199422953165     
  0.178000000000000        4.97776709018739     
  0.179000000000000        5.03385416414260     
  0.180000000000000        5.09025545139728     
  0.181000000000000        5.14697095195143     
  0.182000000000000        5.20400066580504     
  0.183000000000000        5.26134459295813     
  0.184000000000000        5.31900273341069     
  0.185000000000000        5.37697508716271     
  0.186000000000000        5.43526165421421     
  0.187000000000000        5.49386243456517     
  0.188000000000000        5.55277742821560     
  0.189000000000000        5.61200663516550     
  0.190000000000000        5.67155005541487     
  0.191000000000000        5.73140768896371     
  0.192000000000000        5.79157953581201     
  0.193000000000000        5.85206559595979     
  0.194000000000000        5.91286586940704     
  0.195000000000000        5.97398035615375     
  0.196000000000000        6.03540905619993     
  0.197000000000000        6.09715196954559     
  0.198000000000000        6.15920909619071     
  0.199000000000000        6.22158043613530     
  0.200000000000000        6.28426598937936     
  0.201000000000000        6.34726575592288     
  0.202000000000000        6.41057973576588     
  0.203000000000000        6.47420792890835     
  0.204000000000000        6.53815033535028     
  0.205000000000000        6.60240695509169     
  0.206000000000000        6.66697778813256     
  0.207000000000000        6.73186283447290     
  0.208000000000000        6.79706209411271     
  0.209000000000000        6.86257556705198     
  0.210000000000000        6.92840325329073     
  0.211000000000000        6.99454515282895     
  0.212000000000000        7.06100126566663     
  0.213000000000000        7.12777159180379     
  0.214000000000000        7.19485613124041     
  0.215000000000000        7.26225488397650     
  0.216000000000000        7.32996785001206     
  0.217000000000000        7.39799502934709     
  0.218000000000000        7.46633642198159     
  0.219000000000000        7.53499202791556     
  0.220000000000000        7.60396184714900     
  0.221000000000000        7.67324587968190     
  0.222000000000000        7.74284412551428     
  0.223000000000000        7.81275658464612     
  0.224000000000000        7.88298325707743     
  0.225000000000000        7.95352414280821     
  0.226000000000000        8.02437924183847     
  0.227000000000000        8.09554855416818     
  0.228000000000000        8.16703207979737     
  0.229000000000000        8.23882981872603     
  0.230000000000000        8.31094177095416     
  0.231000000000000        8.38336793648175     
  0.232000000000000        8.45610831530882     
  0.233000000000000        8.52916290743535     
  0.234000000000000        8.60253171286135     
  0.235000000000000        8.67621473158682     
  0.236000000000000        8.75021196361176     
  0.237000000000000        8.82452340893617     
  0.238000000000000        8.89914906756005     
  0.239000000000000        8.97408893948340     
  0.240000000000000        9.04934302470621     
  0.241000000000000        9.12491132322850     
  0.242000000000000        9.20079383505025     
  0.243000000000000        9.27699056017148     
  0.244000000000000        9.35350149859217     
  0.245000000000000        9.43032665031233     
  0.246000000000000        9.50746601533196     
  0.247000000000000        9.58491959365105     
  0.248000000000000        9.66268738526962     
  0.249000000000000        9.74076939018766     
  0.250000000000000        9.81916560840516     
  0.251000000000000        9.89787603992214     
  0.252000000000000        9.97690068473858     
  0.253000000000000        10.0562395428545     
  0.254000000000000        10.1358926142699     
  0.255000000000000        10.2158598989847     
  0.256000000000000        10.2961413969990     
  0.257000000000000        10.3767371083128     
  0.258000000000000        10.4576470329261     
  0.259000000000000        10.5388711708388     
  0.260000000000000        10.6204095220510     
  0.261000000000000        10.7022620865627     
  0.262000000000000        10.7844288643738     
  0.263000000000000        10.8669098554844     
  0.264000000000000        10.9497050598945     
  0.265000000000000        11.0328144776040     
  0.266000000000000        11.1162381086130     
  0.267000000000000        11.1999759529215     
  0.268000000000000        11.2840280105295     
  0.269000000000000        11.3683942814369     
  0.270000000000000        11.4530747656438     
  0.271000000000000        11.5380694631501     
  0.272000000000000        11.6233783739559     
  0.273000000000000        11.7090014980612     
  0.274000000000000        11.7949388354660     
  0.275000000000000        11.8811903861702     
  0.276000000000000        11.9677561501739     
  0.277000000000000        12.0546361274771     
  0.278000000000000        12.1418303180797     
  0.279000000000000        12.2293387219818     
  0.280000000000000        12.3171613391834     
  0.281000000000000        12.4052981696844     
  0.282000000000000        12.4937492134849     
  0.283000000000000        12.5825144705849     
  0.284000000000000        12.6715939409844     
  0.285000000000000        12.7609876246833     
  0.286000000000000        12.8506955216817     
  0.287000000000000        12.9407176319795     
  0.288000000000000        13.0310539555769     
  0.289000000000000        13.1217044924737     
  0.290000000000000        13.2126692426699     
  0.291000000000000        13.3039482061657     
  0.292000000000000        13.3955413829609     
  0.293000000000000        13.4874487730555     
  0.294000000000000        13.5796703764497     
  0.295000000000000        13.6722061931433     
  0.296000000000000        13.7650562231364     
  0.297000000000000        13.8582204664289     
  0.298000000000000        13.9516989230209     
  0.299000000000000        14.0454915929124     
  0.300000000000000        14.1395984761034     
  0.301000000000000        14.2340195725938     
  0.302000000000000        14.3287548823837     
  0.303000000000000        14.4238044054730     
  0.304000000000000        14.5191681418619     
  0.305000000000000        14.6148460915502     
  0.306000000000000        14.7108382545379     
  0.307000000000000        14.8071446308252     
  0.308000000000000        14.9037652204119     
  0.309000000000000        15.0007000232980     
  0.310000000000000        15.0979490394837     
  0.311000000000000        15.1955122689688     
  0.312000000000000        15.2933897117534     
  0.313000000000000        15.2933897115532     
  0.314000000000000        15.1955122687692     
  0.315000000000000        15.0979490392848     
  0.316000000000000        15.0007000230998     
  0.317000000000000        14.9037652202142     
  0.318000000000000        14.8071446306282     
  0.319000000000000        14.7108382543416     
  0.320000000000000        14.6148460913545     
  0.321000000000000        14.5191681416668     
  0.322000000000000        14.4238044052786     
  0.323000000000000        14.3287548821899     
  0.324000000000000        14.2340195724006     
  0.325000000000000        14.1395984759109     
  0.326000000000000        14.0454915927206     
  0.327000000000000        13.9516989228297     
  0.328000000000000        13.8582204662383     
  0.329000000000000        13.7650562229464     
  0.330000000000000        13.6722061929540     
  0.331000000000000        13.5796703762610     
  0.332000000000000        13.4874487728675     
  0.333000000000000        13.3955413827735     
  0.334000000000000        13.3039482059789     
  0.335000000000000        13.2126692424838     
  0.336000000000000        13.1217044922882     
  0.337000000000000        13.0310539553921     
  0.338000000000000        12.9407176317954     
  0.339000000000000        12.8506955214982     
  0.340000000000000        12.7609876245004     
  0.341000000000000        12.6715939408022     
  0.342000000000000        12.5825144704033     
  0.343000000000000        12.4937492133040     
  0.344000000000000        12.4052981695041     
  0.345000000000000        12.3171613390037     
  0.346000000000000        12.2293387218028     
  0.347000000000000        12.1418303179013     
  0.348000000000000        12.0546361272993     
  0.349000000000000        11.9677561499968     
  0.350000000000000        11.8811903859938     
  0.351000000000000        11.7949388352902     
  0.352000000000000        11.7090014978861     
  0.353000000000000        11.6233783737814     
  0.354000000000000        11.5380694629762     
  0.355000000000000        11.4530747654705     
  0.356000000000000        11.3683942812643     
  0.357000000000000        11.2840280103575     
  0.358000000000000        11.1999759527502     
  0.359000000000000        11.1162381084424     
  0.360000000000000        11.0328144774340     
  0.361000000000000        10.9497050597251     
  0.362000000000000        10.8669098553157     
  0.363000000000000        10.7844288642057     
  0.364000000000000        10.7022620863952     
  0.365000000000000        10.6204095218842     
  0.366000000000000        10.5388711706726     
  0.367000000000000        10.4576470327605     
  0.368000000000000        10.3767371081479     
  0.369000000000000        10.2961413968348     
  0.370000000000000        10.2158598988211     
  0.371000000000000        10.1358926141069     
  0.372000000000000        10.0562395426922     
  0.373000000000000        9.97690068457689     
  0.374000000000000        9.89787603976109     
  0.375000000000000        9.81916560824476     
  0.376000000000000        9.74076939002789     
  0.377000000000000        9.66268738511050     
  0.378000000000000        9.58491959349257     
  0.379000000000000        9.50746601517412     
  0.380000000000000        9.43032665015513     
  0.381000000000000        9.35350149843561     
  0.382000000000000        9.27699056001556     
  0.383000000000000        9.20079383489498     
  0.384000000000000        9.12491132307387     
  0.385000000000000        9.04934302455222     
  0.386000000000000        8.97408893933005     
  0.387000000000000        8.89914906740734     
  0.388000000000000        8.82452340878411     
  0.389000000000000        8.75021196346034     
  0.390000000000000        8.67621473143604     
  0.391000000000000        8.60253171271121     
  0.392000000000000        8.52916290728585     
  0.393000000000000        8.45610831515996     
  0.394000000000000        8.38336793633354     
  0.395000000000000        8.31094177080658     
  0.396000000000000        8.23882981857910     
  0.397000000000000        8.16703207965108     
  0.398000000000000        8.09554855402254     
  0.399000000000000        8.02437924169346     
  0.400000000000000        7.95352414266385     
  0.401000000000000        7.88298325693371     
  0.402000000000000        7.81275658450304     
  0.403000000000000        7.74284412537184     
  0.404000000000000        7.67324587954010     
  0.405000000000000        7.60396184700784     
  0.406000000000000        7.53499202777504     
  0.407000000000000        7.46633642184172     
  0.408000000000000        7.39799502920786     
  0.409000000000000        7.32996784987347     
  0.410000000000000        7.26225488383855     
  0.411000000000000        7.19485613110310     
  0.412000000000000        7.12777159166712     
  0.413000000000000        7.06100126553061     
  0.414000000000000        6.99454515269356     
  0.415000000000000        6.92840325315599     
  0.416000000000000        6.86257556691788     
  0.417000000000000        6.79706209397925     
  0.418000000000000        6.73186283434008     
  0.419000000000000        6.66697778800038     
  0.420000000000000        6.60240695496015     
  0.421000000000000        6.53815033521939     
  0.422000000000000        6.47420792877810     
  0.423000000000000        6.41057973563627     
  0.424000000000000        6.34726575579392     
  0.425000000000000        6.28426598925103     
  0.426000000000000        6.22158043600761     
  0.427000000000000        6.15920909606366     
  0.428000000000000        6.09715196941919     
  0.429000000000000        6.03540905607418     
  0.430000000000000        5.97398035602863     
  0.431000000000000        5.91286586928256     
  0.432000000000000        5.85206559583596     
  0.433000000000000        5.79157953568882     
  0.434000000000000        5.73140768884116     
  0.435000000000000        5.67155005529296     
  0.436000000000000        5.61200663504423     
  0.437000000000000        5.55277742809497     
  0.438000000000000        5.49386243444518     
  0.439000000000000        5.43526165409486     
  0.440000000000000        5.37697508704401     
  0.441000000000000        5.31900273329263     
  0.442000000000000        5.26134459284071     
  0.443000000000000        5.20400066568827     
  0.444000000000000        5.14697095183529     
  0.445000000000000        5.09025545128179     
  0.446000000000000        5.03385416402775     
  0.447000000000000        4.97776709007318     
  0.448000000000000        4.92199422941808     
  0.449000000000000        4.86653558206245     
  0.450000000000000        4.81139114800628     
  0.451000000000000        4.75656092724959     
  0.452000000000000        4.70204491979237     
  0.453000000000000        4.64784312563461     
  0.454000000000000        4.59395554477632     
  0.455000000000000        4.54038217721751     
  0.456000000000000        4.48712302295816     
  0.457000000000000        4.43417808199828     
  0.458000000000000        4.38154735433787     
  0.459000000000000        4.32923083997693     
  0.460000000000000        4.27722853891546     
  0.461000000000000        4.22554045115345     
  0.462000000000000        4.17416657669092     
  0.463000000000000        4.12310691552785     
  0.464000000000000        4.07236146766425     
  0.465000000000000        4.02193023310013     
  0.466000000000000        3.97181321183547     
  0.467000000000000        3.92201040387028     
  0.468000000000000        3.87252180920456     
  0.469000000000000        3.82334742783831     
  0.470000000000000        3.77448725977152     
  0.471000000000000        3.72594130500421     
  0.472000000000000        3.67770956353636     
  0.473000000000000        3.62979203536799     
  0.474000000000000        3.58218872049908     
  0.475000000000000        3.53489961892964     
  0.476000000000000        3.48792473065967     
  0.477000000000000        3.44126405568917     
  0.478000000000000        3.39491759401814     
  0.479000000000000        3.34888534564658     
  0.480000000000000        3.30316731057449     
  0.481000000000000        3.25776348880186     
  0.482000000000000        3.21267388032871     
  0.483000000000000        3.16789848515502     
  0.484000000000000        3.12343730328080     
  0.485000000000000        3.07929033470606     
  0.486000000000000        3.03545757943078     
  0.487000000000000        2.99193903745497     
  0.488000000000000        2.94873470877862     
  0.489000000000000        2.90584459340175     
  0.490000000000000        2.86326869132435     
  0.491000000000000        2.82100700254641     
  0.492000000000000        2.77905952706795     
  0.493000000000000        2.73742626488895     
  0.494000000000000        2.69610721600942     
  0.495000000000000        2.65510238042937     
  0.496000000000000        2.61441175814878     
  0.497000000000000        2.57403534916765     
  0.498000000000000        2.53397315348600     
  0.499000000000000        2.49422517110382     
  0.500000000000000        2.45479140202111     
  0.501000000000000        2.41567184623786     
  0.502000000000000        2.37686650375409     
  0.503000000000000        2.33837537456978     
  0.504000000000000        2.30019845868494     
  0.505000000000000        2.26233575609957     
  0.506000000000000        2.22478726681367     
  0.507000000000000        2.18755299082724     
  0.508000000000000        2.15063292814028     
  0.509000000000000        2.11402707875278     
  0.510000000000000        2.07773544266476     
  0.511000000000000        2.04175801987621     
  0.512000000000000        2.00609481038712     
  0.513000000000000        1.97074581419750     
  0.514000000000000        1.93571103130735     
  0.515000000000000        1.90099046171667     
  0.516000000000000        1.86658410542546     
  0.517000000000000        1.83249196243372     
  0.518000000000000        1.79871403274145     
  0.519000000000000        1.76525031634865     
  0.520000000000000        1.73210081325531     
  0.521000000000000        1.69926552346145     
  0.522000000000000        1.66674444696705     
  0.523000000000000        1.63453758377212     
  0.524000000000000        1.60264493387666     
  0.525000000000000        1.57106649728067     
  0.526000000000000        1.53980227398415     
  0.527000000000000        1.50885226398710     
  0.528000000000000        1.47821646728952     
  0.529000000000000        1.44789488389141     
  0.530000000000000        1.41788751379276     
  0.531000000000000        1.38819435699359     
  0.532000000000000        1.35881541349388     
  0.533000000000000        1.32975068329364     
  0.534000000000000        1.30100016639287     
  0.535000000000000        1.27256386279157     
  0.536000000000000        1.24444177248974     
  0.537000000000000        1.21663389548738     
  0.538000000000000        1.18914023178449     
  0.539000000000000        1.16196078138106     
  0.540000000000000        1.13509554427711     
  0.541000000000000        1.10854452047262     
  0.542000000000000        1.08230770996760     
  0.543000000000000        1.05638511276205     
  0.544000000000000        1.03077672885598     
  0.545000000000000        1.00548255824937     
  0.546000000000000       0.980502600942224     
  0.547000000000000       0.955836856934552     
  0.548000000000000       0.931485326226348     
  0.549000000000000       0.907448008817614     
  0.550000000000000       0.883724904708349     
  0.551000000000000       0.860316013898552     
  0.552000000000000       0.837221336388224     
  0.553000000000000       0.814440872177366     
  0.554000000000000       0.791974621265977     
  0.555000000000000       0.769822583654056     
  0.556000000000000       0.747984759341604     
  0.557000000000000       0.726461148328622     
  0.558000000000000       0.705251750615108     
  0.559000000000000       0.684356566201063     
  0.560000000000000       0.663775595086487     
  0.561000000000000       0.643508837271381     
  0.562000000000000       0.623556292755743     
  0.563000000000000       0.603917961539574     
  0.564000000000000       0.584593843622874     
  0.565000000000000       0.565583939005643     
  0.566000000000000       0.546888247687881     
  0.567000000000000       0.528506769669588     
  0.568000000000000       0.510439504950764     
  0.569000000000000       0.492686453531409     
  0.570000000000000       0.475247615411523     
  0.571000000000000       0.458122990591106     
  0.572000000000000       0.441312579070158     
  0.573000000000000       0.424816380848679     
  0.574000000000000       0.408634395926669     
  0.575000000000000       0.392766624304127     
  0.576000000000000       0.377213065981055     
  0.577000000000000       0.361973720957452     
  0.578000000000000       0.347048589233317     
  0.579000000000000       0.332437670808652     
  0.580000000000000       0.318140965683456     
  0.581000000000000       0.304158473857728     
  0.582000000000000       0.290490195331470     
  0.583000000000000       0.277136130104680     
  0.584000000000000       0.264096278177360     
  0.585000000000000       0.251370639549508     
  0.586000000000000       0.238959214221126     
  0.587000000000000       0.226862002192212     
  0.588000000000000       0.215079003462767     
  0.589000000000000       0.203610218032792     
  0.590000000000000       0.192455645902285     
  0.591000000000000       0.181615287071247     
  0.592000000000000       0.171089141539678     
  0.593000000000000       0.160877209307579     
  0.594000000000000       0.150979490374948     
  0.595000000000000       0.141395984741786     
  0.596000000000000       0.132126692408093     
  0.597000000000000       0.123171613373869     
  0.598000000000000       0.114530747639114     
  0.599000000000000       0.106204095203828     
  0.600000000000000       9.819165606801114E-002
  0.601000000000000       9.049343023166311E-002
  0.602000000000000       8.310941769478403E-002
  0.603000000000000       7.603961845737392E-002
  0.604000000000000       6.928403251943278E-002
  0.605000000000000       6.284265988096061E-002
  0.606000000000000       5.671550054195739E-002
  0.607000000000000       5.090255450242315E-002
  0.608000000000000       4.540382176235787E-002
  0.609000000000000       4.021930232176155E-002
  0.610000000000000       3.534899618063421E-002
  0.611000000000000       3.079290333897583E-002
  0.612000000000000       2.655102379678642E-002
  0.613000000000000       2.262335755406597E-002
  0.614000000000000       1.900990461081450E-002
  0.615000000000000       1.571066496703198E-002
  0.616000000000000       1.272563862271844E-002
  0.617000000000000       1.005482557787386E-002
  0.618000000000000       7.698225832498243E-003
  0.619000000000000       5.655839386591595E-003
  0.620000000000000       3.927666240153913E-003
  0.621000000000000       2.513706393185198E-003
  0.622000000000000       1.413959845685449E-003
  0.623000000000000       6.284265976546662E-004
  0.624000000000000       1.571066490928499E-004
  0.625000000000000       6.551174096935624E-022
  0.626000000000000       1.571066503761164E-004
  0.627000000000000       6.284266002211991E-004
  0.628000000000000       1.413959849535248E-003
  0.629000000000000       2.513706398318263E-003
  0.630000000000000       3.927666246570245E-003
  0.631000000000000       5.655839394291193E-003
  0.632000000000000       7.698225841481107E-003
  0.633000000000000       1.005482558813999E-002
  0.634000000000000       1.272563863426784E-002
  0.635000000000000       1.571066497986465E-002
  0.636000000000000       1.900990462493043E-002
  0.637000000000000       2.262335756946517E-002
  0.638000000000000       2.655102381346889E-002
  0.639000000000000       3.079290335694156E-002
  0.640000000000000       3.534899619988321E-002
  0.641000000000000       4.021930234229382E-002
  0.642000000000000       4.540382178417340E-002
  0.643000000000000       5.090255452552194E-002
  0.644000000000000       5.671550056633945E-002
  0.645000000000000       6.284265990662592E-002
  0.646000000000000       6.928403254638137E-002
  0.647000000000000       7.603961848560578E-002
  0.648000000000000       8.310941772429915E-002
  0.649000000000000       9.049343026246150E-002
  0.650000000000000       9.819165610009281E-002
  0.651000000000000       0.106204095237193     
  0.652000000000000       0.114530747673762     
  0.653000000000000       0.123171613409801     
  0.654000000000000       0.132126692445308     
  0.655000000000000       0.141395984780284     
  0.656000000000000       0.150979490414729     
  0.657000000000000       0.160877209348643     
  0.658000000000000       0.171089141582026     
  0.659000000000000       0.181615287114878     
  0.660000000000000       0.192455645947199     
  0.661000000000000       0.203610218078989     
  0.662000000000000       0.215079003510248     
  0.663000000000000       0.226862002240976     
  0.664000000000000       0.238959214271173     
  0.665000000000000       0.251370639600839     
  0.666000000000000       0.264096278229974     
  0.667000000000000       0.277136130158577     
  0.668000000000000       0.290490195386650     
  0.669000000000000       0.304158473914192     
  0.670000000000000       0.318140965741203     
  0.671000000000000       0.332437670867682     
  0.672000000000000       0.347048589293631     
  0.673000000000000       0.361973721019049     
  0.674000000000000       0.377213066043935     
  0.675000000000000       0.392766624368291     
  0.676000000000000       0.408634395992115     
  0.677000000000000       0.424816380915409     
  0.678000000000000       0.441312579138171     
  0.679000000000000       0.458122990660402     
  0.680000000000000       0.475247615482103     
  0.681000000000000       0.492686453603272     
  0.682000000000000       0.510439505023910     
  0.683000000000000       0.528506769744018     
  0.684000000000000       0.546888247763594     
  0.685000000000000       0.565583939082639     
  0.686000000000000       0.584593843701153     
  0.687000000000000       0.603917961619136     
  0.688000000000000       0.623556292836589     
  0.689000000000000       0.643508837353510     
  0.690000000000000       0.663775595169900     
  0.691000000000000       0.684356566285759     
  0.692000000000000       0.705251750701087     
  0.693000000000000       0.726461148415884     
  0.694000000000000       0.747984759430150     
  0.695000000000000       0.769822583743885     
  0.696000000000000       0.791974621357088     
  0.697000000000000       0.814440872269761     
  0.698000000000000       0.837221336481903     
  0.699000000000000       0.860316013993514     
  0.700000000000000       0.883724904804594     
  0.701000000000000       0.907448008915142     
  0.702000000000000       0.931485326325160     
  0.703000000000000       0.955836857034646     
  0.704000000000000       0.980502601043602     
  0.705000000000000        1.00548255835203     
  0.706000000000000        1.03077672895992     
  0.707000000000000        1.05638511286728     
  0.708000000000000        1.08230771007411     
  0.709000000000000        1.10854452058041     
  0.710000000000000        1.13509554438618     
  0.711000000000000        1.16196078149142     
  0.712000000000000        1.18914023189613     
  0.713000000000000        1.21663389560031     
  0.714000000000000        1.24444177260395     
  0.715000000000000        1.27256386290707     
  0.716000000000000        1.30100016650965     
  0.717000000000000        1.32975068341170     
  0.718000000000000        1.35881541361322     
  0.719000000000000        1.38819435711421     
  0.720000000000000        1.41788751391467     
  0.721000000000000        1.44789488401460     
  0.722000000000000        1.47821646741400     
  0.723000000000000        1.50885226411286     
  0.724000000000000        1.53980227411120     
  0.725000000000000        1.57106649740900     
  0.726000000000000        1.60264493400627     
  0.727000000000000        1.63453758390302     
  0.728000000000000        1.66674444709923     
  0.729000000000000        1.69926552359491     
  0.730000000000000        1.73210081339006     
  0.731000000000000        1.76525031648467     
  0.732000000000000        1.79871403287876     
  0.733000000000000        1.83249196257232     
  0.734000000000000        1.86658410556534     
  0.735000000000000        1.90099046185783     
  0.736000000000000        1.93571103144980     
  0.737000000000000        1.97074581434123     
  0.738000000000000        2.00609481053213     
  0.739000000000000        2.04175802002250     
  0.740000000000000        2.07773544281234     
  0.741000000000000        2.11402707890164     
  0.742000000000000        2.15063292829042     
  0.743000000000000        2.18755299097867     
  0.744000000000000        2.22478726696638     
  0.745000000000000        2.26233575625356     
  0.746000000000000        2.30019845884022     
  0.747000000000000        2.33837537472634     
  0.748000000000000        2.37686650391193     
  0.749000000000000        2.41567184639699     
  0.750000000000000        2.45479140218151     
  0.751000000000000        2.49422517126551     
  0.752000000000000        2.53397315364898     
  0.753000000000000        2.57403534933191     
  0.754000000000000        2.61441175831432     
  0.755000000000000        2.65510238059619     
  0.756000000000000        2.69610721617753     
  0.757000000000000        2.73742626505834     
  0.758000000000000        2.77905952723862     
  0.759000000000000        2.82100700271837     
  0.760000000000000        2.86326869149759     
  0.761000000000000        2.90584459357628     
  0.762000000000000        2.94873470895443     
  0.763000000000000        2.99193903763206     
  0.764000000000000        3.03545757960915     
  0.765000000000000        3.07929033488571     
  0.766000000000000        3.12343730346174     
  0.767000000000000        3.16789848533724     
  0.768000000000000        3.21267388051221     
  0.769000000000000        3.25776348898665     
  0.770000000000000        3.30316731076056     
  0.771000000000000        3.34888534583394     
  0.772000000000000        3.39491759420678     
  0.773000000000000        3.44126405587910     
  0.774000000000000        3.48792473085088     
  0.775000000000000        3.53489961912213     
  0.776000000000000        3.58218872069285     
  0.777000000000000        3.62979203556304     
  0.778000000000000        3.67770956373270     
  0.779000000000000        3.72594130520183     
  0.780000000000000        3.77448725997043     
  0.781000000000000        3.82334742803849     
  0.782000000000000        3.87252180940603     
  0.783000000000000        3.92201040407303     
  0.784000000000000        3.97181321203951     
  0.785000000000000        4.02193023330545     
  0.786000000000000        4.07236146787086     
  0.787000000000000        4.12310691573574     
  0.788000000000000        4.17416657690009     
  0.789000000000000        4.22554045136391     
  0.790000000000000        4.27722853912719     
  0.791000000000000        4.32923084018995     
  0.792000000000000        4.38154735455217     
  0.793000000000000        4.43417808221387     
  0.794000000000000        4.48712302317503     
  0.795000000000000        4.54038217743566     
  0.796000000000000        4.59395554499576     
  0.797000000000000        4.64784312585533     
  0.798000000000000        4.70204492001437     
  0.799000000000000        4.75656092747288     
  0.800000000000000        4.81139114823086     
  0.801000000000000        4.86653558228830     
  0.802000000000000        4.92199422964522     
  0.803000000000000        4.97776709030160     
  0.804000000000000        5.03385416425745     
  0.805000000000000        5.09025545151277     
  0.806000000000000        5.14697095206756     
  0.807000000000000        5.20400066592182     
  0.808000000000000        5.26134459307555     
  0.809000000000000        5.31900273352875     
  0.810000000000000        5.37697508728141     
  0.811000000000000        5.43526165433355     
  0.812000000000000        5.49386243468515     
  0.813000000000000        5.55277742833623     
  0.814000000000000        5.61200663528677     
  0.815000000000000        5.67155005553678     
  0.816000000000000        5.73140768908626     
  0.817000000000000        5.79157953593521     
  0.818000000000000        5.85206559608363     
  0.819000000000000        5.91286586953151     
  0.820000000000000        5.97398035627887     
  0.821000000000000        6.03540905632569     
  0.822000000000000        6.09715196967199     
  0.823000000000000        6.15920909631775     
  0.824000000000000        6.22158043626298     
  0.825000000000000        6.28426598950768     
  0.826000000000000        6.34726575605185     
  0.827000000000000        6.41057973589549     
  0.828000000000000        6.47420792903860     
  0.829000000000000        6.53815033548117     
  0.830000000000000        6.60240695522322     
  0.831000000000000        6.66697778826473     
  0.832000000000000        6.73186283460571     
  0.833000000000000        6.79706209424617     
  0.834000000000000        6.86257556718608     
  0.835000000000000        6.92840325342547     
  0.836000000000000        6.99454515296433     
  0.837000000000000        7.06100126580266     
  0.838000000000000        7.12777159194045     
  0.839000000000000        7.19485613137772     
  0.840000000000000        7.26225488411445     
  0.841000000000000        7.32996785015065     
  0.842000000000000        7.39799502948633     
  0.843000000000000        7.46633642212147     
  0.844000000000000        7.53499202805608     
  0.845000000000000        7.60396184729016     
  0.846000000000000        7.67324587982370     
  0.847000000000000        7.74284412565672     
  0.848000000000000        7.81275658478920     
  0.849000000000000        7.88298325722116     
  0.850000000000000        7.95352414295258     
  0.851000000000000        8.02437924198347     
  0.852000000000000        8.09554855431383     
  0.853000000000000        8.16703207994366     
  0.854000000000000        8.23882981887296     
  0.855000000000000        8.31094177110173     
  0.856000000000000        8.38336793662997     
  0.857000000000000        8.45610831545767     
  0.858000000000000        8.52916290758485     
  0.859000000000000        8.60253171301149     
  0.860000000000000        8.67621473173761     
  0.861000000000000        8.75021196376319     
  0.862000000000000        8.82452340908824     
  0.863000000000000        8.89914906771276     
  0.864000000000000        8.97408893963675     
  0.865000000000000        9.04934302486020     
  0.866000000000000        9.12491132338313     
  0.867000000000000        9.20079383520553     
  0.868000000000000        9.27699056032739     
  0.869000000000000        9.35350149874872     
  0.870000000000000        9.43032665046952     
  0.871000000000000        9.50746601548980     
  0.872000000000000        9.58491959380954     
  0.873000000000000        9.66268738542875     
  0.874000000000000        9.74076939034742     
  0.875000000000000        9.81916560856557     
  0.876000000000000        9.89787604008319     
  0.877000000000000        9.97690068490027     
  0.878000000000000        10.0562395430168     
  0.879000000000000        10.1358926144328     
  0.880000000000000        10.2158598991483     
  0.881000000000000        10.2961413971633     
  0.882000000000000        10.3767371084777     
  0.883000000000000        10.4576470330916     
  0.884000000000000        10.5388711710050     
  0.885000000000000        10.6204095222178     
  0.886000000000000        10.7022620867301     
  0.887000000000000        10.7844288645419     
  0.888000000000000        10.8669098556532     
  0.889000000000000        10.9497050600639     
  0.890000000000000        11.0328144777741     
  0.891000000000000        11.1162381087837     
  0.892000000000000        11.1999759530928     
  0.893000000000000        11.2840280107014     
  0.894000000000000        11.3683942816095     
  0.895000000000000        11.4530747658170     
  0.896000000000000        11.5380694633240     
  0.897000000000000        11.6233783741305     
  0.898000000000000        11.7090014982364     
  0.899000000000000        11.7949388356418     
  0.900000000000000        11.8811903863467     
  0.901000000000000        11.9677561503510     
  0.902000000000000        12.0546361276548     
  0.903000000000000        12.1418303182581     
  0.904000000000000        12.2293387221608     
  0.905000000000000        12.3171613393630     
  0.906000000000000        12.4052981698647     
  0.907000000000000        12.4937492136659     
  0.908000000000000        12.5825144707665     
  0.909000000000000        12.6715939411666     
  0.910000000000000        12.7609876248662     
  0.911000000000000        12.8506955218652     
  0.912000000000000        12.9407176321637     
  0.913000000000000        13.0310539557617     
  0.914000000000000        13.1217044926591     
  0.915000000000000        13.2126692428560     
  0.916000000000000        13.3039482063524     
  0.917000000000000        13.3955413831482     
  0.918000000000000        13.4874487732435     
  0.919000000000000        13.5796703766383     
  0.920000000000000        13.6722061933326     
  0.921000000000000        13.7650562233263     
  0.922000000000000        13.8582204666195     
  0.923000000000000        13.9516989232121     
  0.924000000000000        14.0454915931042     
  0.925000000000000        14.1395984762958     
  0.926000000000000        14.2340195727869     
  0.927000000000000        14.3287548825774     
  0.928000000000000        14.4238044056674     
  0.929000000000000        14.5191681420569     
  0.930000000000000        14.6148460917458     
  0.931000000000000        14.7108382547343     
  0.932000000000000        14.8071446310221     
  0.933000000000000        14.9037652206095     
  0.934000000000000        15.0007000234963     
  0.935000000000000        15.0979490396826     
  0.936000000000000        15.1955122691683     
  0.937000000000000        15.2933897119536     
  0.938000000000000        15.2933897117534     
  0.939000000000000        15.1955122689688     
  0.940000000000000        15.0979490394837     
  0.941000000000000        15.0007000232980     
  0.942000000000000        14.9037652204119     
  0.943000000000000        14.8071446308252     
  0.944000000000000        14.7108382545379     
  0.945000000000000        14.6148460915502     
  0.946000000000000        14.5191681418619     
  0.947000000000000        14.4238044054730     
  0.948000000000000        14.3287548823837     
  0.949000000000000        14.2340195725938     
  0.950000000000000        14.1395984761034     
  0.951000000000000        14.0454915929124     
  0.952000000000000        13.9516989230209     
  0.953000000000000        13.8582204664289     
  0.954000000000000        13.7650562231364     
  0.955000000000000        13.6722061931433     
  0.956000000000000        13.5796703764497     
  0.957000000000000        13.4874487730555     
  0.958000000000000        13.3955413829609     
  0.959000000000000        13.3039482061657     
  0.960000000000000        13.2126692426699     
  0.961000000000000        13.1217044924737     
  0.962000000000000        13.0310539555769     
  0.963000000000000        12.9407176319795     
  0.964000000000000        12.8506955216817     
  0.965000000000000        12.7609876246833     
  0.966000000000000        12.6715939409844     
  0.967000000000000        12.5825144705849     
  0.968000000000000        12.4937492134849     
  0.969000000000000        12.4052981696844     
  0.970000000000000        12.3171613391834     
  0.971000000000000        12.2293387219818     
  0.972000000000000        12.1418303180797     
  0.973000000000000        12.0546361274771     
  0.974000000000000        11.9677561501739     
  0.975000000000000        11.8811903861702     
  0.976000000000000        11.7949388354660     
  0.977000000000000        11.7090014980612     
  0.978000000000000        11.6233783739559     
  0.979000000000000        11.5380694631501     
  0.980000000000000        11.4530747656438     
  0.981000000000000        11.3683942814369     
  0.982000000000000        11.2840280105295     
  0.983000000000000        11.1999759529215     
  0.984000000000000        11.1162381086130     
  0.985000000000000        11.0328144776040     
  0.986000000000000        10.9497050598945     
  0.987000000000000        10.8669098554844     
  0.988000000000000        10.7844288643738     
  0.989000000000000        10.7022620865627     
  0.990000000000000        10.6204095220510     
  0.991000000000000        10.5388711708388     
  0.992000000000000        10.4576470329261     
  0.993000000000000        10.3767371083128     
  0.994000000000000        10.2961413969990     
  0.995000000000000        10.2158598989847     
  0.996000000000000        10.1358926142699     
  0.997000000000000        10.0562395428545     
  0.998000000000000        9.97690068473858     
  0.999000000000000        9.89787603992214     
   1.00000000000000        9.81916560840516     
   1.00100000000000        9.74076939018766     
   1.00200000000000        9.66268738526962     
   1.00300000000000        9.58491959365105     
   1.00400000000000        9.50746601533196     
   1.00500000000000        9.43032665031233     
   1.00600000000000        9.35350149859217     
   1.00700000000000        9.27699056017148     
   1.00800000000000        9.20079383505025     
   1.00900000000000        9.12491132322850     
   1.01000000000000        9.04934302470621     
   1.01100000000000        8.97408893948340     
   1.01200000000000        8.89914906756005     
   1.01300000000000        8.82452340893617     
   1.01400000000000        8.75021196361176     
   1.01500000000000        8.67621473158682     
   1.01600000000000        8.60253171286135     
   1.01700000000000        8.52916290743535     
   1.01800000000000        8.45610831530882     
   1.01900000000000        8.38336793648175     
   1.02000000000000        8.31094177095416     
   1.02100000000000        8.23882981872603     
   1.02200000000000        8.16703207979737     
   1.02300000000000        8.09554855416818     
   1.02400000000000        8.02437924183847     
   1.02500000000000        7.95352414280821     
   1.02600000000000        7.88298325707743     
   1.02700000000000        7.81275658464612     
   1.02800000000000        7.74284412551428     
   1.02900000000000        7.67324587968190     
   1.03000000000000        7.60396184714900     
   1.03100000000000        7.53499202791556     
   1.03200000000000        7.46633642198159     
   1.03300000000000        7.39799502934709     
   1.03400000000000        7.32996785001206     
   1.03500000000000        7.26225488397650     
   1.03600000000000        7.19485613124041     
   1.03700000000000        7.12777159180379     
   1.03800000000000        7.06100126566663     
   1.03900000000000        6.99454515282895     
   1.04000000000000        6.92840325329073     
   1.04100000000000        6.86257556705198     
   1.04200000000000        6.79706209411271     
   1.04300000000000        6.73186283447290     
   1.04400000000000        6.66697778813256     
   1.04500000000000        6.60240695509169     
   1.04600000000000        6.53815033535028     
   1.04700000000000        6.47420792890835     
   1.04800000000000        6.41057973576588     
   1.04900000000000        6.34726575592288     
   1.05000000000000        6.28426598937936     
   1.05100000000000        6.22158043613530     
   1.05200000000000        6.15920909619071     
   1.05300000000000        6.09715196954559     
   1.05400000000000        6.03540905619993     
   1.05500000000000        5.97398035615375     
   1.05600000000000        5.91286586940704     
   1.05700000000000        5.85206559595979     
   1.05800000000000        5.79157953581201     
   1.05900000000000        5.73140768896371     
   1.06000000000000        5.67155005541487     
   1.06100000000000        5.61200663516550     
   1.06200000000000        5.55277742821560     
   1.06300000000000        5.49386243456517     
   1.06400000000000        5.43526165421421     
   1.06500000000000        5.37697508716271     
   1.06600000000000        5.31900273341069     
   1.06700000000000        5.26134459295813     
   1.06800000000000        5.20400066580504     
   1.06900000000000        5.14697095195143     
   1.07000000000000        5.09025545139728     
   1.07100000000000        5.03385416414260     
   1.07200000000000        4.97776709018739     
   1.07300000000000        4.92199422953165     
   1.07400000000000        4.86653558217537     
   1.07500000000000        4.81139114811857     
   1.07600000000000        4.75656092736123     
   1.07700000000000        4.70204491990337     
   1.07800000000000        4.64784312574497     
   1.07900000000000        4.59395554488604     
   1.08000000000000        4.54038217732658     
   1.08100000000000        4.48712302306659     
   1.08200000000000        4.43417808210607     
   1.08300000000000        4.38154735444502     
   1.08400000000000        4.32923084008344     
   1.08500000000000        4.27722853902132     
   1.08600000000000        4.22554045125868     
   1.08700000000000        4.17416657679550     
   1.08800000000000        4.12310691563180     
   1.08900000000000        4.07236146776756     
   1.09000000000000        4.02193023320279     
   1.09100000000000        3.97181321193749     
   1.09200000000000        3.92201040397166     
   1.09300000000000        3.87252180930529     
   1.09400000000000        3.82334742793840     
   1.09500000000000        3.77448725987097     
   1.09600000000000        3.72594130510302     
   1.09700000000000        3.67770956363453     
   1.09800000000000        3.62979203546552     
   1.09900000000000        3.58218872059597     
   1.10000000000000        3.53489961902589     
   1.10100000000000        3.48792473075528     
   1.10200000000000        3.44126405578413     
   1.10300000000000        3.39491759411246     
   1.10400000000000        3.34888534574026     
   1.10500000000000        3.30316731066752     
   1.10600000000000        3.25776348889426     
   1.10700000000000        3.21267388042046     
   1.10800000000000        3.16789848524613     
   1.10900000000000        3.12343730337127     
   1.11000000000000        3.07929033479588     
   1.11100000000000        3.03545757951996     
   1.11200000000000        2.99193903754351     
   1.11300000000000        2.94873470886653     
   1.11400000000000        2.90584459348901     
   1.11500000000000        2.86326869141097     
   1.11600000000000        2.82100700263239     
   1.11700000000000        2.77905952715328     
   1.11800000000000        2.73742626497365     
   1.11900000000000        2.69610721609348     
   1.12000000000000        2.65510238051278     
   1.12100000000000        2.61441175823155     
   1.12200000000000        2.57403534924978     
   1.12300000000000        2.53397315356749     
   1.12400000000000        2.49422517118466     
   1.12500000000000        2.45479140210131     
   1.12600000000000        2.41567184631742     
   1.12700000000000        2.37686650383301     
   1.12800000000000        2.33837537464806     
   1.12900000000000        2.30019845876258     
   1.13000000000000        2.26233575617657     
   1.13100000000000        2.22478726689003     
   1.13200000000000        2.18755299090295     
   1.13300000000000        2.15063292821535     
   1.13400000000000        2.11402707882721     
   1.13500000000000        2.07773544273855     
   1.13600000000000        2.04175801994935     
   1.13700000000000        2.00609481045962     
   1.13800000000000        1.97074581426936     
   1.13900000000000        1.93571103137857     
   1.14000000000000        1.90099046178725     
   1.14100000000000        1.86658410549540     
   1.14200000000000        1.83249196250302     
   1.14300000000000        1.79871403281011     
   1.14400000000000        1.76525031641666     
   1.14500000000000        1.73210081332268     
   1.14600000000000        1.69926552352818     
   1.14700000000000        1.66674444703314     
   1.14800000000000        1.63453758383757     
   1.14900000000000        1.60264493394147     
   1.15000000000000        1.57106649734484     
   1.15100000000000        1.53980227404768     
   1.15200000000000        1.50885226404998     
   1.15300000000000        1.47821646735176     
   1.15400000000000        1.44789488395300     
   1.15500000000000        1.41788751385372     
   1.15600000000000        1.38819435705390     
   1.15700000000000        1.35881541355355     
   1.15800000000000        1.32975068335267     
   1.15900000000000        1.30100016645126     
   1.16000000000000        1.27256386284932     
   1.16100000000000        1.24444177254685     
   1.16200000000000        1.21663389554384     
   1.16300000000000        1.18914023184031     
   1.16400000000000        1.16196078143624     
   1.16500000000000        1.13509554433164     
   1.16600000000000        1.10854452052652     
   1.16700000000000        1.08230771002086     
   1.16800000000000        1.05638511281467     
   1.16900000000000        1.03077672890795     
   1.17000000000000        1.00548255830070     
   1.17100000000000       0.980502600992913     
   1.17200000000000       0.955836856984599     
   1.17300000000000       0.931485326275754     
   1.17400000000000       0.907448008866378     
   1.17500000000000       0.883724904756471     
   1.17600000000000       0.860316013946033     
   1.17700000000000       0.837221336435063     
   1.17800000000000       0.814440872223563     
   1.17900000000000       0.791974621311532     
   1.18000000000000       0.769822583698970     
   1.18100000000000       0.747984759385877     
   1.18200000000000       0.726461148372252     
   1.18300000000000       0.705251750658097     
   1.18400000000000       0.684356566243411     
   1.18500000000000       0.663775595128193     
   1.18600000000000       0.643508837312445     
   1.18700000000000       0.623556292796165     
   1.18800000000000       0.603917961579355     
   1.18900000000000       0.584593843662014     
   1.19000000000000       0.565583939044141     
   1.19100000000000       0.546888247725737     
   1.19200000000000       0.528506769706803     
   1.19300000000000       0.510439504987337     
   1.19400000000000       0.492686453567340     
   1.19500000000000       0.475247615446813     
   1.19600000000000       0.458122990625754     
   1.19700000000000       0.441312579104164     
   1.19800000000000       0.424816380882043     
   1.19900000000000       0.408634395959392     
   1.20000000000000       0.392766624336209     
   1.20100000000000       0.377213066012495     
   1.20200000000000       0.361973720988250     
   1.20300000000000       0.347048589263474     
   1.20400000000000       0.332437670838167     
   1.20500000000000       0.318140965712329     
   1.20600000000000       0.304158473885960     
   1.20700000000000       0.290490195359060     
   1.20800000000000       0.277136130131629     
   1.20900000000000       0.264096278203667     
   1.21000000000000       0.251370639575173     
   1.21100000000000       0.238959214246149     
   1.21200000000000       0.226862002216594     
   1.21300000000000       0.215079003486508     
   1.21400000000000       0.203610218055890     
   1.21500000000000       0.192455645924742     
   1.21600000000000       0.181615287093063     
   1.21700000000000       0.171089141560852     
   1.21800000000000       0.160877209328111     
   1.21900000000000       0.150979490394838     
   1.22000000000000       0.141395984761035     
   1.22100000000000       0.132126692426700     
   1.22200000000000       0.123171613391835     
   1.22300000000000       0.114530747656438     
   1.22400000000000       0.106204095220510     
   1.22500000000000       9.819165608405184E-002
   1.22600000000000       9.049343024706218E-002
   1.22700000000000       8.310941770954147E-002
   1.22800000000000       7.603961847148973E-002
   1.22900000000000       6.928403253290696E-002
   1.23000000000000       6.284265989379316E-002
   1.23100000000000       5.671550055414833E-002
   1.23200000000000       5.090255451397245E-002
   1.23300000000000       4.540382177326555E-002
   1.23400000000000       4.021930233202761E-002
   1.23500000000000       3.534899619025863E-002
   1.23600000000000       3.079290334795863E-002
   1.23700000000000       2.655102380512758E-002
   1.23800000000000       2.262335756176551E-002
   1.23900000000000       1.900990461787240E-002
   1.24000000000000       1.571066497344826E-002
   1.24100000000000       1.272563862849309E-002
   1.24200000000000       1.005482558300688E-002
   1.24300000000000       7.698225836989637E-003
   1.24400000000000       5.655839390441362E-003
   1.24500000000000       3.927666243362053E-003
   1.24600000000000       2.513706395751709E-003
   1.24700000000000       1.413959847610332E-003
   1.24800000000000       6.284265989379219E-004
   1.24900000000000       1.571066497344778E-004
   1.25000000000000       4.530604938624116E-032
   1.25100000000000       1.571066497344885E-004
   1.25200000000000       6.284265989379433E-004
   1.25300000000000       1.413959847610364E-003
   1.25400000000000       2.513706395751752E-003
   1.25500000000000       3.927666243362106E-003
   1.25600000000000       5.655839390441426E-003
   1.25700000000000       7.698225836989712E-003
   1.25800000000000       1.005482558300697E-002
   1.25900000000000       1.272563862849319E-002
   1.26000000000000       1.571066497344837E-002
   1.26100000000000       1.900990461787252E-002
   1.26200000000000       2.262335756176564E-002
   1.26300000000000       2.655102380512772E-002
   1.26400000000000       3.079290334795878E-002
   1.26500000000000       3.534899619025880E-002
   1.26600000000000       4.021930233202777E-002
   1.26700000000000       4.540382177326573E-002
   1.26800000000000       5.090255451397264E-002
   1.26900000000000       5.671550055414852E-002
   1.27000000000000       6.284265989379337E-002
   1.27100000000000       6.928403253290719E-002
   1.27200000000000       7.603961847148998E-002
   1.27300000000000       8.310941770954171E-002
   1.27400000000000       9.049343024706243E-002
   1.27500000000000       9.819165608405210E-002
   1.27600000000000       0.106204095220511     
   1.27700000000000       0.114530747656438     
   1.27800000000000       0.123171613391835     
   1.27900000000000       0.132126692426701     
   1.28000000000000       0.141395984761035     
   1.28100000000000       0.150979490394839     
   1.28200000000000       0.160877209328111     
   1.28300000000000       0.171089141560853     
   1.28400000000000       0.181615287093063     
   1.28500000000000       0.192455645924742     
   1.28600000000000       0.203610218055891     
   1.28700000000000       0.215079003486508     
   1.28800000000000       0.226862002216594     
   1.28900000000000       0.238959214246150     
   1.29000000000000       0.251370639575174     
   1.29100000000000       0.264096278203667     
   1.29200000000000       0.277136130131629     
   1.29300000000000       0.290490195359060     
   1.29400000000000       0.304158473885960     
   1.29500000000000       0.318140965712329     
   1.29600000000000       0.332437670838167     
   1.29700000000000       0.347048589263474     
   1.29800000000000       0.361973720988250     
   1.29900000000000       0.377213066012495     
   1.30000000000000       0.392766624336209     
   1.30100000000000       0.408634395959392     
   1.30200000000000       0.424816380882044     
   1.30300000000000       0.441312579104165     
   1.30400000000000       0.458122990625755     
   1.30500000000000       0.475247615446813     
   1.30600000000000       0.492686453567341     
   1.30700000000000       0.510439504987338     
   1.30800000000000       0.528506769706803     
   1.30900000000000       0.546888247725738     
   1.31000000000000       0.565583939044142     
   1.31100000000000       0.584593843662014     
   1.31200000000000       0.603917961579356     
   1.31300000000000       0.623556292796166     
   1.31400000000000       0.643508837312446     
   1.31500000000000       0.663775595128194     
   1.31600000000000       0.684356566243411     
   1.31700000000000       0.705251750658098     
   1.31800000000000       0.726461148372253     
   1.31900000000000       0.747984759385877     
   1.32000000000000       0.769822583698971     
   1.32100000000000       0.791974621311533     
   1.32200000000000       0.814440872223564     
   1.32300000000000       0.837221336435064     
   1.32400000000000       0.860316013946033     
   1.32500000000000       0.883724904756471     
   1.32600000000000       0.907448008866378     
   1.32700000000000       0.931485326275755     
   1.32800000000000       0.955836856984600     
   1.32900000000000       0.980502600992914     
   1.33000000000000        1.00548255830070     
   1.33100000000000        1.03077672890795     
   1.33200000000000        1.05638511281467     
   1.33300000000000        1.08230771002086     
   1.33400000000000        1.10854452052652     
   1.33500000000000        1.13509554433165     
   1.33600000000000        1.16196078143624     
   1.33700000000000        1.18914023184031     
   1.33800000000000        1.21663389554384     
   1.33900000000000        1.24444177254685     
   1.34000000000000        1.27256386284932     
   1.34100000000000        1.30100016645126     
   1.34200000000000        1.32975068335267     
   1.34300000000000        1.35881541355355     
   1.34400000000000        1.38819435705390     
   1.34500000000000        1.41788751385372     
   1.34600000000000        1.44789488395300     
   1.34700000000000        1.47821646735176     
   1.34800000000000        1.50885226404998     
   1.34900000000000        1.53980227404768     
   1.35000000000000        1.57106649734484     
   1.35100000000000        1.60264493394147     
   1.35200000000000        1.63453758383757     
   1.35300000000000        1.66674444703314     
   1.35400000000000        1.69926552352818     
   1.35500000000000        1.73210081332268     
   1.35600000000000        1.76525031641666     
   1.35700000000000        1.79871403281011     
   1.35800000000000        1.83249196250302     
   1.35900000000000        1.86658410549540     
   1.36000000000000        1.90099046178725     
   1.36100000000000        1.93571103137858     
   1.36200000000000        1.97074581426937     
   1.36300000000000        2.00609481045962     
   1.36400000000000        2.04175801994935     
   1.36500000000000        2.07773544273855     
   1.36600000000000        2.11402707882722     
   1.36700000000000        2.15063292821535     
   1.36800000000000        2.18755299090295     
   1.36900000000000        2.22478726689003     
   1.37000000000000        2.26233575617657     
   1.37100000000000        2.30019845876258     
   1.37200000000000        2.33837537464806     
   1.37300000000000        2.37686650383301     
   1.37400000000000        2.41567184631742     
   1.37500000000000        2.45479140210131     
   1.37600000000000        2.49422517118467     
   1.37700000000000        2.53397315356749     
   1.37800000000000        2.57403534924978     
   1.37900000000000        2.61441175823155     
   1.38000000000000        2.65510238051278     
   1.38100000000000        2.69610721609348     
   1.38200000000000        2.73742626497365     
   1.38300000000000        2.77905952715329     
   1.38400000000000        2.82100700263239     
   1.38500000000000        2.86326869141097     
   1.38600000000000        2.90584459348901     
   1.38700000000000        2.94873470886653     
   1.38800000000000        2.99193903754351     
   1.38900000000000        3.03545757951996     
   1.39000000000000        3.07929033479588     
   1.39100000000000        3.12343730337127     
   1.39200000000000        3.16789848524613     
   1.39300000000000        3.21267388042046     
   1.39400000000000        3.25776348889426     
   1.39500000000000        3.30316731066752     
   1.39600000000000        3.34888534574026     
   1.39700000000000        3.39491759411246     
   1.39800000000000        3.44126405578414     
   1.39900000000000        3.48792473075528     
   1.40000000000000        3.53489961902589     
   1.40100000000000        3.58218872059597     
   1.40200000000000        3.62979203546552     
   1.40300000000000        3.67770956363453     
   1.40400000000000        3.72594130510302     
   1.40500000000000        3.77448725987098     
   1.40600000000000        3.82334742793840     
   1.40700000000000        3.87252180930529     
   1.40800000000000        3.92201040397166     
   1.40900000000000        3.97181321193749     
   1.41000000000000        4.02193023320279     
   1.41100000000000        4.07236146776756     
   1.41200000000000        4.12310691563180     
   1.41300000000000        4.17416657679550     
   1.41400000000000        4.22554045125868     
   1.41500000000000        4.27722853902132     
   1.41600000000000        4.32923084008344     
   1.41700000000000        4.38154735444502     
   1.41800000000000        4.43417808210607     
   1.41900000000000        4.48712302306660     
   1.42000000000000        4.54038217732659     
   1.42100000000000        4.59395554488604     
   1.42200000000000        4.64784312574497     
   1.42300000000000        4.70204491990337     
   1.42400000000000        4.75656092736124     
   1.42500000000000        4.81139114811857     
   1.42600000000000        4.86653558217537     
   1.42700000000000        4.92199422953165     
   1.42800000000000        4.97776709018739     
   1.42900000000000        5.03385416414260     
   1.43000000000000        5.09025545139728     
   1.43100000000000        5.14697095195143     
   1.43200000000000        5.20400066580505     
   1.43300000000000        5.26134459295813     
   1.43400000000000        5.31900273341069     
   1.43500000000000        5.37697508716271     
   1.43600000000000        5.43526165421421     
   1.43700000000000        5.49386243456517     
   1.43800000000000        5.55277742821560     
   1.43900000000000        5.61200663516550     
   1.44000000000000        5.67155005541487     
   1.44100000000000        5.73140768896371     
   1.44200000000000        5.79157953581202     
   1.44300000000000        5.85206559595979     
   1.44400000000000        5.91286586940704     
   1.44500000000000        5.97398035615375     
   1.44600000000000        6.03540905619994     
   1.44700000000000        6.09715196954559     
   1.44800000000000        6.15920909619071     
   1.44900000000000        6.22158043613530     
   1.45000000000000        6.28426598937936     
   1.45100000000000        6.34726575592289     
   1.45200000000000        6.41057973576588     
   1.45300000000000        6.47420792890835     
   1.45400000000000        6.53815033535028     
   1.45500000000000        6.60240695509169     
   1.45600000000000        6.66697778813256     
   1.45700000000000        6.73186283447290     
   1.45800000000000        6.79706209411271     
   1.45900000000000        6.86257556705198     
   1.46000000000000        6.92840325329073     
   1.46100000000000        6.99454515282895     
   1.46200000000000        7.06100126566663     
   1.46300000000000        7.12777159180379     
   1.46400000000000        7.19485613124041     
   1.46500000000000        7.26225488397650     
   1.46600000000000        7.32996785001206     
   1.46700000000000        7.39799502934709     
   1.46800000000000        7.46633642198159     
   1.46900000000000        7.53499202791556     
   1.47000000000000        7.60396184714900     
   1.47100000000000        7.67324587968190     
   1.47200000000000        7.74284412551428     
   1.47300000000000        7.81275658464612     
   1.47400000000000        7.88298325707743     
   1.47500000000000        7.95352414280821     
   1.47600000000000        8.02437924183847     
   1.47700000000000        8.09554855416818     
   1.47800000000000        8.16703207979737     
   1.47900000000000        8.23882981872603     
   1.48000000000000        8.31094177095416     
   1.48100000000000        8.38336793648175     
   1.48200000000000        8.45610831530882     
   1.48300000000000        8.52916290743535     
   1.48400000000000        8.60253171286135     
   1.48500000000000        8.67621473158682     
   1.48600000000000        8.75021196361176     
   1.48700000000000        8.82452340893617     
   1.48800000000000        8.89914906756005     
   1.48900000000000        8.97408893948340     
   1.49000000000000        9.04934302470621     
   1.49100000000000        9.12491132322850     
   1.49200000000000        9.20079383505025     
   1.49300000000000        9.27699056017148     
   1.49400000000000        9.35350149859217     
   1.49500000000000        9.43032665031233     
   1.49600000000000        9.50746601533196     
   1.49700000000000        9.58491959365105     
   1.49800000000000        9.66268738526962     
   1.49900000000000        9.74076939018766     
   1.50000000000000        9.81916560840516     
   1.50100000000000        9.89787603992214     
   1.50200000000000        9.97690068473858     
   1.50300000000000        10.0562395428545     
   1.50400000000000        10.1358926142699     
   1.50500000000000        10.2158598989847     
   1.50600000000000        10.2961413969990     
   1.50700000000000        10.3767371083128     
   1.50800000000000        10.4576470329261     
   1.50900000000000        10.5388711708388     
   1.51000000000000        10.6204095220510     
   1.51100000000000        10.7022620865627     
   1.51200000000000        10.7844288643738     
   1.51300000000000        10.8669098554844     
   1.51400000000000        10.9497050598945     
   1.51500000000000        11.0328144776040     
   1.51600000000000        11.1162381086130     
   1.51700000000000        11.1999759529215     
   1.51800000000000        11.2840280105295     
   1.51900000000000        11.3683942814369     
   1.52000000000000        11.4530747656438     
   1.52100000000000        11.5380694631501     
   1.52200000000000        11.6233783739559     
   1.52300000000000        11.7090014980612     
   1.52400000000000        11.7949388354660     
   1.52500000000000        11.8811903861702     
   1.52600000000000        11.9677561501739     
   1.52700000000000        12.0546361274771     
   1.52800000000000        12.1418303180797     
   1.52900000000000        12.2293387219818     
   1.53000000000000        12.3171613391834     
   1.53100000000000        12.4052981696844     
   1.53200000000000        12.4937492134849     
   1.53300000000000        12.5825144705849     
   1.53400000000000        12.6715939409844     
   1.53500000000000        12.7609876246833     
   1.53600000000000        12.8506955216817     
   1.53700000000000        12.9407176319795     
   1.53800000000000        13.0310539555769     
   1.53900000000000        13.1217044924737     
   1.54000000000000        13.2126692426699     
   1.54100000000000        13.3039482061657     
   1.54200000000000        13.3955413829609     
   1.54300000000000        13.4874487730555     
   1.54400000000000        13.5796703764497     
   1.54500000000000        13.6722061931433     
   1.54600000000000        13.7650562231364     
   1.54700000000000        13.8582204664289     
   1.54800000000000        13.9516989230209     
   1.54900000000000        14.0454915929124     
   1.55000000000000        14.1395984761034     
   1.55100000000000        14.2340195725938     
   1.55200000000000        14.3287548823837     
   1.55300000000000        14.4238044054730     
   1.55400000000000        14.5191681418619     
   1.55500000000000        14.6148460915502     
   1.55600000000000        14.7108382545379     
   1.55700000000000        14.8071446308252     
   1.55800000000000        14.9037652204119     
   1.55900000000000        15.0007000232980     
   1.56000000000000        15.0979490394837     
   1.56100000000000        15.1955122689688     
   1.56200000000000        15.2933897117534     
   1.56300000000000        15.2933897115532     
   1.56400000000000        15.1955122687692     
   1.56500000000000        15.0979490392848     
   1.56600000000000        15.0007000230998     
   1.56700000000000        14.9037652202142     
   1.56800000000000        14.8071446306282     
   1.56900000000000        14.7108382543416     
   1.57000000000000        14.6148460913545     
   1.57100000000000        14.5191681416668     
   1.57200000000000        14.4238044052786     
   1.57300000000000        14.3287548821899     
   1.57400000000000        14.2340195724006     
   1.57500000000000        14.1395984759109     
   1.57600000000000        14.0454915927206     
   1.57700000000000        13.9516989228297     
   1.57800000000000        13.8582204662383     
   1.57900000000000        13.7650562229464     
   1.58000000000000        13.6722061929540     
   1.58100000000000        13.5796703762610     
   1.58200000000000        13.4874487728675     
   1.58300000000000        13.3955413827735     
   1.58400000000000        13.3039482059789     
   1.58500000000000        13.2126692424838     
   1.58600000000000        13.1217044922882     
   1.58700000000000        13.0310539553921     
   1.58800000000000        12.9407176317954     
   1.58900000000000        12.8506955214982     
   1.59000000000000        12.7609876245004     
   1.59100000000000        12.6715939408022     
   1.59200000000000        12.5825144704033     
   1.59300000000000        12.4937492133040     
   1.59400000000000        12.4052981695041     
   1.59500000000000        12.3171613390037     
   1.59600000000000        12.2293387218028     
   1.59700000000000        12.1418303179013     
   1.59800000000000        12.0546361272993     
   1.59900000000000        11.9677561499968     
   1.60000000000000        11.8811903859938     
   1.60100000000000        11.7949388352902     
   1.60200000000000        11.7090014978861     
   1.60300000000000        11.6233783737814     
   1.60400000000000        11.5380694629762     
   1.60500000000000        11.4530747654705     
   1.60600000000000        11.3683942812643     
   1.60700000000000        11.2840280103575     
   1.60800000000000        11.1999759527502     
   1.60900000000000        11.1162381084424     
   1.61000000000000        11.0328144774340     
   1.61100000000000        10.9497050597251     
   1.61200000000000        10.8669098553157     
   1.61300000000000        10.7844288642057     
   1.61400000000000        10.7022620863952     
   1.61500000000000        10.6204095218842     
   1.61600000000000        10.5388711706726     
   1.61700000000000        10.4576470327605     
   1.61800000000000        10.3767371081479     
   1.61900000000000        10.2961413968348     
   1.62000000000000        10.2158598988211     
   1.62100000000000        10.1358926141069     
   1.62200000000000        10.0562395426922     
   1.62300000000000        9.97690068457689     
   1.62400000000000        9.89787603976109     
   1.62500000000000        9.81916560824476     
   1.62600000000000        9.74076939002789     
   1.62700000000000        9.66268738511050     
   1.62800000000000        9.58491959349257     
   1.62900000000000        9.50746601517412     
   1.63000000000000        9.43032665015513     
   1.63100000000000        9.35350149843561     
   1.63200000000000        9.27699056001556     
   1.63300000000000        9.20079383489498     
   1.63400000000000        9.12491132307387     
   1.63500000000000        9.04934302455222     
   1.63600000000000        8.97408893933005     
   1.63700000000000        8.89914906740734     
   1.63800000000000        8.82452340878411     
   1.63900000000000        8.75021196346034     
   1.64000000000000        8.67621473143604     
   1.64100000000000        8.60253171271121     
   1.64200000000000        8.52916290728585     
   1.64300000000000        8.45610831515996     
   1.64400000000000        8.38336793633354     
   1.64500000000000        8.31094177080658     
   1.64600000000000        8.23882981857910     
   1.64700000000000        8.16703207965108     
   1.64800000000000        8.09554855402254     
   1.64900000000000        8.02437924169346     
   1.65000000000000        7.95352414266385     
   1.65100000000000        7.88298325693371     
   1.65200000000000        7.81275658450304     
   1.65300000000000        7.74284412537184     
   1.65400000000000        7.67324587954010     
   1.65500000000000        7.60396184700784     
   1.65600000000000        7.53499202777504     
   1.65700000000000        7.46633642184172     
   1.65800000000000        7.39799502920786     
   1.65900000000000        7.32996784987347     
   1.66000000000000        7.26225488383855     
   1.66100000000000        7.19485613110310     
   1.66200000000000        7.12777159166712     
   1.66300000000000        7.06100126553061     
   1.66400000000000        6.99454515269356     
   1.66500000000000        6.92840325315599     
   1.66600000000000        6.86257556691788     
   1.66700000000000        6.79706209397925     
   1.66800000000000        6.73186283434008     
   1.66900000000000        6.66697778800038     
   1.67000000000000        6.60240695496015     
   1.67100000000000        6.53815033521939     
   1.67200000000000        6.47420792877810     
   1.67300000000000        6.41057973563627     
   1.67400000000000        6.34726575579392     
   1.67500000000000        6.28426598925103     
   1.67600000000000        6.22158043600761     
   1.67700000000000        6.15920909606366     
   1.67800000000000        6.09715196941919     
   1.67900000000000        6.03540905607418     
   1.68000000000000        5.97398035602863     
   1.68100000000000        5.91286586928256     
   1.68200000000000        5.85206559583596     
   1.68300000000000        5.79157953568882     
   1.68400000000000        5.73140768884116     
   1.68500000000000        5.67155005529296     
   1.68600000000000        5.61200663504423     
   1.68700000000000        5.55277742809497     
   1.68800000000000        5.49386243444518     
   1.68900000000000        5.43526165409486     
   1.69000000000000        5.37697508704401     
   1.69100000000000        5.31900273329263     
   1.69200000000000        5.26134459284071     
   1.69300000000000        5.20400066568827     
   1.69400000000000        5.14697095183529     
   1.69500000000000        5.09025545128179     
   1.69600000000000        5.03385416402775     
   1.69700000000000        4.97776709007318     
   1.69800000000000        4.92199422941808     
   1.69900000000000        4.86653558206245     
   1.70000000000000        4.81139114800628     
   1.70100000000000        4.75656092724959     
   1.70200000000000        4.70204491979237     
   1.70300000000000        4.64784312563461     
   1.70400000000000        4.59395554477632     
   1.70500000000000        4.54038217721751     
   1.70600000000000        4.48712302295816     
   1.70700000000000        4.43417808199828     
   1.70800000000000        4.38154735433787     
   1.70900000000000        4.32923083997693     
   1.71000000000000        4.27722853891546     
   1.71100000000000        4.22554045115345     
   1.71200000000000        4.17416657669092     
   1.71300000000000        4.12310691552785     
   1.71400000000000        4.07236146766425     
   1.71500000000000        4.02193023310013     
   1.71600000000000        3.97181321183547     
   1.71700000000000        3.92201040387028     
   1.71800000000000        3.87252180920456     
   1.71900000000000        3.82334742783831     
   1.72000000000000        3.77448725977152     
   1.72100000000000        3.72594130500421     
   1.72200000000000        3.67770956353636     
   1.72300000000000        3.62979203536799     
   1.72400000000000        3.58218872049908     
   1.72500000000000        3.53489961892964     
   1.72600000000000        3.48792473065967     
   1.72700000000000        3.44126405568917     
   1.72800000000000        3.39491759401814     
   1.72900000000000        3.34888534564658     
   1.73000000000000        3.30316731057449     
   1.73100000000000        3.25776348880186     
   1.73200000000000        3.21267388032871     
   1.73300000000000        3.16789848515502     
   1.73400000000000        3.12343730328080     
   1.73500000000000        3.07929033470606     
   1.73600000000000        3.03545757943078     
   1.73700000000000        2.99193903745497     
   1.73800000000000        2.94873470877862     
   1.73900000000000        2.90584459340175     
   1.74000000000000        2.86326869132435     
   1.74100000000000        2.82100700254641     
   1.74200000000000        2.77905952706795     
   1.74300000000000        2.73742626488895     
   1.74400000000000        2.69610721600942     
   1.74500000000000        2.65510238042937     
   1.74600000000000        2.61441175814878     
   1.74700000000000        2.57403534916765     
   1.74800000000000        2.53397315348600     
   1.74900000000000        2.49422517110382     
   1.75000000000000        2.45479140202111     
   1.75100000000000        2.41567184623786     
   1.75200000000000        2.37686650375409     
   1.75300000000000        2.33837537456978     
   1.75400000000000        2.30019845868494     
   1.75500000000000        2.26233575609957     
   1.75600000000000        2.22478726681367     
   1.75700000000000        2.18755299082724     
   1.75800000000000        2.15063292814028     
   1.75900000000000        2.11402707875278     
   1.76000000000000        2.07773544266476     
   1.76100000000000        2.04175801987621     
   1.76200000000000        2.00609481038712     
   1.76300000000000        1.97074581419750     
   1.76400000000000        1.93571103130735     
   1.76500000000000        1.90099046171667     
   1.76600000000000        1.86658410542546     
   1.76700000000000        1.83249196243372     
   1.76800000000000        1.79871403274145     
   1.76900000000000        1.76525031634865     
   1.77000000000000        1.73210081325531     
   1.77100000000000        1.69926552346145     
   1.77200000000000        1.66674444696705     
   1.77300000000000        1.63453758377212     
   1.77400000000000        1.60264493387666     
   1.77500000000000        1.57106649728067     
   1.77600000000000        1.53980227398415     
   1.77700000000000        1.50885226398710     
   1.77800000000000        1.47821646728952     
   1.77900000000000        1.44789488389141     
   1.78000000000000        1.41788751379276     
   1.78100000000000        1.38819435699359     
   1.78200000000000        1.35881541349388     
   1.78300000000000        1.32975068329364     
   1.78400000000000        1.30100016639287     
   1.78500000000000        1.27256386279157     
   1.78600000000000        1.24444177248974     
   1.78700000000000        1.21663389548738     
   1.78800000000000        1.18914023178449     
   1.78900000000000        1.16196078138106     
   1.79000000000000        1.13509554427711     
   1.79100000000000        1.10854452047262     
   1.79200000000000        1.08230770996760     
   1.79300000000000        1.05638511276205     
   1.79400000000000        1.03077672885598     
   1.79500000000000        1.00548255824937     
   1.79600000000000       0.980502600942224     
   1.79700000000000       0.955836856934552     
   1.79800000000000       0.931485326226348     
   1.79900000000000       0.907448008817614     
   1.80000000000000       0.883724904708349     
   1.80100000000000       0.860316013898552     
   1.80200000000000       0.837221336388224     
   1.80300000000000       0.814440872177366     
   1.80400000000000       0.791974621265977     
   1.80500000000000       0.769822583654056     
   1.80600000000000       0.747984759341604     
   1.80700000000000       0.726461148328622     
   1.80800000000000       0.705251750615108     
   1.80900000000000       0.684356566201063     
   1.81000000000000       0.663775595086487     
   1.81100000000000       0.643508837271381     
   1.81200000000000       0.623556292755743     
   1.81300000000000       0.603917961539574     
   1.81400000000000       0.584593843622874     
   1.81500000000000       0.565583939005643     
   1.81600000000000       0.546888247687881     
   1.81700000000000       0.528506769669588     
   1.81800000000000       0.510439504950764     
   1.81900000000000       0.492686453531409     
   1.82000000000000       0.475247615411523     
   1.82100000000000       0.458122990591106     
   1.82200000000000       0.441312579070158     
   1.82300000000000       0.424816380848679     
   1.82400000000000       0.408634395926669     
   1.82500000000000       0.392766624304127     
   1.82600000000000       0.377213065981055     
   1.82700000000000       0.361973720957452     
   1.82800000000000       0.347048589233317     
   1.82900000000000       0.332437670808652     
   1.83000000000000       0.318140965683456     
   1.83100000000000       0.304158473857728     
   1.83200000000000       0.290490195331470     
   1.83300000000000       0.277136130104680     
   1.83400000000000       0.264096278177360     
   1.83500000000000       0.251370639549508     
   1.83600000000000       0.238959214221126     
   1.83700000000000       0.226862002192212     
   1.83800000000000       0.215079003462767     
   1.83900000000000       0.203610218032792     
   1.84000000000000       0.192455645902285     
   1.84100000000000       0.181615287071247     
   1.84200000000000       0.171089141539678     
   1.84300000000000       0.160877209307579     
   1.84400000000000       0.150979490374948     
   1.84500000000000       0.141395984741786     
   1.84600000000000       0.132126692408093     
   1.84700000000000       0.123171613373869     
   1.84800000000000       0.114530747639114     
   1.84900000000000       0.106204095203828     
   1.85000000000000       9.819165606801114E-002
   1.85100000000000       9.049343023166311E-002
   1.85200000000000       8.310941769478403E-002
   1.85300000000000       7.603961845737392E-002
   1.85400000000000       6.928403251943278E-002
   1.85500000000000       6.284265988096061E-002
   1.85600000000000       5.671550054195739E-002
   1.85700000000000       5.090255450242315E-002
   1.85800000000000       4.540382176235787E-002
   1.85900000000000       4.021930232176155E-002
   1.86000000000000       3.534899618063421E-002
   1.86100000000000       3.079290333897583E-002
   1.86200000000000       2.655102379678642E-002
   1.86300000000000       2.262335755406597E-002
   1.86400000000000       1.900990461081450E-002
   1.86500000000000       1.571066496703198E-002
   1.86600000000000       1.272563862271844E-002
   1.86700000000000       1.005482557787386E-002
   1.86800000000000       7.698225832498243E-003
   1.86900000000000       5.655839386591595E-003
   1.87000000000000       3.927666240153913E-003
   1.87100000000000       2.513706393185198E-003
   1.87200000000000       1.413959845685449E-003
   1.87300000000000       6.284265976546662E-004
   1.87400000000000       1.571066490928499E-004
   1.87500000000000       6.551174096935624E-022
   1.87600000000000       1.571066503761164E-004
   1.87700000000000       6.284266002211991E-004
   1.87800000000000       1.413959849535248E-003
   1.87900000000000       2.513706398318263E-003
   1.88000000000000       3.927666246570245E-003
   1.88100000000000       5.655839394291193E-003
   1.88200000000000       7.698225841481107E-003
   1.88300000000000       1.005482558813999E-002
   1.88400000000000       1.272563863426784E-002
   1.88500000000000       1.571066497986465E-002
   1.88600000000000       1.900990462493043E-002
   1.88700000000000       2.262335756946517E-002
   1.88800000000000       2.655102381346889E-002
   1.88900000000000       3.079290335694156E-002
   1.89000000000000       3.534899619988321E-002
   1.89100000000000       4.021930234229382E-002
   1.89200000000000       4.540382178417340E-002
   1.89300000000000       5.090255452552194E-002
   1.89400000000000       5.671550056633945E-002
   1.89500000000000       6.284265990662592E-002
   1.89600000000000       6.928403254638137E-002
   1.89700000000000       7.603961848560578E-002
   1.89800000000000       8.310941772429915E-002
   1.89900000000000       9.049343026246150E-002
   1.90000000000000       9.819165610009281E-002
   1.90100000000000       0.106204095237193     
   1.90200000000000       0.114530747673762     
   1.90300000000000       0.123171613409801     
   1.90400000000000       0.132126692445308     
   1.90500000000000       0.141395984780284     
   1.90600000000000       0.150979490414729     
   1.90700000000000       0.160877209348643     
   1.90800000000000       0.171089141582026     
   1.90900000000000       0.181615287114878     
   1.91000000000000       0.192455645947199     
   1.91100000000000       0.203610218078989     
   1.91200000000000       0.215079003510248     
   1.91300000000000       0.226862002240976     
   1.91400000000000       0.238959214271173     
   1.91500000000000       0.251370639600839     
   1.91600000000000       0.264096278229974     
   1.91700000000000       0.277136130158577     
   1.91800000000000       0.290490195386650     
   1.91900000000000       0.304158473914192     
   1.92000000000000       0.318140965741203     
   1.92100000000000       0.332437670867682     
   1.92200000000000       0.347048589293631     
   1.92300000000000       0.361973721019049     
   1.92400000000000       0.377213066043935     
   1.92500000000000       0.392766624368291     
   1.92600000000000       0.408634395992115     
   1.92700000000000       0.424816380915409     
   1.92800000000000       0.441312579138171     
   1.92900000000000       0.458122990660402     
   1.93000000000000       0.475247615482103     
   1.93100000000000       0.492686453603272     
   1.93200000000000       0.510439505023910     
   1.93300000000000       0.528506769744018     
   1.93400000000000       0.546888247763594     
   1.93500000000000       0.565583939082639     
   1.93600000000000       0.584593843701153     
   1.93700000000000       0.603917961619136     
   1.93800000000000       0.623556292836589     
   1.93900000000000       0.643508837353510     
   1.94000000000000       0.663775595169900     
   1.94100000000000       0.684356566285759     
   1.94200000000000       0.705251750701087     
   1.94300000000000       0.726461148415884     
   1.94400000000000       0.747984759430150     
   1.94500000000000       0.769822583743885     
   1.94600000000000       0.791974621357088     
   1.94700000000000       0.814440872269761     
   1.94800000000000       0.837221336481903     
   1.94900000000000       0.860316013993514     
   1.95000000000000       0.883724904804594     
   1.95100000000000       0.907448008915142     
   1.95200000000000       0.931485326325160     
   1.95300000000000       0.955836857034646     
   1.95400000000000       0.980502601043602     
   1.95500000000000        1.00548255835203     
   1.95600000000000        1.03077672895992     
   1.95700000000000        1.05638511286728     
   1.95800000000000        1.08230771007411     
   1.95900000000000        1.10854452058041     
   1.96000000000000        1.13509554438618     
   1.96100000000000        1.16196078149142     
   1.96200000000000        1.18914023189613     
   1.96300000000000        1.21663389560031     
   1.96400000000000        1.24444177260395     
   1.96500000000000        1.27256386290707     
   1.96600000000000        1.30100016650965     
   1.96700000000000        1.32975068341170     
   1.96800000000000        1.35881541361322     
   1.96900000000000        1.38819435711421     
   1.97000000000000        1.41788751391467     
   1.97100000000000        1.44789488401460     
   1.97200000000000        1.47821646741400     
   1.97300000000000        1.50885226411286     
   1.97400000000000        1.53980227411120     
   1.97500000000000        1.57106649740900     
   1.97600000000000        1.60264493400627     
   1.97700000000000        1.63453758390302     
   1.97800000000000        1.66674444709923     
   1.97900000000000        1.69926552359491     
   1.98000000000000        1.73210081339006     
   1.98100000000000        1.76525031648467     
   1.98200000000000        1.79871403287876     
   1.98300000000000        1.83249196257232     
   1.98400000000000        1.86658410556534     
   1.98500000000000        1.90099046185783     
   1.98600000000000        1.93571103144980     
   1.98700000000000        1.97074581434123     
   1.98800000000000        2.00609481053213     
   1.98900000000000        2.04175802002250     
   1.99000000000000        2.07773544281234     
   1.99100000000000        2.11402707890164     
   1.99200000000000        2.15063292829042     
   1.99300000000000        2.18755299097867     
   1.99400000000000        2.22478726696638     
   1.99500000000000        2.26233575625356     
   1.99600000000000        2.30019845884022     
   1.99700000000000        2.33837537472634     
   1.99800000000000        2.37686650391193     
