  0.000000000000000E+000  0.000000000000000E+000
  1.000000000000000E-003  1.571066497344832E-004
  2.000000000000000E-003  6.284265989379326E-004
  3.000000000000000E-003  1.413959847610348E-003
  4.000000000000000E-003  2.513706395751731E-003
  5.000000000000000E-003  3.927666243362079E-003
  6.000000000000000E-003  5.655839390441394E-003
  7.000000000000000E-003  7.698225836989675E-003
  8.000000000000000E-003  1.005482558300692E-002
  9.000000000000001E-003  1.272563862849314E-002
  1.000000000000000E-002  1.571066497344832E-002
  1.100000000000000E-002  1.900990461787246E-002
  1.200000000000000E-002  2.262335756176558E-002
  1.300000000000000E-002  2.655102380512766E-002
  1.400000000000000E-002  3.079290334795870E-002
  1.500000000000000E-002  3.534899619025871E-002
  1.600000000000000E-002  4.021930233202769E-002
  1.700000000000000E-002  4.540382177326564E-002
  1.800000000000000E-002  5.090255451397255E-002
  1.900000000000000E-002  5.671550055414842E-002
  2.000000000000000E-002  6.284265989379327E-002
  2.100000000000000E-002  6.928403253290707E-002
  2.200000000000000E-002  7.603961847148985E-002
  2.300000000000000E-002  8.310941770954158E-002
  2.400000000000000E-002  9.049343024706230E-002
  2.500000000000000E-002  9.819165608405198E-002
  2.600000000000000E-002  0.106204095220511     
  2.700000000000000E-002  0.114530747656438     
  2.800000000000000E-002  0.123171613391835     
  2.900000000000000E-002  0.132126692426700     
  3.000000000000000E-002  0.141395984761035     
  3.100000000000000E-002  0.150979490394838     
  3.200000000000000E-002  0.160877209328111     
  3.300000000000000E-002  0.171089141560852     
  3.400000000000000E-002  0.181615287093063     
  3.500000000000000E-002  0.192455645924742     
  3.600000000000000E-002  0.203610218055890     
  3.700000000000000E-002  0.215079003486508     
  3.800000000000000E-002  0.226862002216594     
  3.900000000000000E-002  0.238959214246149     
  4.000000000000000E-002  0.251370639575173     
  4.100000000000000E-002  0.264096278203667     
  4.200000000000000E-002  0.277136130131629     
  4.300000000000000E-002  0.290490195359060     
  4.400000000000000E-002  0.304158473885960     
  4.500000000000000E-002  0.318140965712329     
  4.600000000000000E-002  0.332437670838167     
  4.700000000000000E-002  0.347048589263474     
  4.800000000000000E-002  0.361973720988250     
  4.900000000000000E-002  0.377213066012495     
  5.000000000000000E-002  0.392766624336209     
  5.100000000000000E-002  0.408634395959392     
  5.200000000000000E-002  0.424816380882044     
  5.300000000000000E-002  0.441312579104164     
  5.400000000000000E-002  0.458122990625754     
  5.500000000000000E-002  0.475247615446813     
  5.600000000000000E-002  0.492686453567341     
  5.700000000000000E-002  0.510439504987337     
  5.800000000000000E-002  0.528506769706803     
  5.900000000000000E-002  0.546888247725738     
  6.000000000000000E-002  0.565583939044141     
  6.100000000000000E-002  0.584593843662014     
  6.200000000000000E-002  0.603917961579355     
  6.300000000000000E-002  0.623556292796166     
  6.400000000000000E-002  0.643508837312445     
  6.500000000000000E-002  0.663775595128194     
  6.600000000000000E-002  0.684356566243411     
  6.700000000000000E-002  0.705251750658097     
  6.800000000000000E-002  0.726461148372253     
  6.900000000000001E-002  0.747984759385877     
  7.000000000000001E-002  0.769822583698970     
  7.100000000000001E-002  0.791974621311532     
  7.200000000000001E-002  0.814440872223564     
  7.300000000000000E-002  0.837221336435064     
  7.400000000000000E-002  0.860316013946033     
  7.500000000000000E-002  0.883724904756471     
  7.600000000000000E-002  0.907448008866378     
  7.700000000000000E-002  0.931485326275754     
  7.800000000000000E-002  0.955836856984599     
  7.900000000000000E-002  0.980502600992913     
  8.000000000000000E-002   1.00548255830070     
  8.100000000000000E-002   1.03077672890795     
  8.200000000000000E-002   1.05638511281467     
  8.300000000000000E-002   1.08230771002086     
  8.400000000000001E-002   1.10854452052652     
  8.500000000000001E-002   1.13509554433165     
  8.600000000000001E-002   1.16196078143624     
  8.700000000000001E-002   1.18914023184031     
  8.799999999999999E-002   1.21663389554384     
  8.900000000000000E-002   1.24444177254685     
  9.000000000000000E-002   1.27256386284932     
  9.100000000000000E-002   1.30100016645126     
  9.200000000000000E-002   1.32975068335267     
  9.300000000000000E-002   1.35881541355355     
  9.400000000000000E-002   1.38819435705390     
  9.500000000000000E-002   1.41788751385372     
  9.600000000000000E-002   1.44789488395300     
  9.700000000000000E-002   1.47821646735176     
  9.800000000000000E-002   1.50885226404998     
  9.900000000000000E-002   1.53980227404768     
  0.100000000000000        1.57106649734484     
  0.101000000000000        1.60264493394147     
  0.102000000000000        1.63453758383757     
  0.103000000000000        1.66674444703314     
  0.104000000000000        1.69926552352818     
  0.105000000000000        1.73210081332268     
  0.106000000000000        1.76525031641666     
  0.107000000000000        1.79871403281011     
  0.108000000000000        1.83249196250302     
  0.109000000000000        1.86658410549540     
  0.110000000000000        1.90099046178725     
  0.111000000000000        1.93571103137857     
  0.112000000000000        1.97074581426936     
  0.113000000000000        2.00609481045962     
  0.114000000000000        2.04175801994935     
  0.115000000000000        2.07773544273855     
  0.116000000000000        2.11402707882721     
  0.117000000000000        2.15063292821535     
  0.118000000000000        2.18755299090295     
  0.119000000000000        2.22478726689003     
  0.120000000000000        2.26233575617657     
  0.121000000000000        2.30019845876258     
  0.122000000000000        2.33837537464806     
  0.123000000000000        2.37686650383301     
  0.124000000000000        2.41567184631742     
  0.125000000000000        2.45479140210131     
  0.126000000000000        2.49422517118466     
  0.127000000000000        2.53397315356749     
  0.128000000000000        2.57403534924978     
  0.129000000000000        2.61441175823155     
  0.130000000000000        2.65510238051278     
  0.131000000000000        2.69610721609348     
  0.132000000000000        2.73742626497365     
  0.133000000000000        2.77905952715328     
  0.134000000000000        2.82100700263239     
  0.135000000000000        2.86326869141097     
  0.136000000000000        2.90584459348901     
  0.137000000000000        2.94873470886653     
  0.138000000000000        2.99193903754351     
  0.139000000000000        3.03545757951996     
  0.140000000000000        3.07929033479588     
  0.141000000000000        3.12343730337127     
  0.142000000000000        3.16789848524613     
  0.143000000000000        3.21267388042046     
  0.144000000000000        3.25776348889426     
  0.145000000000000        3.30316731066752     
  0.146000000000000        3.34888534574026     
  0.147000000000000        3.39491759411246     
  0.148000000000000        3.44126405578413     
  0.149000000000000        3.48792473075528     
  0.150000000000000        3.53489961902589     
  0.151000000000000        3.58218872059597     
  0.152000000000000        3.62979203546552     
  0.153000000000000        3.67770956363453     
  0.154000000000000        3.72594130510302     
  0.155000000000000        3.77448725987097     
  0.156000000000000        3.82334742793840     
  0.157000000000000        3.87252180930529     
  0.158000000000000        3.92201040397166     
  0.159000000000000        3.97181321193749     
  0.160000000000000        4.02193023320279     
  0.161000000000000        4.07236146776756     
  0.162000000000000        4.12310691563180     
  0.163000000000000        4.17416657679550     
  0.164000000000000        4.22554045125868     
  0.165000000000000        4.27722853902132     
  0.166000000000000        4.32923084008344     
  0.167000000000000        4.38154735444502     
  0.168000000000000        4.43417808210607     
  0.169000000000000        4.48712302306659     
  0.170000000000000        4.54038217732658     
  0.171000000000000        4.59395554488604     
  0.172000000000000        4.64784312574497     
  0.173000000000000        4.70204491990337     
  0.174000000000000        4.75656092736123     
  0.175000000000000        4.81139114811857     
  0.176000000000000        4.86653558217537     
  0.177000000000000        4.92199422953165     
  0.178000000000000        4.97776709018739     
  0.179000000000000        5.03385416414260     
  0.180000000000000        5.09025545139728     
  0.181000000000000        5.14697095195143     
  0.182000000000000        5.20400066580504     
  0.183000000000000        5.26134459295813     
  0.184000000000000        5.31900273341069     
  0.185000000000000        5.37697508716271     
  0.186000000000000        5.43526165421421     
  0.187000000000000        5.49386243456517     
  0.188000000000000        5.55277742821560     
  0.189000000000000        5.61200663516550     
  0.190000000000000        5.67155005541487     
  0.191000000000000        5.73140768896371     
  0.192000000000000        5.79157953581201     
  0.193000000000000        5.85206559595979     
  0.194000000000000        5.91286586940704     
  0.195000000000000        5.97398035615375     
  0.196000000000000        6.03540905619993     
  0.197000000000000        6.09715196954559     
  0.198000000000000        6.15920909619071     
  0.199000000000000        6.22158043613530     
  0.200000000000000        6.28426598937936     
  0.201000000000000        6.34726575592288     
  0.202000000000000        6.41057973576588     
  0.203000000000000        6.47420792890835     
  0.204000000000000        6.53815033535028     
  0.205000000000000        6.60240695509169     
  0.206000000000000        6.66697778813256     
  0.207000000000000        6.73186283447290     
  0.208000000000000        6.79706209411271     
  0.209000000000000        6.86257556705198     
  0.210000000000000        6.92840325329073     
  0.211000000000000        6.99454515282895     
  0.212000000000000        7.06100126566663     
  0.213000000000000        7.12777159180379     
  0.214000000000000        7.19485613124041     
  0.215000000000000        7.26225488397650     
  0.216000000000000        7.32996785001206     
  0.217000000000000        7.39799502934709     
  0.218000000000000        7.46633642198159     
  0.219000000000000        7.53499202791556     
  0.220000000000000        7.60396184714900     
  0.221000000000000        7.67324587968190     
  0.222000000000000        7.74284412551428     
  0.223000000000000        7.81275658464612     
  0.224000000000000        7.88298325707743     
  0.225000000000000        7.95352414280821     
  0.226000000000000        8.02437924183847     
  0.227000000000000        8.09554855416818     
  0.228000000000000        8.16703207979737     
  0.229000000000000        8.23882981872603     
  0.230000000000000        8.31094177095416     
  0.231000000000000        8.38336793648175     
  0.232000000000000        8.45610831530882     
  0.233000000000000        8.52916290743535     
  0.234000000000000        8.60253171286135     
  0.235000000000000        8.67621473158682     
  0.236000000000000        8.75021196361176     
  0.237000000000000        8.82452340893617     
  0.238000000000000        8.89914906756005     
  0.239000000000000        8.97408893948340     
  0.240000000000000        9.04934302470621     
  0.241000000000000        9.12491132322850     
  0.242000000000000        9.20079383505025     
  0.243000000000000        9.27699056017148     
  0.244000000000000        9.35350149859217     
  0.245000000000000        9.43032665031233     
  0.246000000000000        9.50746601533196     
  0.247000000000000        9.58491959365105     
  0.248000000000000        9.66268738526962     
  0.249000000000000        9.74076939018766     
  0.250000000000000        9.81916560840516     
  0.251000000000000        9.89787603992214     
  0.252000000000000        9.97690068473858     
  0.253000000000000        10.0562395428545     
  0.254000000000000        10.1358926142699     
  0.255000000000000        10.2158598989847     
  0.256000000000000        10.2961413969990     
  0.257000000000000        10.3767371083128     
  0.258000000000000        10.4576470329261     
  0.259000000000000        10.5388711708388     
  0.260000000000000        10.6204095220510     
  0.261000000000000        10.7022620865627     
  0.262000000000000        10.7844288643738     
  0.263000000000000        10.8669098554844     
  0.264000000000000        10.9497050598945     
  0.265000000000000        11.0328144776040     
  0.266000000000000        11.1162381086130     
  0.267000000000000        11.1999759529215     
  0.268000000000000        11.2840280105295     
  0.269000000000000        11.3683942814369     
  0.270000000000000        11.4530747656438     
  0.271000000000000        11.5380694631501     
  0.272000000000000        11.6233783739559     
  0.273000000000000        11.7090014980612     
  0.274000000000000        11.7949388354660     
  0.275000000000000        11.8811903861702     
  0.276000000000000        11.9677561501739     
  0.277000000000000        12.0546361274771     
  0.278000000000000        12.1418303180797     
  0.279000000000000        12.2293387219818     
  0.280000000000000        12.3171613391834     
  0.281000000000000        12.4052981696844     
  0.282000000000000        12.4937492134849     
  0.283000000000000        12.5825144705849     
  0.284000000000000        12.6715939409844     
  0.285000000000000        12.7609876246833     
  0.286000000000000        12.8506955216817     
  0.287000000000000        12.9407176319795     
  0.288000000000000        13.0310539555769     
  0.289000000000000        13.1217044924737     
  0.290000000000000        13.2126692426699     
  0.291000000000000        13.3039482061657     
  0.292000000000000        13.3955413829609     
  0.293000000000000        13.4874487730555     
  0.294000000000000        13.5796703764497     
  0.295000000000000        13.6722061931433     
  0.296000000000000        13.7650562231364     
  0.297000000000000        13.8582204664289     
  0.298000000000000        13.9516989230209     
  0.299000000000000        14.0454915929124     
  0.300000000000000        14.1395984761034     
  0.301000000000000        14.2340195725938     
  0.302000000000000        14.3287548823837     
  0.303000000000000        14.4238044054730     
  0.304000000000000        14.5191681418619     
  0.305000000000000        14.6148460915502     
  0.306000000000000        14.7108382545379     
  0.307000000000000        14.8071446308252     
  0.308000000000000        14.9037652204119     
  0.309000000000000        15.0007000232980     
  0.310000000000000        15.0979490394837     
  0.311000000000000        15.1955122689688     
  0.312000000000000        15.2933897117534     
  0.313000000000000        9.78776941537800     
  0.314000000000000        9.70949888248085     
  0.315000000000000        9.63154256288318     
  0.316000000000000        9.55390045658498     
  0.317000000000000        9.47657256358625     
  0.318000000000000        9.39955888388698     
  0.319000000000000        9.32285941748719     
  0.320000000000000        9.24647416438686     
  0.321000000000000        9.17040312458601     
  0.322000000000000        9.09464629808462     
  0.323000000000000        9.01920368488270     
  0.324000000000000        8.94407528498025     
  0.325000000000000        8.86926109837727     
  0.326000000000000        8.79476112507375     
  0.327000000000000        8.72057536506971     
  0.328000000000000        8.64670381836513     
  0.329000000000000        8.57314648496003     
  0.330000000000000        8.49990336485439     
  0.331000000000000        8.42697445804822     
  0.332000000000000        8.35435976454153     
  0.333000000000000        8.28205928433430     
  0.334000000000000        8.21007301742653     
  0.335000000000000        8.13840096381824     
  0.336000000000000        8.06704312350942     
  0.337000000000000        7.99599949650007     
  0.338000000000000        7.92527008279018     
  0.339000000000000        7.85485488237977     
  0.340000000000000        7.78475389526882     
  0.341000000000000        7.71496712145734     
  0.342000000000000        7.64549456094533     
  0.343000000000000        7.57633621373279     
  0.344000000000000        7.50749207981972     
  0.345000000000000        7.43896215920612     
  0.346000000000000        7.37074645189198     
  0.347000000000000        7.30284495787732     
  0.348000000000000        7.23525767716212     
  0.349000000000000        7.16798460974640     
  0.350000000000000        7.10102575563014     
  0.351000000000000        7.03438111481335     
  0.352000000000000        6.96805068729603     
  0.353000000000000        6.90203447307818     
  0.354000000000000        6.83633247215980     
  0.355000000000000        6.77094468454089     
  0.356000000000000        6.70587111022144     
  0.357000000000000        6.64111174920147     
  0.358000000000000        6.57666660148096     
  0.359000000000000        6.51253566705992     
  0.360000000000000        6.44871894593835     
  0.361000000000000        6.38521643811625     
  0.362000000000000        6.32202814359362     
  0.363000000000000        6.25915406237046     
  0.364000000000000        6.19659419444676     
  0.365000000000000        6.13434853982254     
  0.366000000000000        6.07241709849778     
  0.367000000000000        6.01079987047250     
  0.368000000000000        5.94949685574668     
  0.369000000000000        5.88850805432033     
  0.370000000000000        5.82783346619345     
  0.371000000000000        5.76747309136604     
  0.372000000000000        5.70742692983810     
  0.373000000000000        5.64769498160962     
  0.374000000000000        5.58827724668062     
  0.375000000000000        5.52917372505109     
  0.376000000000000        5.47038441672102     
  0.377000000000000        5.41190932169042     
  0.378000000000000        5.35374843995929     
  0.379000000000000        5.29590177152763     
  0.380000000000000        5.23836931639544     
  0.381000000000000        5.18115107456272     
  0.382000000000000        5.12424704602947     
  0.383000000000000        5.06765723079569     
  0.384000000000000        5.01138162886137     
  0.385000000000000        4.95542024022653     
  0.386000000000000        4.89977306489115     
  0.387000000000000        4.84444010285524     
  0.388000000000000        4.78942135411881     
  0.389000000000000        4.73471681868184     
  0.390000000000000        4.68032649654434     
  0.391000000000000        4.62625038770630     
  0.392000000000000        4.57248849216774     
  0.393000000000000        4.51904080992865     
  0.394000000000000        4.46590734098902     
  0.395000000000000        4.41308808534887     
  0.396000000000000        4.36058304300818     
  0.397000000000000        4.30839221396696     
  0.398000000000000        4.25651559822521     
  0.399000000000000        4.20495319578294     
  0.400000000000000        4.15370500664012     
  0.401000000000000        4.10277103079678     
  0.402000000000000        4.05215126825291     
  0.403000000000000        4.00184571900851     
  0.404000000000000        3.95185438306357     
  0.405000000000000        3.90217726041810     
  0.406000000000000        3.85281435107211     
  0.407000000000000        3.80376565502558     
  0.408000000000000        3.75503117227852     
  0.409000000000000        3.70661090283093     
  0.410000000000000        3.65850484668281     
  0.411000000000000        3.61071300383416     
  0.412000000000000        3.56323537428497     
  0.413000000000000        3.51607195803526     
  0.414000000000000        3.46922275508501     
  0.415000000000000        3.42268776543424     
  0.416000000000000        3.37646698908293     
  0.417000000000000        3.33056042603109     
  0.418000000000000        3.28496807627872     
  0.419000000000000        3.23968993982582     
  0.420000000000000        3.19472601667239     
  0.421000000000000        3.15007630681843     
  0.422000000000000        3.10574081026394     
  0.423000000000000        3.06171952700891     
  0.424000000000000        3.01801245705335     
  0.425000000000000        2.97461960039727     
  0.426000000000000        2.93154095704065     
  0.427000000000000        2.88877652698350     
  0.428000000000000        2.84632631022582     
  0.429000000000000        2.80419030676761     
  0.430000000000000        2.76236851660887     
  0.431000000000000        2.72086093974960     
  0.432000000000000        2.67966757618979     
  0.433000000000000        2.63878842592946     
  0.434000000000000        2.59822348896859     
  0.435000000000000        2.55797276530720     
  0.436000000000000        2.51803625494527     
  0.437000000000000        2.47841395788281     
  0.438000000000000        2.43910587411982     
  0.439000000000000        2.40011200365630     
  0.440000000000000        2.36143234649225     
  0.441000000000000        2.32306690262766     
  0.442000000000000        2.28501567206255     
  0.443000000000000        2.24727865479690     
  0.444000000000000        2.20985585083073     
  0.445000000000000        2.17274726016402     
  0.446000000000000        2.13595288279678     
  0.447000000000000        2.09947271872901     
  0.448000000000000        2.06330676796071     
  0.449000000000000        2.02745503049188     
  0.450000000000000        1.99191750632252     
  0.451000000000000        1.95669419545262     
  0.452000000000000        1.92178509788220     
  0.453000000000000        1.88719021361124     
  0.454000000000000        1.85290954263976     
  0.455000000000000        1.81894308496774     
  0.456000000000000        1.78529084059519     
  0.457000000000000        1.75195280952211     
  0.458000000000000        1.71892899174850     
  0.459000000000000        1.68621938727436     
  0.460000000000000        1.65382399609969     
  0.461000000000000        1.62174281822448     
  0.462000000000000        1.58997585364875     
  0.463000000000000        1.55852310237248     
  0.464000000000000        1.52738456439569     
  0.465000000000000        1.49656023971836     
  0.466000000000000        1.46605012834050     
  0.467000000000000        1.43585423026211     
  0.468000000000000        1.40597254548319     
  0.469000000000000        1.37640507400374     
  0.470000000000000        1.34715181582375     
  0.471000000000000        1.31821277094324     
  0.472000000000000        1.28958793936219     
  0.473000000000000        1.26127732108062     
  0.474000000000000        1.23328091609851     
  0.475000000000000        1.20559872441587     
  0.476000000000000        1.17823074603270     
  0.477000000000000        1.15117698094900     
  0.478000000000000        1.12443742916477     
  0.479000000000000        1.09801209068001     
  0.480000000000000        1.07190096549472     
  0.481000000000000        1.04610405360889     
  0.482000000000000        1.02062135502254     
  0.483000000000000       0.995452869735649     
  0.484000000000000       0.970598597748232     
  0.485000000000000       0.946058539060283     
  0.486000000000000       0.921832693671804     
  0.487000000000000       0.897921061582793     
  0.488000000000000       0.874323642793251     
  0.489000000000000       0.851040437303179     
  0.490000000000000       0.828071445112575     
  0.491000000000000       0.805416666221440     
  0.492000000000000       0.783076100629775     
  0.493000000000000       0.761049748337578     
  0.494000000000000       0.739337609344850     
  0.495000000000000       0.717939683651591     
  0.496000000000000       0.696855971257801     
  0.497000000000000       0.676086472163480     
  0.498000000000000       0.655631186368628     
  0.499000000000000       0.635490113873245     
  0.500000000000000       0.615663254677331     
  0.501000000000000       0.596150608780886     
  0.502000000000000       0.576952176183910     
  0.503000000000000       0.558067956886403     
  0.504000000000000       0.539497950888365     
  0.505000000000000       0.521242158189796     
  0.506000000000000       0.503300578790696     
  0.507000000000000       0.485673212691064     
  0.508000000000000       0.468360059890902     
  0.509000000000000       0.451361120390209     
  0.510000000000000       0.434676394188985     
  0.511000000000000       0.418305881287229     
  0.512000000000000       0.402249581684943     
  0.513000000000000       0.386507495382125     
  0.514000000000000       0.371079622378777     
  0.515000000000000       0.355965962674897     
  0.516000000000000       0.341166516270487     
  0.517000000000000       0.326681283165545     
  0.518000000000000       0.312510263360073     
  0.519000000000000       0.298653456854069     
  0.520000000000000       0.285110863647535     
  0.521000000000000       0.271882483740469     
  0.522000000000000       0.258968317132872     
  0.523000000000000       0.246368363824744     
  0.524000000000000       0.234082623816086     
  0.525000000000000       0.222111097106896     
  0.526000000000000       0.210453783697175     
  0.527000000000000       0.199110683586923     
  0.528000000000000       0.188081796776140     
  0.529000000000000       0.177367123264826     
  0.530000000000000       0.166966663052981     
  0.531000000000000       0.156880416140605     
  0.532000000000000       0.147108382527698     
  0.533000000000000       0.137650562214260     
  0.534000000000000       0.128506955200291     
  0.535000000000000       0.119677561485791     
  0.536000000000000       0.111162381070760     
  0.537000000000000       0.102961413955198     
  0.538000000000000       9.507466013910452E-002
  0.539000000000000       8.750211962248029E-002
  0.540000000000000       8.024379240532503E-002
  0.541000000000000       7.329967848763873E-002
  0.542000000000000       6.666977786942141E-002
  0.543000000000000       6.035409055067303E-002
  0.544000000000000       5.435261653139364E-002
  0.545000000000000       4.866535581158320E-002
  0.546000000000000       4.329230839124174E-002
  0.547000000000000       3.823347427036924E-002
  0.548000000000000       3.348885344896570E-002
  0.549000000000000       2.905844592703114E-002
  0.550000000000000       2.494225170456554E-002
  0.551000000000000       2.114027078156890E-002
  0.552000000000000       1.765250315804124E-002
  0.553000000000000       1.447894883398253E-002
  0.554000000000000       1.161960780939280E-002
  0.555000000000000       9.074480084272028E-003
  0.556000000000000       6.843565658620225E-003
  0.557000000000000       4.926864532437388E-003
  0.558000000000000       3.324376705723518E-003
  0.559000000000000       2.036102178478614E-003
  0.560000000000000       1.062040950702676E-003
  0.561000000000000       4.021930223957043E-004
  0.562000000000000       5.655839355769924E-005
  0.563000000000000       2.513706418866044E-005
  0.564000000000000       3.079290342885879E-004
  0.565000000000000       9.049343038574819E-004
  0.566000000000000       1.816152872895342E-003
  0.567000000000000       3.041584741402168E-003
  0.568000000000000       4.581229909377962E-003
  0.569000000000000       6.435088376822721E-003
  0.570000000000000       8.603160143736447E-003
  0.571000000000000       1.108544521011914E-002
  0.572000000000000       1.388194357597080E-002
  0.573000000000000       1.699265524129142E-002
  0.574000000000000       2.041758020608101E-002
  0.575000000000000       2.415671847033957E-002
  0.576000000000000       2.821007003406709E-002
  0.577000000000000       3.257763489726358E-002
  0.578000000000000       3.725941305992904E-002
  0.579000000000000       4.225540452206346E-002
  0.580000000000000       4.756560928366685E-002
  0.581000000000000       5.319002734473920E-002
  0.582000000000000       5.912865870528052E-002
  0.583000000000000       6.538150336529082E-002
  0.584000000000000       7.194856132477007E-002
  0.585000000000000       7.882983258371828E-002
  0.586000000000000       8.602531714213547E-002
  0.587000000000000       9.353501500002163E-002
  0.588000000000000       0.101358926157377     
  0.589000000000000       0.109497050614201     
  0.590000000000000       0.117949388370494     
  0.591000000000000       0.126715939426256     
  0.592000000000000       0.135796703781487     
  0.593000000000000       0.145191681436187     
  0.594000000000000       0.154900872390356     
  0.595000000000000       0.164924276643994     
  0.596000000000000       0.175261894197101     
  0.597000000000000       0.185913725049677     
  0.598000000000000       0.196879769201721     
  0.599000000000000       0.208160026653235     
  0.600000000000000       0.219754497404218     
  0.601000000000000       0.231663181454670     
  0.602000000000000       0.243886078804590     
  0.603000000000000       0.256423189453980     
  0.604000000000000       0.269274513402839     
  0.605000000000000       0.282440050651166     
  0.606000000000000       0.295919801198963     
  0.607000000000000       0.309713765046228     
  0.608000000000000       0.323821942192963     
  0.609000000000000       0.338244332639166     
  0.610000000000000       0.352980936384839     
  0.611000000000000       0.368031753429980     
  0.612000000000000       0.383396783774591     
  0.613000000000000       0.399076027418670     
  0.614000000000000       0.415069484362218     
  0.615000000000000       0.431377154605235     
  0.616000000000000       0.447999038147722     
  0.617000000000000       0.464935134989677     
  0.618000000000000       0.482185445131101     
  0.619000000000000       0.499749968571994     
  0.620000000000000       0.517628705312356     
  0.621000000000000       0.535821655352188     
  0.622000000000000       0.554328818691487     
  0.623000000000000       0.573150195330256     
  0.624000000000000       0.592285785268495     
  0.625000000000000       0.611735588506201     
  0.626000000000000       0.631499605043377     
  0.627000000000000       0.651577834880022     
  0.628000000000000       0.671970278016136     
  0.629000000000000       0.692676934451719     
  0.630000000000000       0.713697804186771     
  0.631000000000000       0.735032887221292     
  0.632000000000000       0.756682183555281     
  0.633000000000000       0.778645693188740     
  0.634000000000000       0.800923416121668     
  0.635000000000000       0.823515352354064     
  0.636000000000000       0.846421501885930     
  0.637000000000000       0.869641864717264     
  0.638000000000000       0.893176440848068     
  0.639000000000000       0.917025230278341     
  0.640000000000000       0.941188233008082     
  0.641000000000000       0.965665449037292     
  0.642000000000000       0.990456878365972     
  0.643000000000000        1.01556252099412     
  0.644000000000000        1.04098237692174     
  0.645000000000000        1.06671644614882     
  0.646000000000000        1.09276472867538     
  0.647000000000000        1.11912722450140     
  0.648000000000000        1.14580393362690     
  0.649000000000000        1.17279485605186     
  0.650000000000000        1.20009999177629     
  0.651000000000000        1.22771934080019     
  0.652000000000000        1.25565290312356     
  0.653000000000000        1.28390067874640     
  0.654000000000000        1.31246266766870     
  0.655000000000000        1.34133886989048     
  0.656000000000000        1.37052928541173     
  0.657000000000000        1.40003391423244     
  0.658000000000000        1.42985275635262     
  0.659000000000000        1.45998581177227     
  0.660000000000000        1.49043308049140     
  0.661000000000000        1.52119456250998     
  0.662000000000000        1.55227025782804     
  0.663000000000000        1.58366016644557     
  0.664000000000000        1.61536428836257     
  0.665000000000000        1.64738262357903     
  0.666000000000000        1.67971517209497     
  0.667000000000000        1.71236193391037     
  0.668000000000000        1.74532290902524     
  0.669000000000000        1.77859809743959     
  0.670000000000000        1.81218749915340     
  0.671000000000000        1.84609111416668     
  0.672000000000000        1.88030894247942     
  0.673000000000000        1.91484098409164     
  0.674000000000000        1.94968723900333     
  0.675000000000000        1.98484770721448     
  0.676000000000000        2.02032238872511     
  0.677000000000000        2.05611128353520     
  0.678000000000000        2.09221439164476     
  0.679000000000000        2.12863171305379     
  0.680000000000000        2.16536324776229     
  0.681000000000000        2.20240899577026     
  0.682000000000000        2.23976895707770     
  0.683000000000000        2.27744313168461     
  0.684000000000000        2.31543151959099     
  0.685000000000000        2.35373412079683     
  0.686000000000000        2.39235093530214     
  0.687000000000000        2.43128196310693     
  0.688000000000000        2.47052720421118     
  0.689000000000000        2.51008665861490     
  0.690000000000000        2.54996032631809     
  0.691000000000000        2.59014820732075     
  0.692000000000000        2.63065030162288     
  0.693000000000000        2.67146660922447     
  0.694000000000000        2.71259713012554     
  0.695000000000000        2.75404186432607     
  0.696000000000000        2.79580081182608     
  0.697000000000000        2.83787397262555     
  0.698000000000000        2.88026134672449     
  0.699000000000000        2.92296293412290     
  0.700000000000000        2.96597873482078     
  0.701000000000000        3.00930874881813     
  0.702000000000000        3.05295297611495     
  0.703000000000000        3.09691141671123     
  0.704000000000000        3.14118407060699     
  0.705000000000000        3.18577093780221     
  0.706000000000000        3.23067201829691     
  0.707000000000000        3.27588731209107     
  0.708000000000000        3.32141681918470     
  0.709000000000000        3.36726053957780     
  0.710000000000000        3.41341847327037     
  0.711000000000000        3.45989062026241     
  0.712000000000000        3.50667698055392     
  0.713000000000000        3.55377755414489     
  0.714000000000000        3.60119234103534     
  0.715000000000000        3.64892134122525     
  0.716000000000000        3.69696455471463     
  0.717000000000000        3.74532198150349     
  0.718000000000000        3.79399362159181     
  0.719000000000000        3.84297947497960     
  0.720000000000000        3.89227954166686     
  0.721000000000000        3.94189382165358     
  0.722000000000000        3.99182231493978     
  0.723000000000000        4.04206502152545     
  0.724000000000000        4.09262194141058     
  0.725000000000000        4.14349307459519     
  0.726000000000000        4.19467842107926     
  0.727000000000000        4.24617798086280     
  0.728000000000000        4.29799175394581     
  0.729000000000000        4.35011974032829     
  0.730000000000000        4.40256194001024     
  0.731000000000000        4.45531835299166     
  0.732000000000000        4.50838897927254     
  0.733000000000000        4.56177381885290     
  0.734000000000000        4.61547287173272     
  0.735000000000000        4.66948613791202     
  0.736000000000000        4.72381361739078     
  0.737000000000000        4.77845531016901     
  0.738000000000000        4.83341121624671     
  0.739000000000000        4.88868133562388     
  0.740000000000000        4.94426566830052     
  0.741000000000000        5.00016421427663     
  0.742000000000000        5.05637697355220     
  0.743000000000000        5.11290394612725     
  0.744000000000000        5.16974513200176     
  0.745000000000000        5.22690053117574     
  0.746000000000000        5.28437014364920     
  0.747000000000000        5.34215396942212     
  0.748000000000000        5.40025200849451     
  0.749000000000000        5.45866426086637     
  0.750000000000000        5.51739072653769     
  0.751000000000000        5.57643140550849     
  0.752000000000000        5.63578629777876     
  0.753000000000000        5.69545540334849     
  0.754000000000000        5.75543872221770     
  0.755000000000000        5.81573625438637     
  0.756000000000000        5.87634799985451     
  0.757000000000000        5.93727395862212     
  0.758000000000000        5.99851413068920     
  0.759000000000000        6.06006851605575     
  0.760000000000000        6.12193711472177     
  0.761000000000000        6.18411992668725     
  0.762000000000000        6.24661695195221     
  0.763000000000000        6.30942819051663     
  0.764000000000000        6.37255364238053     
  0.765000000000000        6.43599330754389     
  0.766000000000000        6.49974718600672     
  0.767000000000000        6.56381527776902     
  0.768000000000000        6.62819758283079     
  0.769000000000000        6.69289410119203     
  0.770000000000000        6.75790483285273     
  0.771000000000000        6.82322977781291     
  0.772000000000000        6.88886893607255     
  0.773000000000000        6.95482230763166     
  0.774000000000000        7.02108989249025     
  0.775000000000000        7.08767169064830     
  0.776000000000000        7.15456770210582     
  0.777000000000000        7.22177792686280     
  0.778000000000000        7.28930236491926     
  0.779000000000000        7.35714101627519     
  0.780000000000000        7.42529388093058     
  0.781000000000000        7.49376095888545     
  0.782000000000000        7.56254225013978     
  0.783000000000000        7.63163775469358     
  0.784000000000000        7.70104747254685     
  0.785000000000000        7.77077140369959     
  0.786000000000000        7.84080954815180     
  0.787000000000000        7.91116190590348     
  0.788000000000000        7.98182847695463     
  0.789000000000000        8.05280926130525     
  0.790000000000000        8.12410425895533     
  0.791000000000000        8.19571346990488     
  0.792000000000000        8.26763689415391     
  0.793000000000000        8.33987453170240     
  0.794000000000000        8.41242638255036     
  0.795000000000000        8.48529244669779     
  0.796000000000000        8.55847272414469     
  0.797000000000000        8.63196721489106     
  0.798000000000000        8.70577591893689     
  0.799000000000000        8.77989883628220     
  0.800000000000000        8.85433596692697     
  0.801000000000000        8.92908731087121     
  0.802000000000000        9.00415286811493     
  0.803000000000000        9.07953263865811     
  0.804000000000000        9.15522662250076     
  0.805000000000000        9.23123481964288     
  0.806000000000000        9.30755723008447     
  0.807000000000000        9.38419385382552     
  0.808000000000000        9.46114469086605     
  0.809000000000000        9.53840974120605     
  0.810000000000000        9.61598900484551     
  0.811000000000000        9.69388248178444     
  0.812000000000000        9.77209017202284     
  0.813000000000000        9.85061207556071     
  0.814000000000000        6.30439172826596     
  0.815000000000000        6.24160562676607     
  0.816000000000000        6.17913373856566     
  0.817000000000000        6.11697606366471     
  0.818000000000000        6.05513260206323     
  0.819000000000000        5.99360335376121     
  0.820000000000000        5.93238831875867     
  0.821000000000000        5.87148749705560     
  0.822000000000000        5.81090088865199     
  0.823000000000000        5.75062849354786     
  0.824000000000000        5.69067031174319     
  0.825000000000000        5.63102634323799     
  0.826000000000000        5.57169658803226     
  0.827000000000000        5.51268104612600     
  0.828000000000000        5.45397971751921     
  0.829000000000000        5.39559260221189     
  0.830000000000000        5.33751970020404     
  0.831000000000000        5.27976101149565     
  0.832000000000000        5.22231653608674     
  0.833000000000000        5.16518627397729     
  0.834000000000000        5.10837022516732     
  0.835000000000000        5.05186838965681     
  0.836000000000000        4.99568076744577     
  0.837000000000000        4.93980735853420     
  0.838000000000000        4.88424816292210     
  0.839000000000000        4.82900318060947     
  0.840000000000000        4.77407241159630     
  0.841000000000000        4.71945585588261     
  0.842000000000000        4.66515351346838     
  0.843000000000000        4.61116538435363     
  0.844000000000000        4.55749146853834     
  0.845000000000000        4.50413176602252     
  0.846000000000000        4.45108627680617     
  0.847000000000000        4.39835500088929     
  0.848000000000000        4.34593793827188     
  0.849000000000000        4.29383508895394     
  0.850000000000000        4.24204645293546     
  0.851000000000000        4.19057203021646     
  0.852000000000000        4.13941182079692     
  0.853000000000000        4.08856582467685     
  0.854000000000000        4.03803404185626     
  0.855000000000000        3.98781647233513     
  0.856000000000000        3.93791311611347     
  0.857000000000000        3.88832397319128     
  0.858000000000000        3.83904904356856     
  0.859000000000000        3.79008832724530     
  0.860000000000000        3.74144182422152     
  0.861000000000000        3.69310953449720     
  0.862000000000000        3.64509145807236     
  0.863000000000000        3.59738759494698     
  0.864000000000000        3.54999794512107     
  0.865000000000000        3.50292250859463     
  0.866000000000000        3.45616128536766     
  0.867000000000000        3.40971427544016     
  0.868000000000000        3.36358147881213     
  0.869000000000000        3.31776289548357     
  0.870000000000000        3.27225852545447     
  0.871000000000000        3.22706836872485     
  0.872000000000000        3.18219242529469     
  0.873000000000000        3.13763069516400     
  0.874000000000000        3.09338317833279     
  0.875000000000000        3.04944987480104     
  0.876000000000000        3.00583078456876     
  0.877000000000000        2.96252590763595     
  0.878000000000000        2.91953524400260     
  0.879000000000000        2.87685879366873     
  0.880000000000000        2.83449655663432     
  0.881000000000000        2.79244853289939     
  0.882000000000000        2.75071472246392     
  0.883000000000000        2.70929512532792     
  0.884000000000000        2.66818974149140     
  0.885000000000000        2.62739857095434     
  0.886000000000000        2.58692161371675     
  0.887000000000000        2.54675886977862     
  0.888000000000000        2.50691033913997     
  0.889000000000000        2.46737602180079     
  0.890000000000000        2.42815591776107     
  0.891000000000000        2.38925002702083     
  0.892000000000000        2.35065834958005     
  0.893000000000000        2.31238088543874     
  0.894000000000000        2.27441763459690     
  0.895000000000000        2.23676859705453     
  0.896000000000000        2.19943377281163     
  0.897000000000000        2.16241316186820     
  0.898000000000000        2.12570676422424     
  0.899000000000000        2.08931457987974     
  0.900000000000000        2.05323660883472     
  0.901000000000000        2.01747285108916     
  0.902000000000000        1.98202330664307     
  0.903000000000000        1.94688797549646     
  0.904000000000000        1.91206685764931     
  0.905000000000000        1.87755995310163     
  0.906000000000000        1.84336726185341     
  0.907000000000000        1.80948878390467     
  0.908000000000000        1.77592451925540     
  0.909000000000000        1.74267446790559     
  0.910000000000000        1.70973862985526     
  0.911000000000000        1.67711700510439     
  0.912000000000000        1.64480959365299     
  0.913000000000000        1.61281639550107     
  0.914000000000000        1.58113741064861     
  0.915000000000000        1.54977263909562     
  0.916000000000000        1.51872208084209     
  0.917000000000000        1.48798573588804     
  0.918000000000000        1.45756360423346     
  0.919000000000000        1.42745568587834     
  0.920000000000000        1.39766198082270     
  0.921000000000000        1.36818248906652     
  0.922000000000000        1.33901721060981     
  0.923000000000000        1.31016614545257     
  0.924000000000000        1.28162929359480     
  0.925000000000000        1.25340665503650     
  0.926000000000000        1.22549822977767     
  0.927000000000000        1.19790401781831     
  0.928000000000000        1.17062401915841     
  0.929000000000000        1.14365823379799     
  0.930000000000000        1.11700666173703     
  0.931000000000000        1.09066930297554     
  0.932000000000000        1.06464615751353     
  0.933000000000000        1.03893722535098     
  0.934000000000000        1.01354250648790     
  0.935000000000000       0.988462000924286     
  0.936000000000000       0.963695708660143     
  0.937000000000000       0.939243629695470     
  0.938000000000000       0.915105764030266     
  0.939000000000000       0.891282111664530     
  0.940000000000000       0.867772672598264     
  0.941000000000000       0.844577446831466     
  0.942000000000000       0.821696434364138     
  0.943000000000000       0.799129635196278     
  0.944000000000000       0.776877049327887     
  0.945000000000000       0.754938676758966     
  0.946000000000000       0.733314517489513     
  0.947000000000000       0.712004571519529     
  0.948000000000000       0.691008838849015     
  0.949000000000000       0.670327319477969     
  0.950000000000000       0.649960013406392     
  0.951000000000000       0.629906920634285     
  0.952000000000000       0.610168041161646     
  0.953000000000000       0.590743374988476     
  0.954000000000000       0.571632922114775     
  0.955000000000000       0.552836682540543     
  0.956000000000000       0.534354656265780     
  0.957000000000000       0.516186843290486     
  0.958000000000000       0.498333243614661     
  0.959000000000000       0.480793857238305     
  0.960000000000000       0.463568684161418     
  0.961000000000000       0.446657724384000     
  0.962000000000000       0.430060977906050     
  0.963000000000000       0.413778444727570     
  0.964000000000000       0.397810124848559     
  0.965000000000000       0.382156018269017     
  0.966000000000000       0.366816124988944     
  0.967000000000000       0.351790445008339     
  0.968000000000000       0.337078978327204     
  0.969000000000000       0.322681724945537     
  0.970000000000000       0.308598684863340     
  0.971000000000000       0.294829858080612     
  0.972000000000000       0.281375244597352     
  0.973000000000000       0.268234844413562     
  0.974000000000000       0.255408657529240     
  0.975000000000000       0.242896683944388     
  0.976000000000000       0.230698923659004     
  0.977000000000000       0.218815376673089     
  0.978000000000000       0.207246042986644     
  0.979000000000000       0.195990922599667     
  0.980000000000000       0.185050015512159     
  0.981000000000000       0.174423321724120     
  0.982000000000000       0.164110841235551     
  0.983000000000000       0.154112574046450     
  0.984000000000000       0.144428520156818     
  0.985000000000000       0.135058679566655     
  0.986000000000000       0.126003052275961     
  0.987000000000000       0.117261638284736     
  0.988000000000000       0.108834437592980     
  0.989000000000000       0.100721450200693     
  0.990000000000000       9.292267610787512E-002
  0.991000000000000       8.543811531452607E-002
  0.992000000000000       7.826776782064597E-002
  0.993000000000000       7.141163362623483E-002
  0.994000000000000       6.486971273129266E-002
  0.995000000000000       5.864200513581947E-002
  0.996000000000000       5.272851083981523E-002
  0.997000000000000       4.712922984327996E-002
  0.998000000000000       4.184416214621366E-002
  0.999000000000000       3.687330774861633E-002
   1.00000000000000       3.221666665048796E-002
   1.00100000000000       2.787423885182855E-002
   1.00200000000000       2.384602435263812E-002
   1.00300000000000       2.013202315291665E-002
   1.00400000000000       1.673223525266415E-002
   1.00500000000000       1.364666065188061E-002
   1.00600000000000       1.087529935056604E-002
   1.00700000000000       8.418151348720437E-003
   1.00800000000000       6.275216646343799E-003
   1.00900000000000       4.446495243436127E-003
   1.01000000000000       2.931987139997422E-003
   1.01100000000000       1.731692336027682E-003
   1.01200000000000       8.456108315269097E-004
   1.01300000000000       2.737426264951033E-004
   1.01400000000000       1.608772093226316E-005
   1.01500000000000       7.264611483838935E-005
   1.01600000000000       4.434178082134819E-004
   1.01700000000000       1.128402801057541E-003
   1.01800000000000       2.127601093370566E-003
   1.01900000000000       3.441012685152557E-003
   1.02000000000000       5.068637576403515E-003
   1.02100000000000       7.010475767123439E-003
   1.02200000000000       9.266527257312330E-003
   1.02300000000000       1.183679204697019E-002
   1.02400000000000       1.472127013609701E-002
   1.02500000000000       1.791996152469280E-002
   1.02600000000000       2.143286621275756E-002
   1.02700000000000       2.525998420029128E-002
   1.02800000000000       2.940131548729397E-002
   1.02900000000000       3.385686007376562E-002
   1.03000000000000       3.862661795970624E-002
   1.03100000000000       4.371058914511583E-002
   1.03200000000000       4.910877362999438E-002
   1.03300000000000       5.482117141434190E-002
   1.03400000000000       6.084778249815839E-002
   1.03500000000000       6.718860688144383E-002
   1.03600000000000       7.384364456419826E-002
   1.03700000000000       8.081289554642165E-002
   1.03800000000000       8.809635982811401E-002
   1.03900000000000       9.569403740927530E-002
   1.04000000000000       0.103605928289906     
   1.04100000000000       0.111832032470005     
   1.04200000000000       0.120372349949573     
   1.04300000000000       0.129226880728610     
   1.04400000000000       0.138395624807117     
   1.04500000000000       0.147878582185092     
   1.04600000000000       0.157675752862536     
   1.04700000000000       0.167787136839449     
   1.04800000000000       0.178212734115831     
   1.04900000000000       0.188952544691682     
   1.05000000000000       0.200006568567002     
   1.05100000000000       0.211374805741791     
   1.05200000000000       0.223057256216049     
   1.05300000000000       0.235053919989776     
   1.05400000000000       0.247364797062972     
   1.05500000000000       0.259989887435636     
   1.05600000000000       0.272929191107770     
   1.05700000000000       0.286182708079373     
   1.05800000000000       0.299750438350445     
   1.05900000000000       0.313632381920985     
   1.06000000000000       0.327828538790995     
   1.06100000000000       0.342338908960474     
   1.06200000000000       0.357163492429421     
   1.06300000000000       0.372302289197838     
   1.06400000000000       0.387755299265723     
   1.06500000000000       0.403522522633078     
   1.06600000000000       0.419603959299901     
   1.06700000000000       0.435999609266194     
   1.06800000000000       0.452709472531955     
   1.06900000000000       0.469733549097186     
   1.07000000000000       0.487071838961885     
   1.07100000000000       0.504724342126053     
   1.07200000000000       0.522691058589691     
   1.07300000000000       0.540971988352797     
   1.07400000000000       0.559567131415372     
   1.07500000000000       0.578476487777416     
   1.07600000000000       0.597700057438929     
   1.07700000000000       0.617237840399911     
   1.07800000000000       0.637089836660363     
   1.07900000000000       0.657256046220283     
   1.08000000000000       0.677736469079672     
   1.08100000000000       0.698531105238530     
   1.08200000000000       0.719639954696857     
   1.08300000000000       0.741063017454653     
   1.08400000000000       0.762800293511917     
   1.08500000000000       0.784851782868651     
   1.08600000000000       0.807217485524854     
   1.08700000000000       0.829897401480526     
   1.08800000000000       0.852891530735667     
   1.08900000000000       0.876199873290276     
   1.09000000000000       0.899822429144355     
   1.09100000000000       0.923759198297903     
   1.09200000000000       0.948010180750919     
   1.09300000000000       0.972575376503405     
   1.09400000000000       0.997454785555360     
   1.09500000000000        1.02264840790678     
   1.09600000000000        1.04815624355768     
   1.09700000000000        1.07397829250804     
   1.09800000000000        1.10011455475787     
   1.09900000000000        1.12656503030717     
   1.10000000000000        1.15332971915594     
   1.10100000000000        1.18040862130417     
   1.10200000000000        1.20780173675188     
   1.10300000000000        1.23550906549905     
   1.10400000000000        1.26353060754570     
   1.10500000000000        1.29186636289181     
   1.10600000000000        1.32051633153739     
   1.10700000000000        1.34948051348245     
   1.10800000000000        1.37875890872697     
   1.10900000000000        1.40835151727095     
   1.11000000000000        1.43825833911441     
   1.11100000000000        1.46847937425734     
   1.11200000000000        1.49901462269974     
   1.11300000000000        1.52986408444160     
   1.11400000000000        1.56102775948293     
   1.11500000000000        1.59250564782374     
   1.11600000000000        1.62429774946401     
   1.11700000000000        1.65640406440375     
   1.11800000000000        1.68882459264296     
   1.11900000000000        1.72155933418164     
   1.12000000000000        1.75460828901979     
   1.12100000000000        1.78797145715740     
   1.12200000000000        1.82164883859449     
   1.12300000000000        1.85564043333104     
   1.12400000000000        1.88994624136707     
   1.12500000000000        1.92456626270256     
   1.12600000000000        1.95950049733752     
   1.12700000000000        1.99474894527195     
   1.12800000000000        2.03031160650585     
   1.12900000000000        2.06618848103922     
   1.13000000000000        2.10237956887206     
   1.13100000000000        2.13888487000436     
   1.13200000000000        2.17570438443614     
   1.13300000000000        2.21283811216738     
   1.13400000000000        2.25028605319810     
   1.13500000000000        2.28804820752828     
   1.13600000000000        2.32612457515793     
   1.13700000000000        2.36451515608705     
   1.13800000000000        2.40321995031564     
   1.13900000000000        2.44223895784370     
   1.14000000000000        2.48157217867122     
   1.14100000000000        2.52121961279822     
   1.14200000000000        2.56118126022469     
   1.14300000000000        2.60145712095062     
   1.14400000000000        2.64204719497602     
   1.14500000000000        2.68295148230089     
   1.14600000000000        2.72416998292524     
   1.14700000000000        2.76570269684905     
   1.14800000000000        2.80754962407232     
   1.14900000000000        2.84971076459507     
   1.15000000000000        2.89218611841729     
   1.15100000000000        2.93497568553898     
   1.15200000000000        2.97807946596013     
   1.15300000000000        3.02149745968075     
   1.15400000000000        3.06522966670085     
   1.15500000000000        3.10927608702041     
   1.15600000000000        3.15363672063944     
   1.15700000000000        3.19831156755794     
   1.15800000000000        3.24330062777591     
   1.15900000000000        3.28860390129334     
   1.16000000000000        3.33422138811025     
   1.16100000000000        3.38015308822663     
   1.16200000000000        3.42639900164247     
   1.16300000000000        3.47295912835778     
   1.16400000000000        3.51983346837257     
   1.16500000000000        3.56702202168682     
   1.16600000000000        3.61452478830054     
   1.16700000000000        3.66234176821373     
   1.16800000000000        3.71047296142638     
   1.16900000000000        3.75891836793851     
   1.17000000000000        3.80767798775011     
   1.17100000000000        3.85675182086117     
   1.17200000000000        3.90613986727171     
   1.17300000000000        3.95584212698171     
   1.17400000000000        4.00585859999118     
   1.17500000000000        4.05618928630012     
   1.17600000000000        4.10683418590853     
   1.17700000000000        4.15779329881641     
   1.17800000000000        4.20906662502376     
   1.17900000000000        4.26065416453058     
   1.18000000000000        4.31255591733686     
   1.18100000000000        4.36477188344262     
   1.18200000000000        4.41730206284784     
   1.18300000000000        4.47014645555253     
   1.18400000000000        4.52330506155670     
   1.18500000000000        4.57677788086033     
   1.18600000000000        4.63056491346343     
   1.18700000000000        4.68466615936600     
   1.18800000000000        4.73908161856803     
   1.18900000000000        4.79381129106954     
   1.19000000000000        4.84885517687052     
   1.19100000000000        4.90421327597096     
   1.19200000000000        4.95988558837087     
   1.19300000000000        5.01587211407026     
   1.19400000000000        5.07217285306911     
   1.19500000000000        5.12878780536743     
   1.19600000000000        5.18571697096522     
   1.19700000000000        5.24296034986247     
   1.19800000000000        5.30051794205920     
   1.19900000000000        5.35838974755540     
   1.20000000000000        5.41657576635106     
   1.20100000000000        5.47507599844620     
   1.20200000000000        5.53389044384080     
   1.20300000000000        5.59301910253487     
   1.20400000000000        5.65246197452841     
   1.20500000000000        5.71221905982142     
   1.20600000000000        5.77229035841390     
   1.20700000000000        5.83267587030585     
   1.20800000000000        5.89337559549727     
   1.20900000000000        5.95438953398815     
   1.21000000000000        6.01571768577851     
   1.21100000000000        6.07736005086833     
   1.21200000000000        6.13931662925762     
   1.21300000000000        6.20158742094639     
   1.21400000000000        6.26417242593462     
   1.21500000000000        4.00907035253905     
   1.21600000000000        3.95903376987878     
   1.21700000000000        3.90931140051798     
   1.21800000000000        3.85990324445665     
   1.21900000000000        3.81080930169479     
   1.22000000000000        3.76202957223240     
   1.22100000000000        3.71356405606948     
   1.22200000000000        3.66541275320602     
   1.22300000000000        3.61757566364204     
   1.22400000000000        3.57005278737752     
   1.22500000000000        3.52284412441247     
   1.22600000000000        3.47594967474690     
   1.22700000000000        3.42936943838079     
   1.22800000000000        3.38310341531415     
   1.22900000000000        3.33715160554698     
   1.23000000000000        3.29151400907927     
   1.23100000000000        3.24619062591104     
   1.23200000000000        3.20118145604228     
   1.23300000000000        3.15648649947298     
   1.23400000000000        3.11210575620315     
   1.23500000000000        3.06803922623280     
   1.23600000000000        3.02428690956191     
   1.23700000000000        2.98084880619049     
   1.23800000000000        2.93772491611854     
   1.23900000000000        2.89491523934606     
   1.24000000000000        2.85241977587305     
   1.24100000000000        2.81023852569950     
   1.24200000000000        2.76837148882543     
   1.24300000000000        2.72681866525082     
   1.24400000000000        2.68558005497569     
   1.24500000000000        2.64465565800002     
   1.24600000000000        2.60404547432382     
   1.24700000000000        2.56374950394709     
   1.24800000000000        2.52376774686983     
   1.24900000000000        2.48410020309204     
   1.25000000000000        2.44474687261371     
   1.25100000000000        2.40570775543486     
   1.25200000000000        2.36698285155548     
   1.25300000000000        2.32857216097556     
   1.25400000000000        2.29047568369511     
   1.25500000000000        2.25269341971413     
   1.25600000000000        2.21522536903263     
   1.25700000000000        2.17807153165059     
   1.25800000000000        2.14123190756801     
   1.25900000000000        2.10470649678491     
   1.26000000000000        2.06849529930128     
   1.26100000000000        2.03259831511712     
   1.26200000000000        1.99701554423242     
   1.26300000000000        1.96174698664719     
   1.26400000000000        1.92679264236144     
   1.26500000000000        1.89215251137515     
   1.26600000000000        1.85782659368833     
   1.26700000000000        1.82381488930098     
   1.26800000000000        1.79011739821310     
   1.26900000000000        1.75673412042469     
   1.27000000000000        1.72366505593574     
   1.27100000000000        1.69091020474627     
   1.27200000000000        1.65846956685626     
   1.27300000000000        1.62634314226573     
   1.27400000000000        1.59453093097466     
   1.27500000000000        1.56303293298306     
   1.27600000000000        1.53184914829093     
   1.27700000000000        1.50097957689827     
   1.27800000000000        1.47042421880508     
   1.27900000000000        1.44018307401136     
   1.28000000000000        1.41025614251710     
   1.28100000000000        1.38064342432232     
   1.28200000000000        1.35134491942700     
   1.28300000000000        1.32236062783115     
   1.28400000000000        1.29369054953478     
   1.28500000000000        1.26533468453787     
   1.28600000000000        1.23729303284043     
   1.28700000000000        1.20956559444246     
   1.28800000000000        1.18215236934395     
   1.28900000000000        1.15505335754492     
   1.29000000000000        1.12826855904536     
   1.29100000000000        1.10179797384526     
   1.29200000000000        1.07564160194464     
   1.29300000000000        1.04979944334348     
   1.29400000000000        1.02427149804179     
   1.29500000000000       0.999057766039571     
   1.29600000000000       0.974158247336821     
   1.29700000000000       0.949572941933540     
   1.29800000000000       0.925301849829728     
   1.29900000000000       0.901344971025384     
   1.30000000000000       0.877702305520510     
   1.30100000000000       0.854373853315105     
   1.30200000000000       0.831359614409168     
   1.30300000000000       0.808659588802701     
   1.30400000000000       0.786273776495702     
   1.30500000000000       0.764202177488173     
   1.30600000000000       0.742444791780112     
   1.30700000000000       0.721001619371521     
   1.30800000000000       0.699872660262398     
   1.30900000000000       0.679057914452744     
   1.31000000000000       0.658557381942560     
   1.31100000000000       0.638371062731844     
   1.31200000000000       0.618498956820597     
   1.31300000000000       0.598941064208819     
   1.31400000000000       0.579697384896510     
   1.31500000000000       0.560767918883671     
   1.31600000000000       0.542152666170300     
   1.31700000000000       0.523851626756398     
   1.31800000000000       0.505864800641965     
   1.31900000000000       0.488192187827001     
   1.32000000000000       0.470833788311506     
   1.32100000000000       0.453789602095480     
   1.32200000000000       0.437059629178923     
   1.32300000000000       0.420643869561835     
   1.32400000000000       0.404542323244216     
   1.32500000000000       0.388754990226065     
   1.32600000000000       0.373281870507384     
   1.32700000000000       0.358122964088172     
   1.32800000000000       0.343278270968429     
   1.32900000000000       0.328747791148154     
   1.33000000000000       0.314531524627349     
   1.33100000000000       0.300629471406013     
   1.33200000000000       0.287041631484145     
   1.33300000000000       0.273768004861747     
   1.33400000000000       0.260808591538817     
   1.33500000000000       0.248163391515357     
   1.33600000000000       0.235832404791365     
   1.33700000000000       0.223815631366843     
   1.33800000000000       0.212113071241789     
   1.33900000000000       0.200724724416205     
   1.34000000000000       0.189650590890089     
   1.34100000000000       0.178890670663442     
   1.34200000000000       0.168444963736265     
   1.34300000000000       0.158313470108556     
   1.34400000000000       0.148496189780316     
   1.34500000000000       0.138993122751545     
   1.34600000000000       0.129804269022243     
   1.34700000000000       0.120929628592411     
   1.34800000000000       0.112369201462047     
   1.34900000000000       0.104122987631152     
   1.35000000000000       9.619098709972583E-002
   1.35100000000000       8.857319986776886E-002
   1.35200000000000       8.126962593528085E-002
   1.35300000000000       7.428026530226182E-002
   1.35400000000000       6.760511796871174E-002
   1.35500000000000       6.124418393463063E-002
   1.35600000000000       5.519746320001849E-002
   1.35700000000000       4.946495576487531E-002
   1.35800000000000       4.404666162920110E-002
   1.35900000000000       3.894258079299586E-002
   1.36000000000000       3.415271325625958E-002
   1.36100000000000       2.967705901899226E-002
   1.36200000000000       2.551561808119392E-002
   1.36300000000000       2.166839044286455E-002
   1.36400000000000       1.813537610400413E-002
   1.36500000000000       1.491657506461269E-002
   1.36600000000000       1.201198732469021E-002
   1.36700000000000       9.421612884236694E-003
   1.36800000000000       7.145451743252145E-003
   1.36900000000000       5.183503901736565E-003
   1.37000000000000       3.535769359689950E-003
   1.37100000000000       2.202248117112302E-003
   1.37200000000000       1.182940174003620E-003
   1.37300000000000       4.778455303639044E-004
   1.37400000000000       8.696418619315514E-005
   1.37500000000000       1.029614149137216E-005
   1.37600000000000       2.478413962585555E-004
   1.37700000000000       7.995999504947052E-004
   1.37800000000000       1.665571804199821E-003
   1.37900000000000       2.845756957373903E-003
   1.38000000000000       4.340155410016952E-003
   1.38100000000000       6.148767162128967E-003
   1.38200000000000       8.271592213709949E-003
   1.38300000000000       1.070863056475990E-002
   1.38400000000000       1.345988221527881E-002
   1.38500000000000       1.652534716526669E-002
   1.38600000000000       1.990502541472354E-002
   1.38700000000000       2.359891696364935E-002
   1.38800000000000       2.760702181204413E-002
   1.38900000000000       3.192933995990788E-002
   1.39000000000000       3.656587140724059E-002
   1.39100000000000       4.151661615404226E-002
   1.39200000000000       4.678157420031291E-002
   1.39300000000000       5.236074554605252E-002
   1.39400000000000       5.825413019126110E-002
   1.39500000000000       6.446172813593863E-002
   1.39600000000000       7.098353938008516E-002
   1.39700000000000       7.781956392370062E-002
   1.39800000000000       8.496980176678506E-002
   1.39900000000000       9.243425290933847E-002
   1.40000000000000       0.100212917351361     
   1.40100000000000       0.108305795092852     
   1.40200000000000       0.116712886133813     
   1.40300000000000       0.125434190474242     
   1.40400000000000       0.134469708114140     
   1.40500000000000       0.143819439053507     
   1.40600000000000       0.153483383292344     
   1.40700000000000       0.163461540830649     
   1.40800000000000       0.173753911668423     
   1.40900000000000       0.184360495805666     
   1.41000000000000       0.195281293242378     
   1.41100000000000       0.206516303978559     
   1.41200000000000       0.218065528014209     
   1.41300000000000       0.229928965349328     
   1.41400000000000       0.242106615983916     
   1.41500000000000       0.254598479917973     
   1.41600000000000       0.267404557151499     
   1.41700000000000       0.280524847684494     
   1.41800000000000       0.293959351516957     
   1.41900000000000       0.307708068648890     
   1.42000000000000       0.321770999080292     
   1.42100000000000       0.336148142811163     
   1.42200000000000       0.350839499841502     
   1.42300000000000       0.365845070171311     
   1.42400000000000       0.381164853800589     
   1.42500000000000       0.396798850729335     
   1.42600000000000       0.412747060957551     
   1.42700000000000       0.429009484485235     
   1.42800000000000       0.445586121312389     
   1.42900000000000       0.462476971439011     
   1.43000000000000       0.479682034865103     
   1.43100000000000       0.497201311590663     
   1.43200000000000       0.515034801615693     
   1.43300000000000       0.533182504940191     
   1.43400000000000       0.551644421564158     
   1.43500000000000       0.570420551487595     
   1.43600000000000       0.589510894710500     
   1.43700000000000       0.608915451232874     
   1.43800000000000       0.628634221054717     
   1.43900000000000       0.648667204176029     
   1.44000000000000       0.669014400596810     
   1.44100000000000       0.689675810317061     
   1.44200000000000       0.710651433336780     
   1.44300000000000       0.731941269655968     
   1.44400000000000       0.753545319274625     
   1.44500000000000       0.775463582192751     
   1.44600000000000       0.797696058410346     
   1.44700000000000       0.820242747927409     
   1.44800000000000       0.843103650743942     
   1.44900000000000       0.866278766859944     
   1.45000000000000       0.889768096275415     
   1.45100000000000       0.913571638990355     
   1.45200000000000       0.937689395004763     
   1.45300000000000       0.962121364318641     
   1.45400000000000       0.986867546931988     
   1.45500000000000        1.01192794284480     
   1.45600000000000        1.03730255205709     
   1.45700000000000        1.06299137456884     
   1.45800000000000        1.08899441038006     
   1.45900000000000        1.11531165949076     
   1.46000000000000        1.14194312190092     
   1.46100000000000        1.16888879761055     
   1.46200000000000        1.19614868661964     
   1.46300000000000        1.22372278892821     
   1.46400000000000        1.25161110453625     
   1.46500000000000        1.27981363344375     
   1.46600000000000        1.30833037565073     
   1.46700000000000        1.33716133115717     
   1.46800000000000        1.36630649996308     
   1.46900000000000        1.39576588206846     
   1.47000000000000        1.42553947747331     
   1.47100000000000        1.45562728617763     
   1.47200000000000        1.48602930818142     
   1.47300000000000        1.51674554348468     
   1.47400000000000        1.54777599208740     
   1.47500000000000        1.57912065398960     
   1.47600000000000        1.61077952919126     
   1.47700000000000        1.64275261769240     
   1.47800000000000        1.67503991949300     
   1.47900000000000        1.70764143459307     
   1.48000000000000        1.74055716299261     
   1.48100000000000        1.77378710469162     
   1.48200000000000        1.80733125969010     
   1.48300000000000        1.84118962798804     
   1.48400000000000        1.87536220958546     
   1.48500000000000        1.90984900448234     
   1.48600000000000        1.94465001267870     
   1.48700000000000        1.97976523417452     
   1.48800000000000        2.01519466896981     
   1.48900000000000        2.05093831706457     
   1.49000000000000        2.08699617845880     
   1.49100000000000        2.12336825315250     
   1.49200000000000        2.16005454114567     
   1.49300000000000        2.19705504243830     
   1.49400000000000        2.23436975703041     
   1.49500000000000        2.27199868492198     
   1.49600000000000        2.30994182611303     
   1.49700000000000        2.34819918060354     
   1.49800000000000        2.38677074839352     
   1.49900000000000        2.42565652948297     
   1.50000000000000        2.46485652387189     
   1.50100000000000        2.50437073156028     
   1.50200000000000        2.54419915254813     
   1.50300000000000        2.58434178683546     
   1.50400000000000        2.62479863442226     
   1.50500000000000        2.66556969530852     
   1.50600000000000        2.70665496949425     
   1.50700000000000        2.74805445697945     
   1.50800000000000        2.78976815776413     
   1.50900000000000        2.83179607184827     
   1.51000000000000        2.87413819923187     
   1.51100000000000        2.91679453991495     
   1.51200000000000        2.95976509389750     
   1.51300000000000        3.00304986117951     
   1.51400000000000        3.04664884176100     
   1.51500000000000        3.09056203564195     
   1.51600000000000        3.13478944282238     
   1.51700000000000        3.17933106330227     
   1.51800000000000        3.22418689708163     
   1.51900000000000        3.26935694416046     
   1.52000000000000        3.31484120453876     
   1.52100000000000        3.36063967821652     
   1.52200000000000        3.40675236519376     
   1.52300000000000        3.45317926547047     
   1.52400000000000        3.49992037904664     
   1.52500000000000        3.54697570592228     
   1.52600000000000        3.59434524609740     
   1.52700000000000        3.64202899957198     
   1.52800000000000        3.69002696634603     
   1.52900000000000        3.73833914641955     
   1.53000000000000        3.78696553979254     
   1.53100000000000        3.83590614646499     
   1.53200000000000        3.88516096643692     
   1.53300000000000        3.93472999970831     
   1.53400000000000        3.98461324627918     
   1.53500000000000        4.03481070614951     
   1.53600000000000        2.58227885189759     
   1.53700000000000        2.54215230533157     
   1.53800000000000        2.50233997206501     
   1.53900000000000        2.46284185209793     
   1.54000000000000        2.42365794543031     
   1.54100000000000        2.38478825206217     
   1.54200000000000        2.34623277199349     
   1.54300000000000        2.30799150522428     
   1.54400000000000        2.27006445175454     
   1.54500000000000        2.23245161158427     
   1.54600000000000        2.19515298471347     
   1.54700000000000        2.15816857114214     
   1.54800000000000        2.12149837087027     
   1.54900000000000        2.08514238389788     
   1.55000000000000        2.04910061022495     
   1.55100000000000        2.01337304985149     
   1.55200000000000        1.97795970277751     
   1.55300000000000        1.94286056900299     
   1.55400000000000        1.90807564852794     
   1.55500000000000        1.87360494135236     
   1.55600000000000        1.83944844747624     
   1.55700000000000        1.80560616689960     
   1.55800000000000        1.77207809962243     
   1.55900000000000        1.73886424564472     
   1.56000000000000        1.70596460496649     
   1.56100000000000        1.67337917758772     
   1.56200000000000        1.64110796350842     
   1.56300000000000        1.60915096272859     
   1.56400000000000        1.57750817524823     
   1.56500000000000        1.54617960106734     
   1.56600000000000        1.51516524018592     
   1.56700000000000        1.48446509260396     
   1.56800000000000        1.45407915832148     
   1.56900000000000        1.42400743733846     
   1.57000000000000        1.39424992965492     
   1.57100000000000        1.36480663527084     
   1.57200000000000        1.33567755418623     
   1.57300000000000        1.30686268640109     
   1.57400000000000        1.27836203191542     
   1.57500000000000        1.25017559072922     
   1.57600000000000        1.22230336284249     
   1.57700000000000        1.19474534825522     
   1.57800000000000        1.16750154696743     
   1.57900000000000        1.14057195897910     
   1.58000000000000        1.11395658429025     
   1.58100000000000        1.08765542290086     
   1.58200000000000        1.06166847481094     
   1.58300000000000        1.03599574002049     
   1.58400000000000        1.01063721852951     
   1.58500000000000       0.985592910337997     
   1.58600000000000       0.960862815445955     
   1.58700000000000       0.936446933853381     
   1.58800000000000       0.912345265560276     
   1.58900000000000       0.888557810566639     
   1.59000000000000       0.865084568872472     
   1.59100000000000       0.841925540477774     
   1.59200000000000       0.819080725382545     
   1.59300000000000       0.796550123586785     
   1.59400000000000       0.774333735090494     
   1.59500000000000       0.752431559893671     
   1.59600000000000       0.730843597996318     
   1.59700000000000       0.709569849398434     
   1.59800000000000       0.688610314100018     
   1.59900000000000       0.667964992101072     
   1.60000000000000       0.647633883401595     
   1.60100000000000       0.627616988001586     
   1.60200000000000       0.607914305901047     
   1.60300000000000       0.588525837099976     
   1.60400000000000       0.569451581598375     
   1.60500000000000       0.550691539396242     
   1.60600000000000       0.532245710493578     
   1.60700000000000       0.514114094890384     
   1.60800000000000       0.496296692586658     
   1.60900000000000       0.478793503582401     
   1.61000000000000       0.461604527877614     
   1.61100000000000       0.444729765472295     
   1.61200000000000       0.428169216366445     
   1.61300000000000       0.411922880560064     
   1.61400000000000       0.395990758053152     
   1.61500000000000       0.380372848845710     
   1.61600000000000       0.365069152937736     
   1.61700000000000       0.350079670329231     
   1.61800000000000       0.335404401020195     
   1.61900000000000       0.321043345010628     
   1.62000000000000       0.306996502300530     
   1.62100000000000       0.293263872889901     
   1.62200000000000       0.279845456778740     
   1.62300000000000       0.266741253967049     
   1.62400000000000       0.253951264454827     
   1.62500000000000       0.241475488242074     
   1.62600000000000       0.229313925328790     
   1.62700000000000       0.217466575714974     
   1.62800000000000       0.205933439400628     
   1.62900000000000       0.194714516385751     
   1.63000000000000       0.183809806670342     
   1.63100000000000       0.173219310254403     
   1.63200000000000       0.162943027137932     
   1.63300000000000       0.152980957320931     
   1.63400000000000       0.143333100803398     
   1.63500000000000       0.133999457585335     
   1.63600000000000       0.124980027666740     
   1.63700000000000       0.116274811047615     
   1.63800000000000       0.107883807727958     
   1.63900000000000       9.980701770777051E-002
   1.64000000000000       9.204444098705183E-002
   1.64100000000000       8.459607756580213E-002
   1.64200000000000       7.746192744402139E-002
   1.64300000000000       7.064199062170962E-002
   1.64400000000000       6.413626709886681E-002
   1.64500000000000       5.794475687549298E-002
   1.64600000000000       5.206745995158810E-002
   1.64700000000000       4.650437632715219E-002
   1.64800000000000       4.125550600218526E-002
   1.64900000000000       3.632084897668728E-002
   1.65000000000000       3.170040525065827E-002
   1.65100000000000       2.739417482409823E-002
   1.65200000000000       2.340215769700715E-002
   1.65300000000000       1.972435386938504E-002
   1.65400000000000       1.636076334123190E-002
   1.65500000000000       1.331138611254772E-002
   1.65600000000000       1.057622218333251E-002
   1.65700000000000       8.155271553586269E-003
   1.65800000000000       6.048534223308992E-003
   1.65900000000000       4.256010192500681E-003
   1.66000000000000       2.777699461161336E-003
   1.66100000000000       1.613602029290957E-003
   1.66200000000000       7.637178968895449E-004
   1.66300000000000       2.280470639570988E-004
   1.66400000000000       6.589530493619078E-006
   1.66500000000000       9.934529649910568E-005
   1.66600000000000       5.063143619735587E-004
   1.66700000000000       1.227496726916978E-003
   1.66800000000000       2.262892391329363E-003
   1.66900000000000       3.612501355210715E-003
   1.67000000000000       5.276323618561033E-003
   1.67100000000000       7.254359181380318E-003
   1.67200000000000       9.546608043668569E-003
   1.67300000000000       1.215307020542579E-002
   1.67400000000000       1.507374566665197E-002
   1.67500000000000       1.830863442734712E-002
   1.67600000000000       2.185773648751124E-002
   1.67700000000000       2.572105184714432E-002
   1.67800000000000       2.989858050624637E-002
   1.67900000000000       3.439032246481738E-002
   1.68000000000000       3.919627772285736E-002
   1.68100000000000       4.431644628036631E-002
   1.68200000000000       4.975082813734422E-002
   1.68300000000000       5.549942329379110E-002
   1.68400000000000       6.156223174970695E-002
   1.68500000000000       6.793925350509177E-002
   1.68600000000000       7.463048855994554E-002
   1.68700000000000       8.163593691426829E-002
   1.68800000000000       8.895559856806000E-002
   1.68900000000000       9.658947352132068E-002
   1.69000000000000       0.104537561774050     
   1.69100000000000       0.112799863326249     
   1.69200000000000       0.121376378177917     
   1.69300000000000       0.130267106329053     
   1.69400000000000       0.139472047779659     
   1.69500000000000       0.148991202529733     
   1.69600000000000       0.158824570579277     
   1.69700000000000       0.168972151928289     
   1.69800000000000       0.179433946576771     
   1.69900000000000       0.190209954524721     
   1.70000000000000       0.201300175772140     
   1.70100000000000       0.212704610319029     
   1.70200000000000       0.224423258165386     
   1.70300000000000       0.236456119311212     
   1.70400000000000       0.248803193756507     
   1.70500000000000       0.261464481501271     
   1.70600000000000       0.274439982545505     
   1.70700000000000       0.287729696889207     
   1.70800000000000       0.301333624532378     
   1.70900000000000       0.315251765475018     
   1.71000000000000       0.329484119717127     
   1.71100000000000       0.344030687258705     
   1.71200000000000       0.358891468099752     
   1.71300000000000       0.374066462240268     
   1.71400000000000       0.389555669680253     
   1.71500000000000       0.405359090419707     
   1.71600000000000       0.421476724458629     
   1.71700000000000       0.437908571797021     
   1.71800000000000       0.454654632434882     
   1.71900000000000       0.471714906372212     
   1.72000000000000       0.489089393609010     
   1.72100000000000       0.506778094145278     
   1.72200000000000       0.524781007981015     
   1.72300000000000       0.543098135116220     
   1.72400000000000       0.561729475550895     
   1.72500000000000       0.580675029285039     
   1.72600000000000       0.599934796318651     
   1.72700000000000       0.619508776651733     
   1.72800000000000       0.639396970284283     
   1.72900000000000       0.659599377216302     
   1.73000000000000       0.680115997447791     
   1.73100000000000       0.700946830978748     
   1.73200000000000       0.722091877809174     
   1.73300000000000       0.743551137939070     
   1.73400000000000       0.765324611368434     
   1.73500000000000       0.787412298097267     
   1.73600000000000       0.809814198125569     
   1.73700000000000       0.832530311453341     
   1.73800000000000       0.855560638080581     
   1.73900000000000       0.878905178007290     
   1.74000000000000       0.902563931233468     
   1.74100000000000       0.926536897759115     
   1.74200000000000       0.950824077584231     
   1.74300000000000       0.975425470708816     
   1.74400000000000        1.00034107713287     
   1.74500000000000        1.02557089685639     
   1.74600000000000        1.05111492987938     
   1.74700000000000        1.07697317620185     
   1.74800000000000        1.10314563582378     
   1.74900000000000        1.12963230874517     
   1.75000000000000        1.15643319496604     
   1.75100000000000        1.18354829448638     
   1.75200000000000        1.21097760730618     
   1.75300000000000        1.23872113342546     
   1.75400000000000        1.26677887284420     
   1.75500000000000        1.29515082556242     
   1.75600000000000        1.32383699158010     
   1.75700000000000        1.35283737089725     
   1.75800000000000        1.38215196351387     
   1.75900000000000        1.41178076942996     
   1.76000000000000        1.44172378864551     
   1.76100000000000        1.47198102116054     
   1.76200000000000        1.50255246697503     
   1.76300000000000        1.53343812608900     
   1.76400000000000        1.56463799850243     
   1.76500000000000        1.59615208421533     
   1.76600000000000        1.62798038322771     
   1.76700000000000        1.66012289553955     
   1.76800000000000        1.69257962115085     
   1.76900000000000        1.72535056006163     
   1.77000000000000        1.75843571227188     
   1.77100000000000        1.79183507778160     
   1.77200000000000        1.82554865659078     
   1.77300000000000        1.85957644869944     
   1.77400000000000        1.89391845410756     
   1.77500000000000        1.92857467281515     
   1.77600000000000        1.96354510482221     
   1.77700000000000        1.99882975012874     
   1.77800000000000        2.03442860873474     
   1.77900000000000        2.07034168064021     
   1.78000000000000        2.10656896584514     
   1.78100000000000        2.14311046434955     
   1.78200000000000        2.17996617615342     
   1.78300000000000        2.21713610125677     
   1.78400000000000        2.25462023965958     
   1.78500000000000        2.29241859136186     
   1.78600000000000        2.33053115636361     
   1.78700000000000        2.36895793466483     
   1.78800000000000        2.40769892626552     
   1.78900000000000        2.44675413116568     
   1.79000000000000        2.48612354936531     
   1.79100000000000        2.52580718086440     
   1.79200000000000        2.56580502566297     
   1.79300000000000        1.64211521640005     
   1.79400000000000        1.61014836189138     
   1.79500000000000        1.57849572068218     
   1.79600000000000        1.54715729277245     
   1.79700000000000        1.51613307816219     
   1.79800000000000        1.48542307685140     
   1.79900000000000        1.45502728884008     
   1.80000000000000        1.42494571412823     
   1.80100000000000        1.39517835271584     
   1.80200000000000        1.36572520460292     
   1.80300000000000        1.33658626978948     
   1.80400000000000        1.30776154827550     
   1.80500000000000        1.27925104006099     
   1.80600000000000        1.25105474514595     
   1.80700000000000        1.22317266353038     
   1.80800000000000        1.19560479521428     
   1.80900000000000        1.16835114019765     
   1.81000000000000        1.14141169848048     
   1.81100000000000        1.11478647006279     
   1.81200000000000        1.08847545494456     
   1.81300000000000        1.06247865312580     
   1.81400000000000        1.03679606460652     
   1.81500000000000        1.01142768938670     
   1.81600000000000       0.986373527466347     
   1.81700000000000       0.961633578845466     
   1.81800000000000       0.937207843524053     
   1.81900000000000       0.913096321502110     
   1.82000000000000       0.889299012779636     
   1.82100000000000       0.865815917356630     
   1.82200000000000       0.842647035233094     
   1.82300000000000       0.819792366409027     
   1.82400000000000       0.797251910884428     
   1.82500000000000       0.775025668659299     
   1.82600000000000       0.753113639733638     
   1.82700000000000       0.731515824107447     
   1.82800000000000       0.710232221780724     
   1.82900000000000       0.689262832753471     
   1.83000000000000       0.668607657025686     
   1.83100000000000       0.648266694597371     
   1.83200000000000       0.628239945468524     
   1.83300000000000       0.608527409639146     
   1.83400000000000       0.589129087109238     
   1.83500000000000       0.570044977878798     
   1.83600000000000       0.551275081947827     
   1.83700000000000       0.532819399316325     
   1.83800000000000       0.514677929984292     
   1.83900000000000       0.496850673951728     
   1.84000000000000       0.479337631218633     
   1.84100000000000       0.462138801785008     
   1.84200000000000       0.445254185650851     
   1.84300000000000       0.428683782816163     
   1.84400000000000       0.412427593280944     
   1.84500000000000       0.396485617045193     
   1.84600000000000       0.380857854108912     
   1.84700000000000       0.365544304472100     
   1.84800000000000       0.350544968134757     
   1.84900000000000       0.335859845096883     
   1.85000000000000       0.321488935358478     
   1.85100000000000       0.307432238919541     
   1.85200000000000       0.293689755780074     
   1.85300000000000       0.280261485940076     
   1.85400000000000       0.267147429399546     
   1.85500000000000       0.254347586158486     
   1.85600000000000       0.241861956216895     
   1.85700000000000       0.229690539574772     
   1.85800000000000       0.217833336232119     
   1.85900000000000       0.206290346188934     
   1.86000000000000       0.195061569445219     
   1.86100000000000       0.184147006000972     
   1.86200000000000       0.173546655856194     
   1.86300000000000       0.163260519010886     
   1.86400000000000       0.153288595465046     
   1.86500000000000       0.143630885218675     
   1.86600000000000       0.134287388271774     
   1.86700000000000       0.125258104624341     
   1.86800000000000       0.116543034276377     
   1.86900000000000       0.108142177227882     
   1.87000000000000       0.100055533478856     
   1.87100000000000       9.228310302929942E-002
   1.87200000000000       8.482488587921150E-002
   1.87300000000000       7.768088202859255E-002
   1.87400000000000       7.085109147744256E-002
   1.87500000000000       6.433551422576154E-002
   1.87600000000000       5.813415027354949E-002
   1.87700000000000       5.224699962080642E-002
   1.87800000000000       4.667406226753230E-002
   1.87900000000000       4.141533821372714E-002
   1.88000000000000       3.647082745939095E-002
   1.88100000000000       3.184053000452374E-002
   1.88200000000000       2.752444584912549E-002
   1.88300000000000       2.352257499319620E-002
   1.88400000000000       1.983491743673588E-002
   1.88500000000000       1.646147317974453E-002
   1.88600000000000       1.340224222222214E-002
   1.88700000000000       1.065722456416872E-002
   1.88800000000000       8.226420205584267E-003
   1.88900000000000       6.109829146468777E-003
   1.89000000000000       4.307451386822256E-003
   1.89100000000000       2.819286926644700E-003
   1.89200000000000       1.645335765936111E-003
   1.89300000000000       7.855979046964882E-004
   1.89400000000000       2.400733429258317E-004
   1.89500000000000       8.762080624141635E-006
   1.89600000000000       9.166411779141786E-005
   1.89700000000000       4.887794544276604E-004
   1.89800000000000       1.200108090532869E-003
   1.89900000000000       2.225650026107045E-003
   1.90000000000000       3.565405261150185E-003
   1.90100000000000       5.219373795662294E-003
   1.90200000000000       7.187555629643368E-003
   1.90300000000000       9.469950763093407E-003
   1.90400000000000       1.206655919601242E-002
   1.90500000000000       1.497738092840039E-002
   1.90600000000000       1.820241596025733E-002
   1.90700000000000       2.174166429158323E-002
   1.90800000000000       2.559512592237811E-002
   1.90900000000000       2.976280085264195E-002
   1.91000000000000       3.424468908237475E-002
   1.91100000000000       3.904079061157652E-002
   1.91200000000000       4.415110544024726E-002
   1.91300000000000       4.957563356838696E-002
   1.91400000000000       5.531437499599563E-002
   1.91500000000000       6.136732972307327E-002
   1.91600000000000       6.773449774961987E-002
   1.91700000000000       7.441587907563543E-002
   1.91800000000000       8.141147370111997E-002
   1.91900000000000       8.872128162607347E-002
   1.92000000000000       9.634530285049595E-002
   1.92100000000000       0.104283537374387     
   1.92200000000000       0.112535985197748     
   1.92300000000000       0.121102646320577     
   1.92400000000000       0.129983520742876     
   1.92500000000000       0.139178608464643     
   1.92600000000000       0.148687909485879     
   1.92700000000000       0.158511423806584     
   1.92800000000000       0.168649151426759     
   1.92900000000000       0.179101092346402     
   1.93000000000000       0.189867246565514     
   1.93100000000000       0.200947614084095     
   1.93200000000000       0.212342194902145     
   1.93300000000000       0.224050989019664     
   1.93400000000000       0.236073996436652     
   1.93500000000000       0.248411217153109     
   1.93600000000000       0.261062651169035     
   1.93700000000000       0.274028298484430     
   1.93800000000000       0.287308159099294     
   1.93900000000000       0.300902233013627     
   1.94000000000000       0.314810520227429     
   1.94100000000000       0.329033020740700     
   1.94200000000000       0.343569734553440     
   1.94300000000000       0.358420661665648     
   1.94400000000000       0.373585802077326     
   1.94500000000000       0.389065155788473     
   1.94600000000000       0.404858722799088     
   1.94700000000000       0.420966503109173     
   1.94800000000000       0.437388496718727     
   1.94900000000000       0.454124703627749     
   1.95000000000000       0.471175123836241     
   1.95100000000000       0.488539757344201     
   1.95200000000000       0.506218604151631     
   1.95300000000000       0.524211664258529     
   1.95400000000000       0.542518937664897     
   1.95500000000000       0.561140424370733     
   1.95600000000000       0.580076124376038     
   1.95700000000000       0.599326037680812     
   1.95800000000000       0.618890164285056     
   1.95900000000000       0.638768504188768     
   1.96000000000000       0.658961057391949     
   1.96100000000000       0.679467823894599     
   1.96200000000000       0.700288803696719     
   1.96300000000000       0.721423996798307     
   1.96400000000000       0.742873403199364     
   1.96500000000000       0.764637022899890     
   1.96600000000000       0.786714855899885     
   1.96700000000000       0.809106902199349     
   1.96800000000000       0.831813161798282     
   1.96900000000000       0.854833634696684     
   1.97000000000000       0.878168320894555     
   1.97100000000000       0.901817220391895     
   1.97200000000000       0.925780333188703     
   1.97300000000000       0.950057659284981     
   1.97400000000000       0.974649198680728     
   1.97500000000000       0.999554951375944     
   1.97600000000000        1.02477491737063     
   1.97700000000000        1.05030909666478     
   1.97800000000000        1.07615748925840     
   1.97900000000000        1.10232009515150     
   1.98000000000000        1.12879691434406     
   1.98100000000000        1.15558794683609     
   1.98200000000000        1.18269319262758     
   1.98300000000000        1.21011265171855     
   1.98400000000000        1.23784632410899     
   1.98500000000000        1.26589420979889     
   1.98600000000000        1.29425630878827     
   1.98700000000000        1.32293262107711     
   1.98800000000000        1.35192314666542     
   1.98900000000000        1.38122788555321     
   1.99000000000000        1.41084683774046     
   1.99100000000000        1.44078000322718     
   1.99200000000000        1.47102738201336     
   1.99300000000000        1.50158897409902     
   1.99400000000000        1.53246477948415     
   1.99500000000000        1.56365479816874     
   1.99600000000000        1.59515903015281     
   1.99700000000000        1.62697747543634     
   1.99800000000000        1.65911013401934     
