  0.000000000000000E+000  0.000000000000000E+000
  1.000000000000000E-003  1.571066497344832E-004
  2.000000000000000E-003  6.284265989379326E-004
  3.000000000000000E-003  1.413959847610348E-003
  4.000000000000000E-003  2.513706395751731E-003
  5.000000000000000E-003  3.927666243362079E-003
  6.000000000000000E-003  5.655839390441394E-003
  7.000000000000000E-003  7.698225836989675E-003
  8.000000000000000E-003  1.005482558300692E-002
  9.000000000000001E-003  1.272563862849314E-002
  1.000000000000000E-002  1.571066497344832E-002
  1.100000000000000E-002  1.900990461787246E-002
  1.200000000000000E-002  2.262335756176558E-002
  1.300000000000000E-002  2.655102380512766E-002
  1.400000000000000E-002  3.079290334795870E-002
  1.500000000000000E-002  3.534899619025871E-002
  1.600000000000000E-002  4.021930233202769E-002
  1.700000000000000E-002  4.540382177326564E-002
  1.800000000000000E-002  5.090255451397255E-002
  1.900000000000000E-002  5.671550055414842E-002
  2.000000000000000E-002  6.284265989379327E-002
  2.100000000000000E-002  6.928403253290707E-002
  2.200000000000000E-002  7.603961847148985E-002
  2.300000000000000E-002  8.310941770954158E-002
  2.400000000000000E-002  9.049343024706230E-002
  2.500000000000000E-002  9.819165608405198E-002
  2.600000000000000E-002  0.106204095220511     
  2.700000000000000E-002  0.114530747656438     
  2.800000000000000E-002  0.123171613391835     
  2.900000000000000E-002  0.132126692426700     
  3.000000000000000E-002  0.141395984761035     
  3.100000000000000E-002  0.150979490394838     
  3.200000000000000E-002  0.160877209328111     
  3.300000000000000E-002  0.171089141560852     
  3.400000000000000E-002  0.181615287093063     
  3.500000000000000E-002  0.192455645924742     
  3.600000000000000E-002  0.203610218055890     
  3.700000000000000E-002  0.215079003486508     
  3.800000000000000E-002  0.226862002216594     
  3.900000000000000E-002  0.238959214246149     
  4.000000000000000E-002  0.251370639575173     
  4.100000000000000E-002  0.264096278203667     
  4.200000000000000E-002  0.277136130131629     
  4.300000000000000E-002  0.290490195359060     
  4.400000000000000E-002  0.304158473885960     
  4.500000000000000E-002  0.318140965712329     
  4.600000000000000E-002  0.332437670838167     
  4.700000000000000E-002  0.347048589263474     
  4.800000000000000E-002  0.361973720988250     
  4.900000000000000E-002  0.377213066012495     
  5.000000000000000E-002  0.392766624336209     
  5.100000000000000E-002  0.408634395959392     
  5.200000000000000E-002  0.424816380882044     
  5.300000000000000E-002  0.441312579104164     
  5.400000000000000E-002  0.458122990625754     
  5.500000000000000E-002  0.475247615446813     
  5.600000000000000E-002  0.492686453567341     
  5.700000000000000E-002  0.510439504987337     
  5.800000000000000E-002  0.528506769706803     
  5.900000000000000E-002  0.546888247725738     
  6.000000000000000E-002  0.565583939044141     
  6.100000000000000E-002  0.584593843662014     
  6.200000000000000E-002  0.603917961579355     
  6.300000000000000E-002  0.623556292796166     
  6.400000000000000E-002  0.643508837312445     
  6.500000000000000E-002  0.663775595128194     
  6.600000000000000E-002  0.684356566243411     
  6.700000000000000E-002  0.705251750658097     
  6.800000000000000E-002  0.726461148372253     
  6.900000000000001E-002  0.747984759385877     
  7.000000000000001E-002  0.769822583698970     
  7.100000000000001E-002  0.791974621311532     
  7.200000000000001E-002  0.814440872223564     
  7.300000000000000E-002  0.837221336435064     
  7.400000000000000E-002  0.860316013946033     
  7.500000000000000E-002  0.883724904756471     
  7.600000000000000E-002  0.907448008866378     
  7.700000000000000E-002  0.931485326275754     
  7.800000000000000E-002  0.955836856984599     
  7.900000000000000E-002  0.980502600992913     
  8.000000000000000E-002   1.00548255830070     
  8.100000000000000E-002   1.03077672890795     
  8.200000000000000E-002   1.05638511281467     
  8.300000000000000E-002   1.08230771002086     
  8.400000000000001E-002   1.10854452052652     
  8.500000000000001E-002   1.13509554433165     
  8.600000000000001E-002   1.16196078143624     
  8.700000000000001E-002   1.18914023184031     
  8.799999999999999E-002   1.21663389554384     
  8.900000000000000E-002   1.24444177254685     
  9.000000000000000E-002   1.27256386284932     
  9.100000000000000E-002   1.30100016645126     
  9.200000000000000E-002   1.32975068335267     
  9.300000000000000E-002   1.35881541355355     
  9.400000000000000E-002   1.38819435705390     
  9.500000000000000E-002   1.41788751385372     
  9.600000000000000E-002   1.44789488395300     
  9.700000000000000E-002   1.47821646735176     
  9.800000000000000E-002   1.50885226404998     
  9.900000000000000E-002   1.53980227404768     
  0.100000000000000        1.57106649734484     
  0.101000000000000        1.60264493394147     
  0.102000000000000        1.63453758383757     
  0.103000000000000        1.66674444703314     
  0.104000000000000        1.69926552352818     
  0.105000000000000        1.73210081332268     
  0.106000000000000        1.76525031641666     
  0.107000000000000        1.79871403281011     
  0.108000000000000        1.83249196250302     
  0.109000000000000        1.86658410549540     
  0.110000000000000        1.90099046178725     
  0.111000000000000        1.93571103137857     
  0.112000000000000        1.97074581426936     
  0.113000000000000        2.00609481045962     
  0.114000000000000        2.04175801994935     
  0.115000000000000        2.07773544273855     
  0.116000000000000        2.11402707882721     
  0.117000000000000        2.15063292821535     
  0.118000000000000        2.18755299090295     
  0.119000000000000        2.22478726689003     
  0.120000000000000        2.26233575617657     
  0.121000000000000        2.30019845876258     
  0.122000000000000        2.33837537464806     
  0.123000000000000        2.37686650383301     
  0.124000000000000        2.41567184631742     
  0.125000000000000        2.45479140210131     
  0.126000000000000        2.49422517118466     
  0.127000000000000        2.53397315356749     
  0.128000000000000        2.57403534924978     
  0.129000000000000        2.61441175823155     
  0.130000000000000        2.65510238051278     
  0.131000000000000        2.69610721609348     
  0.132000000000000        2.73742626497365     
  0.133000000000000        2.77905952715328     
  0.134000000000000        2.82100700263239     
  0.135000000000000        2.86326869141097     
  0.136000000000000        2.90584459348901     
  0.137000000000000        2.94873470886653     
  0.138000000000000        2.99193903754351     
  0.139000000000000        3.03545757951996     
  0.140000000000000        3.07929033479588     
  0.141000000000000        3.12343730337127     
  0.142000000000000        3.16789848524613     
  0.143000000000000        3.21267388042046     
  0.144000000000000        3.25776348889426     
  0.145000000000000        3.30316731066752     
  0.146000000000000        3.34888534574026     
  0.147000000000000        3.39491759411246     
  0.148000000000000        3.44126405578413     
  0.149000000000000        3.48792473075528     
  0.150000000000000        3.53489961902589     
  0.151000000000000        3.58218872059597     
  0.152000000000000        3.62979203546552     
  0.153000000000000        3.67770956363453     
  0.154000000000000        3.72594130510302     
  0.155000000000000        3.77448725987097     
  0.156000000000000        3.82334742793840     
  0.157000000000000        3.87252180930529     
  0.158000000000000        3.92201040397166     
  0.159000000000000        3.97181321193749     
  0.160000000000000        4.02193023320279     
  0.161000000000000        4.07236146776756     
  0.162000000000000        4.12310691563180     
  0.163000000000000        4.17416657679550     
  0.164000000000000        4.22554045125868     
  0.165000000000000        4.27722853902132     
  0.166000000000000        4.32923084008344     
  0.167000000000000        4.38154735444502     
  0.168000000000000        4.43417808210607     
  0.169000000000000        4.48712302306659     
  0.170000000000000        4.54038217732658     
  0.171000000000000        4.59395554488604     
  0.172000000000000        4.64784312574497     
  0.173000000000000        4.70204491990337     
  0.174000000000000        4.75656092736123     
  0.175000000000000        4.81139114811857     
  0.176000000000000        4.86653558217537     
  0.177000000000000        4.92199422953165     
  0.178000000000000        4.97776709018739     
  0.179000000000000        5.03385416414260     
  0.180000000000000        5.09025545139728     
  0.181000000000000        5.14697095195143     
  0.182000000000000        5.20400066580504     
  0.183000000000000        5.26134459295813     
  0.184000000000000        5.31900273341069     
  0.185000000000000        5.37697508716271     
  0.186000000000000        5.43526165421421     
  0.187000000000000        5.49386243456517     
  0.188000000000000        5.55277742821560     
  0.189000000000000        5.61200663516550     
  0.190000000000000        5.67155005541487     
  0.191000000000000        5.73140768896371     
  0.192000000000000        5.79157953581201     
  0.193000000000000        5.85206559595979     
  0.194000000000000        5.91286586940704     
  0.195000000000000        5.97398035615375     
  0.196000000000000        6.03540905619993     
  0.197000000000000        6.09715196954559     
  0.198000000000000        6.15920909619071     
  0.199000000000000        6.22158043613530     
  0.200000000000000        6.28426598937936     
  0.201000000000000        6.34726575592288     
  0.202000000000000        6.41057973576588     
  0.203000000000000        6.47420792890835     
  0.204000000000000        6.53815033535028     
  0.205000000000000        6.60240695509169     
  0.206000000000000        6.66697778813256     
  0.207000000000000        6.73186283447290     
  0.208000000000000        6.79706209411271     
  0.209000000000000        6.86257556705198     
  0.210000000000000        6.92840325329073     
  0.211000000000000        6.99454515282895     
  0.212000000000000        7.06100126566663     
  0.213000000000000        7.12777159180379     
  0.214000000000000        7.19485613124041     
  0.215000000000000        7.26225488397650     
  0.216000000000000        7.32996785001206     
  0.217000000000000        7.39799502934709     
  0.218000000000000        7.46633642198159     
  0.219000000000000        7.53499202791556     
  0.220000000000000        7.60396184714900     
  0.221000000000000        7.67324587968190     
  0.222000000000000        7.74284412551428     
  0.223000000000000        7.81275658464612     
  0.224000000000000        7.88298325707743     
  0.225000000000000        7.95352414280821     
  0.226000000000000        8.02437924183847     
  0.227000000000000        8.09554855416818     
  0.228000000000000        8.16703207979737     
  0.229000000000000        8.23882981872603     
  0.230000000000000        8.31094177095416     
  0.231000000000000        8.38336793648175     
  0.232000000000000        8.45610831530882     
  0.233000000000000        8.52916290743535     
  0.234000000000000        8.60253171286135     
  0.235000000000000        8.67621473158682     
  0.236000000000000        8.75021196361176     
  0.237000000000000        8.82452340893617     
  0.238000000000000        8.89914906756005     
  0.239000000000000        8.97408893948340     
  0.240000000000000        9.04934302470621     
  0.241000000000000        9.12491132322850     
  0.242000000000000        9.20079383505025     
  0.243000000000000        9.27699056017148     
  0.244000000000000        9.35350149859217     
  0.245000000000000        9.43032665031233     
  0.246000000000000        9.50746601533196     
  0.247000000000000        9.58491959365105     
  0.248000000000000        9.66268738526962     
  0.249000000000000        9.74076939018766     
  0.250000000000000        9.81916560840516     
  0.251000000000000        9.89787603992214     
  0.252000000000000        9.97690068473858     
  0.253000000000000        10.0562395428545     
  0.254000000000000        10.1358926142699     
  0.255000000000000        10.2158598989847     
  0.256000000000000        10.2961413969990     
  0.257000000000000        10.3767371083128     
  0.258000000000000        10.4576470329261     
  0.259000000000000        10.5388711708388     
  0.260000000000000        10.6204095220510     
  0.261000000000000        10.7022620865627     
  0.262000000000000        10.7844288643738     
  0.263000000000000        10.8669098554844     
  0.264000000000000        10.9497050598945     
  0.265000000000000        11.0328144776040     
  0.266000000000000        11.1162381086130     
  0.267000000000000        11.1999759529215     
  0.268000000000000        11.2840280105295     
  0.269000000000000        11.3683942814369     
  0.270000000000000        11.4530747656438     
  0.271000000000000        11.5380694631501     
  0.272000000000000        11.6233783739559     
  0.273000000000000        11.7090014980612     
  0.274000000000000        11.7949388354660     
  0.275000000000000        11.8811903861702     
  0.276000000000000        11.9677561501739     
  0.277000000000000        12.0546361274771     
  0.278000000000000        12.1418303180797     
  0.279000000000000        12.2293387219818     
  0.280000000000000        12.3171613391834     
  0.281000000000000        12.4052981696844     
  0.282000000000000        12.4937492134849     
  0.283000000000000        12.5825144705849     
  0.284000000000000        12.6715939409844     
  0.285000000000000        12.7609876246833     
  0.286000000000000        12.8506955216817     
  0.287000000000000        12.9407176319795     
  0.288000000000000        13.0310539555769     
  0.289000000000000        13.1217044924737     
  0.290000000000000        13.2126692426699     
  0.291000000000000        13.3039482061657     
  0.292000000000000        13.3955413829609     
  0.293000000000000        13.4874487730555     
  0.294000000000000        13.5796703764497     
  0.295000000000000        13.6722061931433     
  0.296000000000000        13.7650562231364     
  0.297000000000000        13.8582204664289     
  0.298000000000000        13.9516989230209     
  0.299000000000000        14.0454915929124     
  0.300000000000000        14.1395984761034     
  0.301000000000000        14.2340195725938     
  0.302000000000000        14.3287548823837     
  0.303000000000000        14.4238044054730     
  0.304000000000000        14.5191681418619     
  0.305000000000000        14.6148460915502     
  0.306000000000000        14.7108382545379     
  0.307000000000000        14.8071446308252     
  0.308000000000000        14.9037652204119     
  0.309000000000000        15.0007000232980     
  0.310000000000000        15.0979490394837     
  0.311000000000000        15.1955122689688     
  0.312000000000000        15.2933897117534     
  0.313000000000000        12.3876456663491     
  0.314000000000000        12.2995716785085     
  0.315000000000000        12.2118119039674     
  0.316000000000000        12.1243663427258     
  0.317000000000000        12.0372349947837     
  0.318000000000000        11.9504178601410     
  0.319000000000000        11.8639149387978     
  0.320000000000000        11.7777262307541     
  0.321000000000000        11.6918517360099     
  0.322000000000000        11.6062914545651     
  0.323000000000000        11.5210453864198     
  0.324000000000000        11.4361135315739     
  0.325000000000000        11.3514958900275     
  0.326000000000000        11.2671924617806     
  0.327000000000000        11.1832032468332     
  0.328000000000000        11.0995282451852     
  0.329000000000000        11.0161674568367     
  0.330000000000000        10.9331208817877     
  0.331000000000000        10.8503885200381     
  0.332000000000000        10.7679703715880     
  0.333000000000000        10.6858664364374     
  0.334000000000000        10.6040767145862     
  0.335000000000000        10.5226012060345     
  0.336000000000000        10.4414399107823     
  0.337000000000000        10.3605928288295     
  0.338000000000000        10.2800599601763     
  0.339000000000000        10.1998413048224     
  0.340000000000000        10.1199368627681     
  0.341000000000000        10.0403466340132     
  0.342000000000000        9.96107061855780     
  0.343000000000000        9.88210881640186     
  0.344000000000000        9.80346122754539     
  0.345000000000000        9.72512785198839     
  0.346000000000000        9.64710868973086     
  0.347000000000000        9.56940374077279     
  0.348000000000000        9.49201300511420     
  0.349000000000000        9.41493648275507     
  0.350000000000000        9.33817417369542     
  0.351000000000000        9.26172607793523     
  0.352000000000000        9.18559219547451     
  0.353000000000000        9.10977252631326     
  0.354000000000000        9.03426707045148     
  0.355000000000000        8.95907582788917     
  0.356000000000000        8.88419879862632     
  0.357000000000000        8.80963598266295     
  0.358000000000000        8.73538737999904     
  0.359000000000000        8.66145299063460     
  0.360000000000000        8.58783281456964     
  0.361000000000000        8.51452685180414     
  0.362000000000000        8.44153510233811     
  0.363000000000000        8.36885756617155     
  0.364000000000000        8.29649424330446     
  0.365000000000000        8.22444513373683     
  0.366000000000000        8.15271023746868     
  0.367000000000000        8.08128955449999     
  0.368000000000000        8.01018308483078     
  0.369000000000000        7.93939082846103     
  0.370000000000000        7.86891278539075     
  0.371000000000000        7.79874895561995     
  0.372000000000000        7.72889933914861     
  0.373000000000000        7.65936393597673     
  0.374000000000000        7.59014274610433     
  0.375000000000000        7.52123576953140     
  0.376000000000000        7.45264300625793     
  0.377000000000000        7.38436445628394     
  0.378000000000000        7.31640011960941     
  0.379000000000000        7.24874999623436     
  0.380000000000000        7.18141408615877     
  0.381000000000000        7.11439238938265     
  0.382000000000000        7.04768490590600     
  0.383000000000000        6.98129163572881     
  0.384000000000000        6.91521257885110     
  0.385000000000000        6.84944773527286     
  0.386000000000000        6.78399710499408     
  0.387000000000000        6.71886068801478     
  0.388000000000000        6.65403848433494     
  0.389000000000000        6.58953049395457     
  0.390000000000000        6.52533671687367     
  0.391000000000000        6.46145715309224     
  0.392000000000000        6.39789180261028     
  0.393000000000000        6.33464066542778     
  0.394000000000000        6.27170374154476     
  0.395000000000000        6.20908103096120     
  0.396000000000000        6.14677253367712     
  0.397000000000000        6.08477824969250     
  0.398000000000000        6.02309817900735     
  0.399000000000000        5.96173232162167     
  0.400000000000000        5.90068067753546     
  0.401000000000000        5.83994324674872     
  0.402000000000000        5.77952002926145     
  0.403000000000000        5.71941102507364     
  0.404000000000000        5.65961623418531     
  0.405000000000000        5.60013565659644     
  0.406000000000000        5.54096929230705     
  0.407000000000000        5.48211714131712     
  0.408000000000000        5.42357920362666     
  0.409000000000000        5.36535547923567     
  0.410000000000000        5.30744596814415     
  0.411000000000000        5.24985067035210     
  0.412000000000000        5.19256958585951     
  0.413000000000000        5.13560271466640     
  0.414000000000000        5.07895005677275     
  0.415000000000000        5.02261161217858     
  0.416000000000000        4.96658738088387     
  0.417000000000000        4.91087736288863     
  0.418000000000000        4.85548155819286     
  0.419000000000000        4.80039996679656     
  0.420000000000000        4.74563258869973     
  0.421000000000000        4.69117942390237     
  0.422000000000000        4.63704047240447     
  0.423000000000000        4.58321573420605     
  0.424000000000000        4.52970520930709     
  0.425000000000000        4.47650889770761     
  0.426000000000000        4.42362679940759     
  0.427000000000000        4.37105891440704     
  0.428000000000000        4.31880524270596     
  0.429000000000000        4.26686578430435     
  0.430000000000000        4.21524053920221     
  0.431000000000000        4.16392950739954     
  0.432000000000000        4.11293268889633     
  0.433000000000000        4.06225008369260     
  0.434000000000000        4.01188169178833     
  0.435000000000000        3.96182751318354     
  0.436000000000000        3.91208754787821     
  0.437000000000000        3.86266179587235     
  0.438000000000000        3.81355025716596     
  0.439000000000000        3.76475293175904     
  0.440000000000000        3.71626981965159     
  0.441000000000000        3.66810092084360     
  0.442000000000000        3.62024623533509     
  0.443000000000000        3.57270576312604     
  0.444000000000000        3.52547950421647     
  0.445000000000000        3.47856745860636     
  0.446000000000000        3.43196962629572     
  0.447000000000000        3.38568600728455     
  0.448000000000000        3.33971660157285     
  0.449000000000000        3.29406140916062     
  0.450000000000000        3.24872043004786     
  0.451000000000000        3.20369366423457     
  0.452000000000000        3.15898111172074     
  0.453000000000000        3.11458277250639     
  0.454000000000000        3.07049864659150     
  0.455000000000000        3.02672873397608     
  0.456000000000000        2.98327303466013     
  0.457000000000000        2.94013154864365     
  0.458000000000000        2.89730427592664     
  0.459000000000000        2.85479121650910     
  0.460000000000000        2.81259237039103     
  0.461000000000000        2.77070773757243     
  0.462000000000000        2.72913731805329     
  0.463000000000000        2.68788111183362     
  0.464000000000000        2.64693911891343     
  0.465000000000000        2.60631133929270     
  0.466000000000000        2.56599777297144     
  0.467000000000000        2.52599841994965     
  0.468000000000000        2.48631328022733     
  0.469000000000000        2.44694235380448     
  0.470000000000000        2.40788564068110     
  0.471000000000000        2.36914314085718     
  0.472000000000000        2.33071485433274     
  0.473000000000000        2.29260078110776     
  0.474000000000000        2.25480092118225     
  0.475000000000000        2.21731527455622     
  0.476000000000000        2.18014384122965     
  0.477000000000000        2.14328662120255     
  0.478000000000000        2.10674361447492     
  0.479000000000000        2.07051482104675     
  0.480000000000000        2.03460024091806     
  0.481000000000000        1.99899987408884     
  0.482000000000000        1.96371372055908     
  0.483000000000000        1.92874178032879     
  0.484000000000000        1.89408405339798     
  0.485000000000000        1.85974053976663     
  0.486000000000000        1.82571123943475     
  0.487000000000000        1.79199615240234     
  0.488000000000000        1.75859527866940     
  0.489000000000000        1.72550861823592     
  0.490000000000000        1.69273617110192     
  0.491000000000000        1.66027793726739     
  0.492000000000000        1.62813391673232     
  0.493000000000000        1.59630410949672     
  0.494000000000000        1.56478851556060     
  0.495000000000000        1.53358713492394     
  0.496000000000000        1.50269996758675     
  0.497000000000000        1.47212701354903     
  0.498000000000000        1.44186827281077     
  0.499000000000000        1.41192374537199     
  0.500000000000000        1.38229343123268     
  0.501000000000000        1.35297733039283     
  0.502000000000000        1.32397544285246     
  0.503000000000000        1.29528776861155     
  0.504000000000000        1.26691430767011     
  0.505000000000000        1.23885506002814     
  0.506000000000000        1.21111002568564     
  0.507000000000000        1.18367920464261     
  0.508000000000000        1.15656259689905     
  0.509000000000000        1.12976020245496     
  0.510000000000000        1.10327202131033     
  0.511000000000000        1.07709805346518     
  0.512000000000000        1.05123829891949     
  0.513000000000000        1.02569275767327     
  0.514000000000000        1.00046142972652     
  0.515000000000000       0.975544315079245     
  0.516000000000000       0.950941413731434     
  0.517000000000000       0.926652725683093     
  0.518000000000000       0.902678250934220     
  0.519000000000000       0.879017989484817     
  0.520000000000000       0.855671941334882     
  0.521000000000000       0.832640106484417     
  0.522000000000000       0.809922484933420     
  0.523000000000000       0.787519076681892     
  0.524000000000000       0.765429881729834     
  0.525000000000000       0.743654900077244     
  0.526000000000000       0.722194131724123     
  0.527000000000000       0.701047576670471     
  0.528000000000000       0.680215234916288     
  0.529000000000000       0.659697106461575     
  0.530000000000000       0.639493191306330     
  0.531000000000000       0.619603489450554     
  0.532000000000000       0.600028000894247     
  0.533000000000000       0.580766725637409     
  0.534000000000000       0.561819663680040     
  0.535000000000000       0.543186815022140     
  0.536000000000000       0.524868179663709     
  0.537000000000000       0.506863757604747     
  0.538000000000000       0.489173548845254     
  0.539000000000000       0.471797553385229     
  0.540000000000000       0.454735771224674     
  0.541000000000000       0.437988202363588     
  0.542000000000000       0.421554846801971     
  0.543000000000000       0.405435704539823     
  0.544000000000000       0.389630775577143     
  0.545000000000000       0.374140059913933     
  0.546000000000000       0.358963557550191     
  0.547000000000000       0.344101268485919     
  0.548000000000000       0.329553192721116     
  0.549000000000000       0.315319330255781     
  0.550000000000000       0.301399681089916     
  0.551000000000000       0.287794245223519     
  0.552000000000000       0.274503022656591     
  0.553000000000000       0.261526013389133     
  0.554000000000000       0.248863217421143     
  0.555000000000000       0.236514634752623     
  0.556000000000000       0.224480265383571     
  0.557000000000000       0.212760109313988     
  0.558000000000000       0.201354166543874     
  0.559000000000000       0.190262437073229     
  0.560000000000000       0.179484920902054     
  0.561000000000000       0.169021618030347     
  0.562000000000000       0.158872528458109     
  0.563000000000000       0.149037652185340     
  0.564000000000000       0.139516989212040     
  0.565000000000000       0.130310539538209     
  0.566000000000000       0.121418303163847     
  0.567000000000000       0.112840280088954     
  0.568000000000000       0.104576470313530     
  0.569000000000000       9.662687383757475E-002
  0.570000000000000       8.899149066108861E-002
  0.571000000000000       8.167032078407144E-002
  0.572000000000000       7.466336420652324E-002
  0.573000000000000       6.797062092844401E-002
  0.574000000000000       6.159209094983375E-002
  0.575000000000000       5.552777427069244E-002
  0.576000000000000       4.977767089102011E-002
  0.577000000000000       4.434178081081674E-002
  0.578000000000000       3.922010403008235E-002
  0.579000000000000       3.441264054881690E-002
  0.580000000000000       2.991939036702044E-002
  0.581000000000000       2.574035348469293E-002
  0.582000000000000       2.187552990183440E-002
  0.583000000000000       1.832491961844483E-002
  0.584000000000000       1.508852263452422E-002
  0.585000000000000       1.216633895007258E-002
  0.586000000000000       9.558368565089913E-003
  0.587000000000000       7.264611479576208E-003
  0.588000000000000       5.285067693531469E-003
  0.589000000000000       3.619737206955696E-003
  0.590000000000000       2.268620019848890E-003
  0.591000000000000       1.231716132211051E-003
  0.592000000000000       5.090255440421771E-004
  0.593000000000000       1.005482553422699E-004
  0.594000000000000       6.284266111329144E-006
  0.595000000000000       2.262335763493547E-004
  0.596000000000000       7.603961860563464E-004
  0.597000000000000       1.608772095232305E-003
  0.598000000000000       2.771361303877229E-003
  0.599000000000000       4.248163811991119E-003
  0.600000000000000       6.039179619573977E-003
  0.601000000000000       8.144408726625802E-003
  0.602000000000000       1.056385113314659E-002
  0.603000000000000       1.329750683913635E-002
  0.604000000000000       1.634537584459507E-002
  0.605000000000000       1.970745814952276E-002
  0.606000000000000       2.338375375391941E-002
  0.607000000000000       2.737426265778503E-002
  0.608000000000000       3.167898486111962E-002
  0.609000000000000       3.629792036392317E-002
  0.610000000000000       4.123106916619570E-002
  0.611000000000000       4.647843126793718E-002
  0.612000000000000       5.204000666914764E-002
  0.613000000000000       5.791579536982705E-002
  0.614000000000000       6.410579736997545E-002
  0.615000000000000       7.061001266959280E-002
  0.616000000000000       7.742844126867911E-002
  0.617000000000000       8.456108316723440E-002
  0.618000000000000       9.200793836525865E-002
  0.619000000000000       9.976900686275186E-002
  0.620000000000000       0.107844288659714     
  0.621000000000000       0.116233783756145     
  0.622000000000000       0.124937492152045     
  0.623000000000000       0.133955413847414     
  0.624000000000000       0.143287548842253     
  0.625000000000000       0.152933897136560     
  0.626000000000000       0.162894458730336     
  0.627000000000000       0.173169233623581     
  0.628000000000000       0.183758221816295     
  0.629000000000000       0.194661423308477     
  0.630000000000000       0.205878838100129     
  0.631000000000000       0.217410466191250     
  0.632000000000000       0.229256307581840     
  0.633000000000000       0.241416362271899     
  0.634000000000000       0.253890630261427     
  0.635000000000000       0.266679111550423     
  0.636000000000000       0.279781806138889     
  0.637000000000000       0.293198714026824     
  0.638000000000000       0.306929835214227     
  0.639000000000000       0.320975169701100     
  0.640000000000000       0.335334717487441     
  0.641000000000000       0.350008478573252     
  0.642000000000000       0.364996452958532     
  0.643000000000000       0.380298640643280     
  0.644000000000000       0.395915041627497     
  0.645000000000000       0.411845655911184     
  0.646000000000000       0.428090483494339     
  0.647000000000000       0.444649524376964     
  0.648000000000000       0.461522778559057     
  0.649000000000000       0.478710246040619     
  0.650000000000000       0.496211926821650     
  0.651000000000000       0.514027820902151     
  0.652000000000000       0.532157928282120     
  0.653000000000000       0.550602248961558     
  0.654000000000000       0.569360782940465     
  0.655000000000000       0.588433530218841     
  0.656000000000000       0.607820490796686     
  0.657000000000000       0.627521664674000     
  0.658000000000000       0.647537051850783     
  0.659000000000000       0.667866652327035     
  0.660000000000000       0.688510466102756     
  0.661000000000000       0.709468493177946     
  0.662000000000000       0.730740733552605     
  0.663000000000000       0.752327187226733     
  0.664000000000000       0.774227854200330     
  0.665000000000000       0.796442734473395     
  0.666000000000000       0.818971828045930     
  0.667000000000000       0.841815134917934     
  0.668000000000000       0.864972655089406     
  0.669000000000000       0.888444388560348     
  0.670000000000000       0.912230335330759     
  0.671000000000000       0.936330495400638     
  0.672000000000000       0.960744868769987     
  0.673000000000000       0.985473455438804     
  0.674000000000000        1.01051625540709     
  0.675000000000000        1.03587326867485     
  0.676000000000000        1.06154449524207     
  0.677000000000000        1.08752993510876     
  0.678000000000000        1.11382958827493     
  0.679000000000000        1.14044345474056     
  0.680000000000000        1.16737153450566     
  0.681000000000000        1.19461382757023     
  0.682000000000000        1.22217033393427     
  0.683000000000000        1.25004105359777     
  0.684000000000000        1.27822598656075     
  0.685000000000000        1.30672513282319     
  0.686000000000000        1.33553849238511     
  0.687000000000000        1.36466606524649     
  0.688000000000000        1.39410785140734     
  0.689000000000000        1.42386385086766     
  0.690000000000000        1.45393406362745     
  0.691000000000000        1.48431848968671     
  0.692000000000000        1.51501712904544     
  0.693000000000000        1.54602998170364     
  0.694000000000000        1.57735704766130     
  0.695000000000000        1.60899832691844     
  0.696000000000000        1.64095381947504     
  0.697000000000000        1.67322352533111     
  0.698000000000000        1.70580744448666     
  0.699000000000000        1.73870557694167     
  0.700000000000000        1.77191792269615     
  0.701000000000000        1.80544448175010     
  0.702000000000000        1.83928525410351     
  0.703000000000000        1.87344023975640     
  0.704000000000000        1.90790943870876     
  0.705000000000000        1.94269285096058     
  0.706000000000000        1.97779047651187     
  0.707000000000000        2.01320231536264     
  0.708000000000000        2.04892836751287     
  0.709000000000000        2.08496863296257     
  0.710000000000000        2.12132311171174     
  0.711000000000000        2.15799180376037     
  0.712000000000000        2.19497470910848     
  0.713000000000000        2.23227182775606     
  0.714000000000000        2.26988315970310     
  0.715000000000000        2.30780870494962     
  0.716000000000000        2.34604846349560     
  0.717000000000000        2.38460243534105     
  0.718000000000000        2.42347062048597     
  0.719000000000000        2.46265301893036     
  0.720000000000000        2.50214963067422     
  0.721000000000000        2.54196045571755     
  0.722000000000000        2.58208549406035     
  0.723000000000000        2.62252474570261     
  0.724000000000000        2.66327821064435     
  0.725000000000000        2.70434588888555     
  0.726000000000000        2.74572778042623     
  0.727000000000000        2.78742388526637     
  0.728000000000000        2.82943420340598     
  0.729000000000000        2.87175873484506     
  0.730000000000000        2.91439747958361     
  0.731000000000000        2.95735043762162     
  0.732000000000000        3.00061760895911     
  0.733000000000000        3.04419899359607     
  0.734000000000000        3.08809459153249     
  0.735000000000000        3.13230440276838     
  0.736000000000000        3.17682842730375     
  0.737000000000000        3.22166666513858     
  0.738000000000000        3.26681911627288     
  0.739000000000000        3.31228578070665     
  0.740000000000000        3.35806665843989     
  0.741000000000000        3.40416174947259     
  0.742000000000000        3.45057105380477     
  0.743000000000000        3.49729457143642     
  0.744000000000000        3.54433230236753     
  0.745000000000000        3.59168424659811     
  0.746000000000000        3.63935040412817     
  0.747000000000000        3.68733077495769     
  0.748000000000000        3.73562535908668     
  0.749000000000000        3.78423415651514     
  0.750000000000000        3.83315716724306     
  0.751000000000000        3.88239439127046     
  0.752000000000000        3.93194582859733     
  0.753000000000000        3.98181147922366     
  0.754000000000000        4.03199134314946     
  0.755000000000000        4.08248542037474     
  0.756000000000000        4.13329371089948     
  0.757000000000000        4.18441621472369     
  0.758000000000000        4.23585293184737     
  0.759000000000000        4.28760386227052     
  0.760000000000000        4.33966900599314     
  0.761000000000000        4.39204836301522     
  0.762000000000000        4.44474193333678     
  0.763000000000000        4.49774971695780     
  0.764000000000000        4.55107171387830     
  0.765000000000000        4.60470792409826     
  0.766000000000000        4.65865834761769     
  0.767000000000000        4.71292298443659     
  0.768000000000000        4.76750183455496     
  0.769000000000000        4.82239489797280     
  0.770000000000000        4.87760217469011     
  0.771000000000000        4.93312366470688     
  0.772000000000000        4.98895936802313     
  0.773000000000000        5.04510928463884     
  0.774000000000000        5.10157341455403     
  0.775000000000000        5.15835175776868     
  0.776000000000000        5.21544431428280     
  0.777000000000000        5.27285108409639     
  0.778000000000000        5.33057206720945     
  0.779000000000000        5.38860726362198     
  0.780000000000000        5.44695667333398     
  0.781000000000000        5.50562029634544     
  0.782000000000000        5.56459813265638     
  0.783000000000000        5.62389018226678     
  0.784000000000000        5.68349644517665     
  0.785000000000000        5.74341692138599     
  0.786000000000000        5.80365161089481     
  0.787000000000000        5.86420051370309     
  0.788000000000000        5.92506362981084     
  0.789000000000000        5.98624095921805     
  0.790000000000000        6.04773250192474     
  0.791000000000000        6.10953825793089     
  0.792000000000000        6.17165822723652     
  0.793000000000000        6.23409240984161     
  0.794000000000000        6.29684080574618     
  0.795000000000000        6.35990341495021     
  0.796000000000000        6.42328023745371     
  0.797000000000000        6.48697127325668     
  0.798000000000000        6.55097652235912     
  0.799000000000000        6.61529598476102     
  0.800000000000000        6.67992966046240     
  0.801000000000000        6.74487754946324     
  0.802000000000000        6.81013965176355     
  0.803000000000000        6.87571596736334     
  0.804000000000000        6.94160649626259     
  0.805000000000000        7.00781123846131     
  0.806000000000000        7.07433019395950     
  0.807000000000000        7.14116336275715     
  0.808000000000000        7.20831074485428     
  0.809000000000000        7.27577234025088     
  0.810000000000000        7.34354814894694     
  0.811000000000000        7.41163817094247     
  0.812000000000000        7.48004240623748     
  0.813000000000000        7.54876085483195     
  0.814000000000000        7.61779351672589     
  0.815000000000000        7.68714039191930     
  0.816000000000000        7.75680148041218     
  0.817000000000000        7.82677678220452     
  0.818000000000000        7.89706629729634     
  0.819000000000000        7.96767002568762     
  0.820000000000000        8.03858796737838     
  0.821000000000000        8.10982012236860     
  0.822000000000000        8.18136649065829     
  0.823000000000000        8.25322707224745     
  0.824000000000000        8.32540186713608     
  0.825000000000000        8.39789087532418     
  0.826000000000000        8.47069409681175     
  0.827000000000000        8.54381153159879     
  0.828000000000000        8.61724317968529     
  0.829000000000000        8.69098904107127     
  0.830000000000000        8.76504911575671     
  0.831000000000000        8.83942340374162     
  0.832000000000000        8.91411190502601     
  0.833000000000000        8.98911461960986     
  0.834000000000000        9.06443154749318     
  0.835000000000000        9.14006268867596     
  0.836000000000000        9.21600804315822     
  0.837000000000000        9.29226761093995     
  0.838000000000000        9.36884139202114     
  0.839000000000000        9.44572938640181     
  0.840000000000000        9.52293159408194     
  0.841000000000000        9.60044801506154     
  0.842000000000000        9.67827864934061     
  0.843000000000000        9.75642349691915     
  0.844000000000000        9.83488255779716     
  0.845000000000000        9.91365583197464     
  0.846000000000000        9.99274331945159     
  0.847000000000000        10.0721450202280     
  0.848000000000000        10.1518609343039     
  0.849000000000000        10.2318910616792     
  0.850000000000000        10.3122354023541     
  0.851000000000000        10.3928939563284     
  0.852000000000000        10.4738667236021     
  0.853000000000000        10.5551537041753     
  0.854000000000000        10.6367548980480     
  0.855000000000000        10.7186703052202     
  0.856000000000000        10.8008999256918     
  0.857000000000000        10.8834437594630     
  0.858000000000000        10.9663018065335     
  0.859000000000000        11.0494740669036     
  0.860000000000000        11.1329605405731     
  0.861000000000000        11.2167612275421     
  0.862000000000000        11.3008761278105     
  0.863000000000000        11.3853052413784     
  0.864000000000000        11.4700485682458     
  0.865000000000000        11.5551061084127     
  0.866000000000000        11.6404778618790     
  0.867000000000000        11.7261638286448     
  0.868000000000000        11.8121640087101     
  0.869000000000000        11.8984784020748     
  0.870000000000000        11.9851070087390     
  0.871000000000000        12.0720498287027     
  0.872000000000000        12.1593068619658     
  0.873000000000000        12.2468781085284     
  0.874000000000000        12.3347635683905     
  0.875000000000000        12.4229632415520     
  0.876000000000000        10.0626002255181     
  0.877000000000000        9.98323623033821     
  0.878000000000000        9.90418644845781     
  0.879000000000000        9.82545087987688     
  0.880000000000000        9.74702952459542     
  0.881000000000000        9.66892238261343     
  0.882000000000000        9.59112945393090     
  0.883000000000000        9.51365073854785     
  0.884000000000000        9.43648623646426     
  0.885000000000000        9.35963594768014     
  0.886000000000000        9.28309987219549     
  0.887000000000000        9.20687801001032     
  0.888000000000000        9.13097036112461     
  0.889000000000000        9.05537692553836     
  0.890000000000000        8.98009770325159     
  0.891000000000000        8.90513269426429     
  0.892000000000000        8.83048189857645     
  0.893000000000000        8.75614531618809     
  0.894000000000000        8.68212294709919     
  0.895000000000000        8.60841479130976     
  0.896000000000000        8.53502084881980     
  0.897000000000000        8.46194111962931     
  0.898000000000000        8.38917560373829     
  0.899000000000000        8.31672430114674     
  0.900000000000000        8.24458721185466     
  0.901000000000000        8.17276433586204     
  0.902000000000000        8.10125567316890     
  0.903000000000000        8.03006122377522     
  0.904000000000000        7.95918098768102     
  0.905000000000000        7.88861496488628     
  0.906000000000000        7.81836315539101     
  0.907000000000000        7.74842555919521     
  0.908000000000000        7.67880217629888     
  0.909000000000000        7.60949300670201     
  0.910000000000000        7.54049805040462     
  0.911000000000000        7.47181730740670     
  0.912000000000000        7.40345077770824     
  0.913000000000000        7.33539846130925     
  0.914000000000000        7.26766035820974     
  0.915000000000000        7.20023646840969     
  0.916000000000000        7.13312679190911     
  0.917000000000000        7.06633132870800     
  0.918000000000000        6.99985007880636     
  0.919000000000000        6.93368304220418     
  0.920000000000000        6.86783021890148     
  0.921000000000000        6.80229160889824     
  0.922000000000000        6.73706721219448     
  0.923000000000000        6.67215702879018     
  0.924000000000000        6.60756105868535     
  0.925000000000000        6.54327930187999     
  0.926000000000000        6.47931175837410     
  0.927000000000000        6.41565842816768     
  0.928000000000000        6.35231931126073     
  0.929000000000000        6.28929440765324     
  0.930000000000000        6.22658371734523     
  0.931000000000000        6.16418724033668     
  0.932000000000000        6.10210497662760     
  0.933000000000000        6.04033692621799     
  0.934000000000000        5.97888308910785     
  0.935000000000000        5.91774346529718     
  0.936000000000000        5.85691805478598     
  0.937000000000000        5.79640685757425     
  0.938000000000000        5.73620987366198     
  0.939000000000000        5.67632710304919     
  0.940000000000000        5.61675854573586     
  0.941000000000000        5.55750420172200     
  0.942000000000000        5.49856407100762     
  0.943000000000000        5.43993815359270     
  0.944000000000000        5.38162644947725     
  0.945000000000000        5.32362895866127     
  0.946000000000000        5.26594568114475     
  0.947000000000000        5.20857661692771     
  0.948000000000000        5.15152176601014     
  0.949000000000000        5.09478112839203     
  0.950000000000000        5.03835470407339     
  0.951000000000000        4.98224249305423     
  0.952000000000000        4.92644449533453     
  0.953000000000000        4.87096071091430     
  0.954000000000000        4.81579113979354     
  0.955000000000000        4.76093578197225     
  0.956000000000000        4.70639463745042     
  0.957000000000000        4.65216770622807     
  0.958000000000000        4.59825498830519     
  0.959000000000000        4.54465648368177     
  0.960000000000000        4.49137219235782     
  0.961000000000000        4.43840211433335     
  0.962000000000000        4.38574624960834     
  0.963000000000000        4.33340459818280     
  0.964000000000000        4.28137716005673     
  0.965000000000000        4.22966393523012     
  0.966000000000000        4.17826492370299     
  0.967000000000000        4.12718012547533     
  0.968000000000000        4.07640954054713     
  0.969000000000000        4.02595316891841     
  0.970000000000000        3.97581101058915     
  0.971000000000000        3.92598306555936     
  0.972000000000000        3.87646933382904     
  0.973000000000000        3.82726981539819     
  0.974000000000000        3.77838451026681     
  0.975000000000000        3.72981341843490     
  0.976000000000000        3.68155653990246     
  0.977000000000000        3.63361387466948     
  0.978000000000000        3.58598542273598     
  0.979000000000000        3.53867118410194     
  0.980000000000000        3.49167115876737     
  0.981000000000000        3.44498534673227     
  0.982000000000000        3.39861374799665     
  0.983000000000000        3.35255636256048     
  0.984000000000000        3.30681319042379     
  0.985000000000000        3.26138423158657     
  0.986000000000000        3.21626948604882     
  0.987000000000000        3.17146895381053     
  0.988000000000000        3.12698263487172     
  0.989000000000000        3.08281052923237     
  0.990000000000000        3.03895263689249     
  0.991000000000000        2.99540895785208     
  0.992000000000000        2.95217949211114     
  0.993000000000000        2.90926423966967     
  0.994000000000000        2.86666320052767     
  0.995000000000000        2.82437637468514     
  0.996000000000000        2.78240376214208     
  0.997000000000000        2.74074536289848     
  0.998000000000000        2.69940117695435     
  0.999000000000000        2.65837120430970     
   1.00000000000000        2.61765544496451     
   1.00100000000000        2.57725389891879     
   1.00200000000000        2.53716656617254     
   1.00300000000000        2.49739344672576     
   1.00400000000000        2.45793454057845     
   1.00500000000000        2.41878984773060     
   1.00600000000000        2.37995936818223     
   1.00700000000000        2.34144310193332     
   1.00800000000000        2.30324104898389     
   1.00900000000000        2.26535320933392     
   1.01000000000000        2.22777958298342     
   1.01100000000000        2.19052016993239     
   1.01200000000000        2.15357497018083     
   1.01300000000000        2.11694398372874     
   1.01400000000000        2.08062721057612     
   1.01500000000000        2.04462465072297     
   1.01600000000000        2.00893630416928     
   1.01700000000000        1.97356217091507     
   1.01800000000000        1.93850225096032     
   1.01900000000000        1.90375654430504     
   1.02000000000000        1.86932505094923     
   1.02100000000000        1.83520777089289     
   1.02200000000000        1.80140470413602     
   1.02300000000000        1.76791585067862     
   1.02400000000000        1.73474121052069     
   1.02500000000000        1.70188078366222     
   1.02600000000000        1.66933457010323     
   1.02700000000000        1.63710256984370     
   1.02800000000000        1.60518478288365     
   1.02900000000000        1.57358120922306     
   1.03000000000000        1.54229184886194     
   1.03100000000000        1.51131670180029     
   1.03200000000000        1.48065576803811     
   1.03300000000000        1.45030904757540     
   1.03400000000000        1.42027654041215     
   1.03500000000000        1.39055824654838     
   1.03600000000000        1.36115416598408     
   1.03700000000000        1.33206429871924     
   1.03800000000000        1.30328864475387     
   1.03900000000000        1.27482720408797     
   1.04000000000000        1.24667997672154     
   1.04100000000000        1.21884696265458     
   1.04200000000000        1.19132816188709     
   1.04300000000000        1.16412357441907     
   1.04400000000000        1.13723320025052     
   1.04500000000000        1.11065703938143     
   1.04600000000000        1.08439509181182     
   1.04700000000000        1.05844735754167     
   1.04800000000000        1.03281383657099     
   1.04900000000000        1.00749452889978     
   1.05000000000000       0.982489434528045     
   1.05100000000000       0.957798553455774     
   1.05200000000000       0.933421885682973     
   1.05300000000000       0.909359431209640     
   1.05400000000000       0.885611190035776     
   1.05500000000000       0.862177162161382     
   1.05600000000000       0.839057347586456     
   1.05700000000000       0.816251746310999     
   1.05800000000000       0.793760358335011     
   1.05900000000000       0.771583183658492     
   1.06000000000000       0.749720222281443     
   1.06100000000000       0.728171474203862     
   1.06200000000000       0.706936939425750     
   1.06300000000000       0.686016617947107     
   1.06400000000000       0.665410509767933     
   1.06500000000000       0.645118614888228     
   1.06600000000000       0.625140933307991     
   1.06700000000000       0.605477465027224     
   1.06800000000000       0.586128210045926     
   1.06900000000000       0.567093168364097     
   1.07000000000000       0.548372339981737     
   1.07100000000000       0.529965724898846     
   1.07200000000000       0.511873323115423     
   1.07300000000000       0.494095134631470     
   1.07400000000000       0.476631159446986     
   1.07500000000000       0.459481397561970     
   1.07600000000000       0.442645848976424     
   1.07700000000000       0.426124513690347     
   1.07800000000000       0.409917391703738     
   1.07900000000000       0.394024483016599     
   1.08000000000000       0.378445787628928     
   1.08100000000000       0.363181305540727     
   1.08200000000000       0.348231036751994     
   1.08300000000000       0.333594981262730     
   1.08400000000000       0.319273139072936     
   1.08500000000000       0.305265510182610     
   1.08600000000000       0.291572094591753     
   1.08700000000000       0.278192892300365     
   1.08800000000000       0.265127903308447     
   1.08900000000000       0.252377127615997     
   1.09000000000000       0.239940565223016     
   1.09100000000000       0.227818216129504     
   1.09200000000000       0.216010080335461     
   1.09300000000000       0.204516157840887     
   1.09400000000000       0.193336448645782     
   1.09500000000000       0.182470952750146     
   1.09600000000000       0.171919670153979     
   1.09700000000000       0.161682600857281     
   1.09800000000000       0.151759744860052     
   1.09900000000000       0.142151102162292     
   1.10000000000000       0.132856672764001     
   1.10100000000000       0.123876456665179     
   1.10200000000000       0.115210453865825     
   1.10300000000000       0.106858664365941     
   1.10400000000000       9.882108816552590E-002
   1.10500000000000       9.109772526457961E-002
   1.10600000000000       8.368857566310227E-002
   1.10700000000000       7.659363936109390E-002
   1.10800000000000       6.981291635855449E-002
   1.10900000000000       6.334640665548405E-002
   1.11000000000000       5.719411025188258E-002
   1.11100000000000       5.135602714775008E-002
   1.11200000000000       4.583215734308654E-002
   1.11300000000000       4.062250083789196E-002
   1.11400000000000       3.572705763216636E-002
   1.11500000000000       3.114582772590972E-002
   1.11600000000000       2.687881111912205E-002
   1.11700000000000       2.292600781180334E-002
   1.11800000000000       1.928741780395360E-002
   1.11900000000000       1.596304109557282E-002
   1.12000000000000       1.295287768666102E-002
   1.12100000000000       1.025692757721818E-002
   1.12200000000000       7.875190767244302E-003
   1.12300000000000       5.807667256739392E-003
   1.12400000000000       4.054357045703449E-003
   1.12500000000000       2.615260134136473E-003
   1.12600000000000       1.490376522038462E-003
   1.12700000000000       6.797062094094185E-004
   1.12800000000000       1.832491962493409E-004
   1.12900000000000       1.005482558229559E-006
   1.13000000000000       1.329750683360846E-004
   1.13100000000000       5.791579535829060E-004
   1.13200000000000       1.339554138298694E-003
   1.13300000000000       2.414163622483448E-003
   1.13400000000000       3.802986406137168E-003
   1.13500000000000       5.506022489259855E-003
   1.13600000000000       7.523271871851507E-003
   1.13700000000000       9.854734553912127E-003
   1.13800000000000       1.250041053544171E-002
   1.13900000000000       1.546029981644026E-002
   1.14000000000000       1.873440239690778E-002
   1.14100000000000       2.232271827684426E-002
   1.14200000000000       2.622524745624972E-002
   1.14300000000000       3.044198993512414E-002
   1.14400000000000       3.497294571346751E-002
   1.14500000000000       3.981811479127987E-002
   1.14600000000000       4.497749716856118E-002
   1.14700000000000       5.045109284531146E-002
   1.14800000000000       5.623890182153072E-002
   1.14900000000000       6.234092409721893E-002
   1.15000000000000       6.875715967237611E-002
   1.15100000000000       7.548760854700226E-002
   1.15200000000000       8.253227072109738E-002
   1.15300000000000       8.989114619466144E-002
   1.15400000000000       9.756423496769451E-002
   1.15500000000000       0.105551537040197     
   1.15600000000000       0.113853052412168     
   1.15700000000000       0.122468781083607     
   1.15800000000000       0.131398723054516     
   1.15900000000000       0.140642878324894     
   1.16000000000000       0.150201246894741     
   1.16100000000000       0.160073828764057     
   1.16200000000000       0.170260623932842     
   1.16300000000000       0.180761632401096     
   1.16400000000000       0.191576854168818     
   1.16500000000000       0.202706289236010     
   1.16600000000000       0.214149937602671     
   1.16700000000000       0.225907799268800     
   1.16800000000000       0.237979874234399     
   1.16900000000000       0.250366162499467     
   1.17000000000000       0.263066664064003     
   1.17100000000000       0.276081378928009     
   1.17200000000000       0.289410307091483     
   1.17300000000000       0.303053448554427     
   1.17400000000000       0.317010803316839     
   1.17500000000000       0.331282371378721     
   1.17600000000000       0.345868152740071     
   1.17700000000000       0.360768147400890     
   1.17800000000000       0.375982355361179     
   1.17900000000000       0.391510776620936     
   1.18000000000000       0.407353411180162     
   1.18100000000000       0.423510259038857     
   1.18200000000000       0.439981320197021     
   1.18300000000000       0.456766594654655     
   1.18400000000000       0.473866082411757     
   1.18500000000000       0.491279783468328     
   1.18600000000000       0.509007697824368     
   1.18700000000000       0.527049825479877     
   1.18800000000000       0.545406166434855     
   1.18900000000000       0.564076720689302     
   1.19000000000000       0.583061488243218     
   1.19100000000000       0.602360469096602     
   1.19200000000000       0.621973663249456     
   1.19300000000000       0.641901070701779     
   1.19400000000000       0.662142691453571     
   1.19500000000000       0.682698525504832     
   1.19600000000000       0.703568572855561     
   1.19700000000000       0.724752833505760     
   1.19800000000000       0.746251307455428     
   1.19900000000000       0.768063994704565     
   1.20000000000000       0.790190895253170     
   1.20100000000000       0.812632009101245     
   1.20200000000000       0.835387336248788     
   1.20300000000000       0.858456876695801     
   1.20400000000000       0.881840630442282     
   1.20500000000000       0.905538597488233     
   1.20600000000000       0.929550777833652     
   1.20700000000000       0.953877171478540     
   1.20800000000000       0.978517778422898     
   1.20900000000000        1.00347259866672     
   1.21000000000000        1.02874163221002     
   1.21100000000000        1.05432487905278     
   1.21200000000000        1.08022233919502     
   1.21300000000000        1.10643401263672     
   1.21400000000000        1.13295989937789     
   1.21500000000000        1.15979999941853     
   1.21600000000000        1.18695431275864     
   1.21700000000000        1.21442283939822     
   1.21800000000000        1.24220557933726     
   1.21900000000000        1.27030253257578     
   1.22000000000000        1.29871369911377     
   1.22100000000000        1.32743907895122     
   1.22200000000000        1.35647867208814     
   1.22300000000000        1.38583247852453     
   1.22400000000000        1.41550049826039     
   1.22500000000000        1.44548273129572     
   1.22600000000000        1.47577917763052     
   1.22700000000000        1.50638983726479     
   1.22800000000000        1.53731471019853     
   1.22900000000000        1.56855379643173     
   1.23000000000000        1.60010709596441     
   1.23100000000000        1.63197460879655     
   1.23200000000000        1.66415633492816     
   1.23300000000000        1.69665227435925     
   1.23400000000000        1.72946242708980     
   1.23500000000000        1.76258679311982     
   1.23600000000000        1.79602537244930     
   1.23700000000000        1.82977816507826     
   1.23800000000000        1.86384517100669     
   1.23900000000000        1.89822639023458     
   1.24000000000000        1.93292182276195     
   1.24100000000000        1.96793146858878     
   1.24200000000000        2.00325532771508     
   1.24300000000000        2.03889340014085     
   1.24400000000000        2.07484568586609     
   1.24500000000000        2.11111218489080     
   1.24600000000000        2.14769289721498     
   1.24700000000000        2.18458782283863     
   1.24800000000000        2.22179696176175     
   1.24900000000000        2.25932031398433     
   1.25000000000000        2.29715787950638     
   1.25100000000000        2.33530965832791     
   1.25200000000000        2.37377565044890     
   1.25300000000000        2.41255585586936     
   1.25400000000000        2.45165027458929     
   1.25500000000000        2.49105890660869     
   1.25600000000000        2.53078175192756     
   1.25700000000000        2.57081881054589     
   1.25800000000000        2.61117008246370     
   1.25900000000000        2.65183556768097     
   1.26000000000000        2.69281526619772     
   1.26100000000000        2.73410917801393     
   1.26200000000000        2.77571730312961     
   1.26300000000000        2.81763964154476     
   1.26400000000000        2.85987619325938     
   1.26500000000000        2.90242695827347     
   1.26600000000000        2.94529193658703     
   1.26700000000000        2.98847112820005     
   1.26800000000000        3.03196453311255     
   1.26900000000000        3.07577215132451     
   1.27000000000000        3.11989398283595     
   1.27100000000000        3.16433002764685     
   1.27200000000000        3.20908028575722     
   1.27300000000000        3.25414475716706     
   1.27400000000000        3.29952344187637     
   1.27500000000000        3.34521633988515     
   1.27600000000000        3.39122345119340     
   1.27700000000000        3.43754477580111     
   1.27800000000000        3.48418031370830     
   1.27900000000000        3.53113006491495     
   1.28000000000000        3.57839402942107     
   1.28100000000000        3.62597220722667     
   1.28200000000000        3.67386459833173     
   1.28300000000000        3.72207120273626     
   1.28400000000000        3.77059202044026     
   1.28500000000000        3.81942705144372     
   1.28600000000000        3.86857629574666     
   1.28700000000000        3.91803975334907     
   1.28800000000000        3.96781742425094     
   1.28900000000000        4.01790930845228     
   1.29000000000000        4.06831540595310     
   1.29100000000000        4.11903571675338     
   1.29200000000000        4.17007024085313     
   1.29300000000000        4.22141897825235     
   1.29400000000000        4.27308192895104     
   1.29500000000000        4.32505909294920     
   1.29600000000000        4.37735047024682     
   1.29700000000000        4.42995606084392     
   1.29800000000000        4.48287586474048     
   1.29900000000000        4.53610988193652     
   1.30000000000000        4.58965811243202     
   1.30100000000000        4.64352055622699     
   1.30200000000000        4.69769721332143     
   1.30300000000000        4.75218808371534     
   1.30400000000000        4.80699316740872     
   1.30500000000000        4.86211246440156     
   1.30600000000000        4.91754597469388     
   1.30700000000000        4.97329369828567     
   1.30800000000000        5.02935563517692     
   1.30900000000000        5.08573178536764     
   1.31000000000000        5.14242214885784     
   1.31100000000000        5.19942672564750     
   1.31200000000000        5.25674551573663     
   1.31300000000000        5.31437851912523     
   1.31400000000000        5.37232573581329     
   1.31500000000000        5.43058716580083     
   1.31600000000000        5.48916280908784     
   1.31700000000000        5.54805266567431     
   1.31800000000000        5.60725673556026     
   1.31900000000000        5.66677501874567     
   1.32000000000000        5.72660751523055     
   1.32100000000000        5.78675422501490     
   1.32200000000000        5.84721514809872     
   1.32300000000000        5.90799028448201     
   1.32400000000000        5.96907963416477     
   1.32500000000000        6.03048319714699     
   1.32600000000000        6.09220097342869     
   1.32700000000000        6.15423296300985     
   1.32800000000000        6.21657916589049     
   1.32900000000000        6.27923958207059     
   1.33000000000000        6.34221421155016     
   1.33100000000000        6.40550305432920     
   1.33200000000000        6.46910611040771     
   1.33300000000000        6.53302337978569     
   1.33400000000000        6.59725486246314     
   1.33500000000000        6.66180055844005     
   1.33600000000000        6.72666046771644     
   1.33700000000000        6.79183459029229     
   1.33800000000000        6.85732292616761     
   1.33900000000000        6.92312547534240     
   1.34000000000000        6.98924223781666     
   1.34100000000000        7.05567321359039     
   1.34200000000000        7.12241840266359     
   1.34300000000000        7.18947780503625     
   1.34400000000000        7.25685142070839     
   1.34500000000000        7.32453924967999     
   1.34600000000000        7.39254129195106     
   1.34700000000000        7.46085754752161     
   1.34800000000000        7.52948801639162     
   1.34900000000000        7.59843269856110     
   1.35000000000000        7.66769159403005     
   1.35100000000000        7.73726470279847     
   1.35200000000000        7.80715202486635     
   1.35300000000000        7.87735356023371     
   1.35400000000000        7.94786930890053     
   1.35500000000000        8.01869927086683     
   1.35600000000000        8.08984344613259     
   1.35700000000000        8.16130183469782     
   1.35800000000000        8.23307443656252     
   1.35900000000000        8.30516125172669     
   1.36000000000000        8.37756228019033     
   1.36100000000000        8.45027752195344     
   1.36200000000000        8.52330697701602     
   1.36300000000000        8.59665064537806     
   1.36400000000000        8.67030852703958     
   1.36500000000000        8.74428062200056     
   1.36600000000000        8.81856693026101     
   1.36700000000000        8.89316745182093     
   1.36800000000000        8.96808218668032     
   1.36900000000000        9.04331113483918     
   1.37000000000000        9.11885429629751     
   1.37100000000000        9.19471167105531     
   1.37200000000000        9.27088325911257     
   1.37300000000000        9.34736906046931     
   1.37400000000000        9.42416907512551     
   1.37500000000000        9.50128330308119     
   1.37600000000000        9.57871174433633     
   1.37700000000000        9.65645439889094     
   1.37800000000000        9.73451126674502     
   1.37900000000000        9.81288234789857     
   1.38000000000000        9.89156764235159     
   1.38100000000000        9.97056715010407     
   1.38200000000000        10.0498808711560     
   1.38300000000000        8.14040350552385     
   1.38400000000000        8.06903686724256     
   1.38500000000000        7.99798444226074     
   1.38600000000000        7.92724623057838     
   1.38700000000000        7.85682223219550     
   1.38800000000000        7.78671244711208     
   1.38900000000000        7.71691687532813     
   1.39000000000000        7.64743551684366     
   1.39100000000000        7.57826837165865     
   1.39200000000000        7.50941543977310     
   1.39300000000000        7.44087672118703     
   1.39400000000000        7.37265221590043     
   1.39500000000000        7.30474192391330     
   1.39600000000000        7.23714584522563     
   1.39700000000000        7.16986397983744     
   1.39800000000000        7.10289632774871     
   1.39900000000000        7.03624288895945     
   1.40000000000000        6.96990366346966     
   1.40100000000000        6.90387865127934     
   1.40200000000000        6.83816785238849     
   1.40300000000000        6.77277126679711     
   1.40400000000000        6.70768889450520     
   1.40500000000000        6.64292073551275     
   1.40600000000000        6.57846678981978     
   1.40700000000000        6.51432705742627     
   1.40800000000000        6.45050153833223     
   1.40900000000000        6.38699023253766     
   1.41000000000000        6.32379314004256     
   1.41100000000000        6.26091026084693     
   1.41200000000000        6.19834159495076     
   1.41300000000000        6.13608714235407     
   1.41400000000000        6.07414690305685     
   1.41500000000000        6.01252087705909     
   1.41600000000000        5.95120906436080     
   1.41700000000000        5.89021146496198     
   1.41800000000000        5.82952807886263     
   1.41900000000000        5.76915890606275     
   1.42000000000000        5.70910394656234     
   1.42100000000000        5.64936320036140     
   1.42200000000000        5.58993666745993     
   1.42300000000000        5.53082434785792     
   1.42400000000000        5.47202624155539     
   1.42500000000000        5.41354234855232     
   1.42600000000000        5.35537266884872     
   1.42700000000000        5.29751720244460     
   1.42800000000000        5.23997594933994     
   1.42900000000000        5.18274890953475     
   1.43000000000000        5.12583608302902     
   1.43100000000000        5.06923746982277     
   1.43200000000000        5.01295306991599     
   1.43300000000000        4.95698288330867     
   1.43400000000000        4.90132691000083     
   1.43500000000000        4.84598514999245     
   1.43600000000000        4.79095760328354     
   1.43700000000000        4.73624426987410     
   1.43800000000000        4.68184514976413     
   1.43900000000000        4.62776024295363     
   1.44000000000000        4.57398954944260     
   1.44100000000000        4.52053306923104     
   1.44200000000000        4.46739080231894     
   1.44300000000000        4.41456274870632     
   1.44400000000000        4.36204890839316     
   1.44500000000000        4.30984928137948     
   1.44600000000000        4.25796386766526     
   1.44700000000000        4.20639266725051     
   1.44800000000000        4.15513568013523     
   1.44900000000000        4.10419290631942     
   1.45000000000000        4.05356434580308     
   1.45100000000000        4.00324999858620     
   1.45200000000000        3.95324986466880     
   1.45300000000000        3.90356394405086     
   1.45400000000000        3.85419223673240     
   1.45500000000000        3.80513474271340     
   1.45600000000000        3.75639146199387     
   1.45700000000000        3.70796239457381     
   1.45800000000000        3.65984754045322     
   1.45900000000000        3.61204689963210     
   1.46000000000000        3.56456047211045     
   1.46100000000000        3.51738825788826     
   1.46200000000000        3.47053025696555     
   1.46300000000000        3.42398646934230     
   1.46400000000000        3.37775689501853     
   1.46500000000000        3.33184153399422     
   1.46600000000000        3.28624038626938     
   1.46700000000000        3.24095345184401     
   1.46800000000000        3.19598073071811     
   1.46900000000000        3.15132222289168     
   1.47000000000000        3.10697792836472     
   1.47100000000000        3.06294784713722     
   1.47200000000000        3.01923197920920     
   1.47300000000000        2.97583032458064     
   1.47400000000000        2.93274288325156     
   1.47500000000000        2.88996965522194     
   1.47600000000000        2.84751064049179     
   1.47700000000000        2.80536583906111     
   1.47800000000000        2.76353525092990     
   1.47900000000000        2.72201887609815     
   1.48000000000000        2.68081671456588     
   1.48100000000000        2.63992876633308     
   1.48200000000000        2.59935503139974     
   1.48300000000000        2.55909550976588     
   1.48400000000000        2.51915020143148     
   1.48500000000000        2.47951910639655     
   1.48600000000000        2.44020222466109     
   1.48700000000000        2.40119955622510     
   1.48800000000000        2.36251110108858     
   1.48900000000000        2.32413685925153     
   1.49000000000000        2.28607683071394     
   1.49100000000000        2.24833101547583     
   1.49200000000000        2.21089941353718     
   1.49300000000000        2.17378202489801     
   1.49400000000000        2.13697884955830     
   1.49500000000000        2.10048988751806     
   1.49600000000000        2.06431513877729     
   1.49700000000000        2.02845460333599     
   1.49800000000000        1.99290828119416     
   1.49900000000000        1.95767617235180     
   1.50000000000000        1.92275827680890     
   1.50100000000000        1.88815459456548     
   1.50200000000000        1.85386512562152     
   1.50300000000000        1.81988986997704     
   1.50400000000000        1.78622882763202     
   1.50500000000000        1.75288199858647     
   1.50600000000000        1.71984938284039     
   1.50700000000000        1.68713098039378     
   1.50800000000000        1.65472679124664     
   1.50900000000000        1.62263681539896     
   1.51000000000000        1.59086105285076     
   1.51100000000000        1.55939950360202     
   1.51200000000000        1.52825216765276     
   1.51300000000000        1.49741904500296     
   1.51400000000000        1.46690013565263     
   1.51500000000000        1.43669543960177     
   1.51600000000000        1.40680495685038     
   1.51700000000000        1.37722868739846     
   1.51800000000000        1.34796663124601     
   1.51900000000000        1.31901878839303     
   1.52000000000000        1.29038515883951     
   1.52100000000000        1.26206574258547     
   1.52200000000000        1.23406053963089     
   1.52300000000000        1.20636954997578     
   1.52400000000000        1.17899277362014     
   1.52500000000000        1.15193021056397     
   1.52600000000000        1.12518186080727     
   1.52700000000000        1.09874772435004     
   1.52800000000000        1.07262780119228     
   1.52900000000000        1.04682209133398     
   1.53000000000000        1.02133059477516     
   1.53100000000000       0.996153311515804     
   1.53200000000000       0.971290241555917     
   1.53300000000000       0.946741384895500     
   1.53400000000000       0.922506741534550     
   1.53500000000000       0.898586311473071     
   1.53600000000000       0.874980094711060     
   1.53700000000000       0.851688091248518     
   1.53800000000000       0.828710301085445     
   1.53900000000000       0.806046724221841     
   1.54000000000000       0.783697360657706     
   1.54100000000000       0.761662210393040     
   1.54200000000000       0.739941273427843     
   1.54300000000000       0.718534549762115     
   1.54400000000000       0.697442039395855     
   1.54500000000000       0.676663742329065     
   1.54600000000000       0.656199658561744     
   1.54700000000000       0.636049788093892     
   1.54800000000000       0.616214130925508     
   1.54900000000000       0.596692687056594     
   1.55000000000000       0.577485456487149     
   1.55100000000000       0.558592439217172     
   1.55200000000000       0.540013635246665     
   1.55300000000000       0.521749044575626     
   1.55400000000000       0.503798667204057     
   1.55500000000000       0.486162503131956     
   1.55600000000000       0.468840552359325     
   1.55700000000000       0.451832814886162     
   1.55800000000000       0.435139290712469     
   1.55900000000000       0.418759979838244     
   1.56000000000000       0.402694882263488     
   1.56100000000000       0.386943997988202     
   1.56200000000000       0.371507327012384     
   1.56300000000000       0.356384869336035     
   1.56400000000000       0.341576624959155     
   1.56500000000000       0.327082593881744     
   1.56600000000000       0.312902776103803     
   1.56700000000000       0.299037171625330     
   1.56800000000000       0.285485780446326     
   1.56900000000000       0.272248602566791     
   1.57000000000000       0.259325637986725     
   1.57100000000000       0.246716886706128     
   1.57200000000000       0.234422348725000     
   1.57300000000000       0.222442024043341     
   1.57400000000000       0.210775912661151     
   1.57500000000000       0.199424014578429     
   1.57600000000000       0.188386329795177     
   1.57700000000000       0.177662858311394     
   1.57800000000000       0.167253600127080     
   1.57900000000000       0.157158555242234     
   1.58000000000000       0.147377723656858     
   1.58100000000000       0.137911105370951     
   1.58200000000000       0.128758700384512     
   1.58300000000000       0.119920508697543     
   1.58400000000000       0.111396530310043     
   1.58500000000000       0.103186765222011     
   1.58600000000000       9.529121343344857E-002
   1.58700000000000       8.770987494435506E-002
   1.58800000000000       8.044274975473051E-002
   1.58900000000000       7.348983786457493E-002
   1.59000000000000       6.685113927388830E-002
   1.59100000000000       6.052665398267065E-002
   1.59200000000000       5.451638199092197E-002
   1.59300000000000       4.882032329864224E-002
   1.59400000000000       4.343847790583149E-002
   1.59500000000000       3.837084581248970E-002
   1.59600000000000       3.361742701861688E-002
   1.59700000000000       2.917822152421302E-002
   1.59800000000000       2.505322932927813E-002
   1.59900000000000       2.124245043381221E-002
   1.60000000000000       1.774588483781525E-002
   1.60100000000000       1.456353254128726E-002
   1.60200000000000       1.169539354422824E-002
   1.60300000000000       9.141467846638184E-003
   1.60400000000000       6.901755448517092E-003
   1.60500000000000       4.976256349864969E-003
   1.60600000000000       3.364970550681810E-003
   1.60700000000000       2.067898050967618E-003
   1.60800000000000       1.085038850722392E-003
   1.60900000000000       4.163929499461331E-004
   1.61000000000000       6.196034863884015E-005
   1.61100000000000       2.174104680051350E-005
   1.61200000000000       2.957350444311532E-004
   1.61300000000000       8.839423415307593E-004
   1.61400000000000       1.786362938099331E-003
   1.61500000000000       3.002996834136870E-003
   1.61600000000000       4.533844029643375E-003
   1.61700000000000       6.378904524618846E-003
   1.61800000000000       8.538178319063283E-003
   1.61900000000000       1.101166541297669E-002
   1.62000000000000       1.379936580635906E-002
   1.62100000000000       1.690127949921040E-002
   1.62200000000000       2.031740649153070E-002
   1.62300000000000       2.404774678331997E-002
   1.62400000000000       2.809230037457820E-002
   1.62500000000000       3.245106726530540E-002
   1.62600000000000       3.712404745550157E-002
   1.62700000000000       4.211124094516670E-002
   1.62800000000000       4.741264773430080E-002
   1.62900000000000       5.302826782290388E-002
   1.63000000000000       5.895810121097591E-002
   1.63100000000000       6.520214789851690E-002
   1.63200000000000       7.176040788552687E-002
   1.63300000000000       7.863288117200581E-002
   1.63400000000000       8.581956775795370E-002
   1.63500000000000       9.332046764337057E-002
   1.63600000000000       0.101135580828256     
   1.63700000000000       0.109264907312611     
   1.63800000000000       0.117708447096435     
   1.63900000000000       0.126466200179728     
   1.64000000000000       0.135538166562489     
   1.64100000000000       0.144924346244720     
   1.64200000000000       0.154624739226420     
   1.64300000000000       0.164639345507588     
   1.64400000000000       0.174968165088226     
   1.64500000000000       0.185611197968333     
   1.64600000000000       0.196568444147908     
   1.64700000000000       0.207839903626953     
   1.64800000000000       0.219425576405466     
   1.64900000000000       0.231325462483449     
   1.65000000000000       0.243539561860900     
   1.65100000000000       0.256067874537820     
   1.65200000000000       0.268910400514210     
   1.65300000000000       0.282067139790068     
   1.65400000000000       0.295538092365395     
   1.65500000000000       0.309323258240192     
   1.65600000000000       0.323422637414457     
   1.65700000000000       0.337836229888191     
   1.65800000000000       0.352564035661394     
   1.65900000000000       0.367606054734066     
   1.66000000000000       0.382962287106207     
   1.66100000000000       0.398632732777817     
   1.66200000000000       0.414617391748896     
   1.66300000000000       0.430916264019444     
   1.66400000000000       0.447529349589461     
   1.66500000000000       0.464456648458947     
   1.66600000000000       0.481698160627902     
   1.66700000000000       0.499253886096326     
   1.66800000000000       0.517123824864219     
   1.66900000000000       0.535307976931581     
   1.67000000000000       0.553806342298411     
   1.67100000000000       0.572618920964711     
   1.67200000000000       0.591745712930480     
   1.67300000000000       0.611186718195717     
   1.67400000000000       0.630941936760424     
   1.67500000000000       0.651011368624600     
   1.67600000000000       0.671395013788244     
   1.67700000000000       0.692092872251358     
   1.67800000000000       0.713104944013940     
   1.67900000000000       0.734431229075992     
   1.68000000000000       0.756071727437512     
   1.68100000000000       0.778026439098502     
   1.68200000000000       0.800295364058960     
   1.68300000000000       0.822878502318887     
   1.68400000000000       0.845775853878284     
   1.68500000000000       0.868987418737149     
   1.68600000000000       0.892513196895483     
   1.68700000000000       0.916353188353286     
   1.68800000000000       0.940507393110559     
   1.68900000000000       0.964975811167300     
   1.69000000000000       0.989758442523510     
   1.69100000000000        1.01485528717919     
   1.69200000000000        1.04026634513434     
   1.69300000000000        1.06599161638895     
   1.69400000000000        1.09203110094304     
   1.69500000000000        1.11838479879660     
   1.69600000000000        1.14505270994962     
   1.69700000000000        1.17203483440211     
   1.69800000000000        1.19933117215407     
   1.69900000000000        1.22694172320550     
   1.70000000000000        1.25486648755640     
   1.70100000000000        1.28310546520677     
   1.70200000000000        1.31165865615661     
   1.70300000000000        1.34052606040592     
   1.70400000000000        1.36970767795469     
   1.70500000000000        1.39920350880294     
   1.70600000000000        1.42901355295065     
   1.70700000000000        1.45913781039783     
   1.70800000000000        1.48957628114449     
   1.70900000000000        1.52032896519061     
   1.71000000000000        1.55139586253620     
   1.71100000000000        1.58277697318125     
   1.71200000000000        1.61447229712578     
   1.71300000000000        1.64648183436978     
   1.71400000000000        1.67880558491324     
   1.71500000000000        1.71144354875618     
   1.71600000000000        1.74439572589858     
   1.71700000000000        1.77766211634045     
   1.71800000000000        1.81124272008179     
   1.71900000000000        1.84513753712260     
   1.72000000000000        1.87934656746288     
   1.72100000000000        1.91386981110263     
   1.72200000000000        1.94870726804185     
   1.72300000000000        1.98385893828054     
   1.72400000000000        2.01932482181869     
   1.72500000000000        2.05510491865631     
   1.72600000000000        2.09119922879341     
   1.72700000000000        2.12760775222997     
   1.72800000000000        2.16433048896600     
   1.72900000000000        2.20136743900150     
   1.73000000000000        2.23871860233647     
   1.73100000000000        2.27638397897091     
   1.73200000000000        2.31436356890481     
   1.73300000000000        2.35265737213819     
   1.73400000000000        2.39126538867103     
   1.73500000000000        2.43018761850335     
   1.73600000000000        2.46942406163513     
   1.73700000000000        2.50897471806638     
   1.73800000000000        2.54883958779710     
   1.73900000000000        2.58901867082729     
   1.74000000000000        2.62951196715695     
   1.74100000000000        2.67031947678608     
   1.74200000000000        2.71144119971467     
   1.74300000000000        2.75287713594274     
   1.74400000000000        2.79462728547027     
   1.74500000000000        2.83669164829728     
   1.74600000000000        2.87907022442375     
   1.74700000000000        2.92176301384969     
   1.74800000000000        2.96477001657510     
   1.74900000000000        3.00809123259998     
   1.75000000000000        3.05172666192433     
   1.75100000000000        3.09567630454815     
   1.75200000000000        3.13994016047143     
   1.75300000000000        3.18451822969419     
   1.75400000000000        3.22941051221641     
   1.75500000000000        3.27461700803810     
   1.75600000000000        3.32013771715927     
   1.75700000000000        3.36597263957990     
   1.75800000000000        3.41212177530000     
   1.75900000000000        3.45858512431957     
   1.76000000000000        3.50536268663860     
   1.76100000000000        3.55245446225711     
   1.76200000000000        3.59986045117509     
   1.76300000000000        3.64758065339253     
   1.76400000000000        3.69561506890945     
   1.76500000000000        3.74396369772583     
   1.76600000000000        3.79262653984168     
   1.76700000000000        3.84160359525700     
   1.76800000000000        3.89089486397179     
   1.76900000000000        3.94050034598605     
   1.77000000000000        3.99042004129978     
   1.77100000000000        4.04065394991297     
   1.77200000000000        4.09120207182564     
   1.77300000000000        4.14206440703777     
   1.77400000000000        4.19324095554938     
   1.77500000000000        4.24473171736045     
   1.77600000000000        4.29653669247099     
   1.77700000000000        4.34865588088100     
   1.77800000000000        4.40108928259048     
   1.77900000000000        4.45383689759943     
   1.78000000000000        4.50689872590785     
   1.78100000000000        4.56027476751573     
   1.78200000000000        4.61396502242309     
   1.78300000000000        4.66796949062991     
   1.78400000000000        4.72228817213620     
   1.78500000000000        4.77692106694197     
   1.78600000000000        4.83186817504720     
   1.78700000000000        4.88712949645190     
   1.78800000000000        4.94270503115607     
   1.78900000000000        4.99859477915970     
   1.79000000000000        5.05479874046281     
   1.79100000000000        5.11131691506539     
   1.79200000000000        5.16814930296743     
   1.79300000000000        5.22529590416895     
   1.79400000000000        5.28275671866993     
   1.79500000000000        5.34053174647038     
   1.79600000000000        5.39862098757030     
   1.79700000000000        5.45702444196969     
   1.79800000000000        5.51574210966855     
   1.79900000000000        5.57477399066688     
   1.80000000000000        5.63412008496467     
   1.80100000000000        5.69378039256194     
   1.80200000000000        5.75375491345867     
   1.80300000000000        5.81404364765488     
   1.80400000000000        5.87464659515055     
   1.80500000000000        5.93556375594569     
   1.80600000000000        5.99679513004030     
   1.80700000000000        6.05834071743438     
   1.80800000000000        6.12020051812793     
   1.80900000000000        6.18237453212095     
   1.81000000000000        6.24486275941343     
   1.81100000000000        6.30766520000539     
   1.81200000000000        6.37078185389681     
   1.81300000000000        6.43421272108771     
   1.81400000000000        6.49795780157807     
   1.81500000000000        6.56201709536790     
   1.81600000000000        6.62639060245720     
   1.81700000000000        6.69107832284597     
   1.81800000000000        6.75608025653420     
   1.81900000000000        6.82139640352191     
   1.82000000000000        6.88702676380908     
   1.82100000000000        6.95297133739573     
   1.82200000000000        7.01923012428184     
   1.82300000000000        7.08580312446742     
   1.82400000000000        7.15269033795247     
   1.82500000000000        7.21989176473699     
   1.82600000000000        7.28740740482098     
   1.82700000000000        7.35523725820443     
   1.82800000000000        7.42338132488736     
   1.82900000000000        7.49183960486975     
   1.83000000000000        7.56061209815162     
   1.83100000000000        7.62969880473295     
   1.83200000000000        7.69909972461375     
   1.83300000000000        7.76881485779402     
   1.83400000000000        7.83884420427376     
   1.83500000000000        7.90918776405297     
   1.83600000000000        7.97984553713165     
   1.83700000000000        8.05081752350980     
   1.83800000000000        8.12210372318741     
   1.83900000000000        6.57890401569084     
   1.84000000000000        6.51476214664640     
   1.84100000000000        6.45093449090143     
   1.84200000000000        6.38742104845593     
   1.84300000000000        6.32422181930990     
   1.84400000000000        6.26133680346334     
   1.84500000000000        6.19876600091625     
   1.84600000000000        6.13650941166862     
   1.84700000000000        6.07456703572047     
   1.84800000000000        6.01293887307178     
   1.84900000000000        5.95162492372257     
   1.85000000000000        5.89062518767282     
   1.85100000000000        5.82993966492254     
   1.85200000000000        5.76956835547173     
   1.85300000000000        5.70951125932039     
   1.85400000000000        5.64976837646852     
   1.85500000000000        5.59033970691611     
   1.85600000000000        5.53122525066318     
   1.85700000000000        5.47242500770971     
   1.85800000000000        5.41393897805572     
   1.85900000000000        5.35576716170119     
   1.86000000000000        5.29790955864613     
   1.86100000000000        5.24036616889054     
   1.86200000000000        5.18313699243442     
   1.86300000000000        5.12622202927777     
   1.86400000000000        5.06962127942059     
   1.86500000000000        5.01333474286288     
   1.86600000000000        4.95736241960463     
   1.86700000000000        4.90170430964586     
   1.86800000000000        4.84636041298655     
   1.86900000000000        4.79133072962671     
   1.87000000000000        4.73661525956634     
   1.87100000000000        4.68221400280545     
   1.87200000000000        4.62812695934401     
   1.87300000000000        4.57435412918205     
   1.87400000000000        4.52089551231956     
   1.87500000000000        4.46775110875654     
   1.87600000000000        4.41492091849298     
   1.87700000000000        4.36240494152890     
   1.87800000000000        4.31020317786428     
   1.87900000000000        4.25831562749913     
   1.88000000000000        4.20674229043345     
   1.88100000000000        4.15548316666724     
   1.88200000000000        4.10453825620050     
   1.88300000000000        4.05390755903323     
   1.88400000000000        4.00359107516543     
   1.88500000000000        3.95358880459709     
   1.88600000000000        3.90390074732823     
   1.88700000000000        3.85452690335883     
   1.88800000000000        3.80546727268891     
   1.88900000000000        3.75672185531845     
   1.89000000000000        3.70829065124746     
   1.89100000000000        3.66017366047594     
   1.89200000000000        3.61237088300389     
   1.89300000000000        3.56488231883130     
   1.89400000000000        3.51770796795819     
   1.89500000000000        3.47084783038455     
   1.89600000000000        3.42430190611037     
   1.89700000000000        3.37807019513567     
   1.89800000000000        3.33215269746043     
   1.89900000000000        3.28654941308466     
   1.90000000000000        3.24126034200836     
   1.90100000000000        3.19628548423153     
   1.90200000000000        3.15162483975417     
   1.90300000000000        3.10727840857628     
   1.90400000000000        3.06324619069785     
   1.90500000000000        3.01952818611890     
   1.90600000000000        2.97612439483941     
   1.90700000000000        2.93303481685940     
   1.90800000000000        2.89025945217885     
   1.90900000000000        2.84779830079777     
   1.91000000000000        2.80565136271616     
   1.91100000000000        2.76381863793402     
   1.91200000000000        2.72230012645135     
   1.91300000000000        2.68109582826814     
   1.91400000000000        2.64020574338441     
   1.91500000000000        2.59962987180014     
   1.91600000000000        2.55936821351535     
   1.91700000000000        2.51942076853002     
   1.91800000000000        2.47978753684416     
   1.91900000000000        2.44046851845778     
   1.92000000000000        2.40146371337085     
   1.92100000000000        2.36277312158340     
   1.92200000000000        2.32439674309542     
   1.92300000000000        2.28633457790691     
   1.92400000000000        2.24858662601786     
   1.92500000000000        2.21115288742829     
   1.92600000000000        2.17403336213818     
   1.92700000000000        2.13722805014755     
   1.92800000000000        2.10073695145638     
   1.92900000000000        2.06456006606468     
   1.93000000000000        2.02869739397245     
   1.93100000000000        1.99314893517969     
   1.93200000000000        1.95791468968639     
   1.93300000000000        1.92299465749257     
   1.93400000000000        1.88838883859822     
   1.93500000000000        1.85409723300333     
   1.93600000000000        1.82011984070791     
   1.93700000000000        1.78645666171197     
   1.93800000000000        1.75310769601549     
   1.93900000000000        1.72007294361848     
   1.94000000000000        1.68735240452094     
   1.94100000000000        1.65494607872286     
   1.94200000000000        1.62285396622426     
   1.94300000000000        1.59107606702513     
   1.94400000000000        1.55961238112546     
   1.94500000000000        1.52846290852527     
   1.94600000000000        1.49762764922454     
   1.94700000000000        1.46710660322328     
   1.94800000000000        1.43689977052149     
   1.94900000000000        1.40700715111917     
   1.95000000000000        1.37742874501632     
   1.95100000000000        1.34816455221294     
   1.95200000000000        1.31921457270903     
   1.95300000000000        1.29057880650458     
   1.95400000000000        1.26225725359961     
   1.95500000000000        1.23424991399410     
   1.95600000000000        1.20655678768806     
   1.95700000000000        1.17917787468150     
   1.95800000000000        1.15211317497440     
   1.95900000000000        1.12536268856677     
   1.96000000000000        1.09892641545860     
   1.96100000000000        1.07280435564991     
   1.96200000000000        1.04699650914069     
   1.96300000000000        1.02150287593093     
   1.96400000000000       0.996323456020649     
   1.96500000000000       0.971458249409832     
   1.96600000000000       0.946907256098485     
   1.96700000000000       0.922670476086606     
   1.96800000000000       0.898747909374197     
   1.96900000000000       0.875139555961256     
   1.97000000000000       0.851845415847785     
   1.97100000000000       0.828865489033782     
   1.97200000000000       0.806199775519248     
   1.97300000000000       0.783848275304183     
   1.97400000000000       0.761810988388587     
   1.97500000000000       0.740087914772460     
   1.97600000000000       0.718679054455803     
   1.97700000000000       0.697584407438614     
   1.97800000000000       0.676803973720894     
   1.97900000000000       0.656337753302643     
   1.98000000000000       0.636185746183861     
   1.98100000000000       0.616347952364548     
   1.98200000000000       0.596824371844704     
   1.98300000000000       0.577615004624329     
   1.98400000000000       0.558719850703422     
   1.98500000000000       0.540138910081985     
   1.98600000000000       0.521872182760017     
   1.98700000000000       0.503919668737518     
   1.98800000000000       0.486281368014488     
   1.98900000000000       0.468957280590926     
   1.99000000000000       0.451947406466834     
   1.99100000000000       0.435251745642211     
   1.99200000000000       0.418870298117056     
   1.99300000000000       0.402803063891371     
   1.99400000000000       0.387050042965154     
   1.99500000000000       0.371611235338407     
   1.99600000000000       0.356486641011128     
   1.99700000000000       0.341676259983319     
   1.99800000000000       0.327180092254978     
