  0.000000000000000E+000   3.19034667757082     
  1.000000000000000E-003   3.20721103705503     
  2.000000000000000E-003   3.25549672648614     
  3.000000000000000E-003   3.33520374586414     
  4.000000000000000E-003   3.44633209518905     
  5.000000000000000E-003   3.58888177446085     
  6.000000000000000E-003   3.76285278367954     
  7.000000000000000E-003   3.96824512284513     
  8.000000000000000E-003   4.20505879195762     
  9.000000000000001E-003   4.47329379101700     
  1.000000000000000E-002   4.77295012002329     
  1.100000000000000E-002   5.10402777897646     
  1.200000000000000E-002   5.40123699590436     
  1.300000000000000E-002   5.74085790165522     
  1.400000000000000E-002   6.16619955044908     
  1.500000000000000E-002   6.58189290162301     
  1.600000000000000E-002   7.03226803787321     
  1.700000000000000E-002   7.48445308602078     
  1.800000000000000E-002   7.97848429288090     
  1.900000000000000E-002   8.50689067024744     
  2.000000000000000E-002   9.09855119562491     
  2.100000000000000E-002   9.74384215404706     
  2.200000000000000E-002   10.4205544424161     
  2.300000000000000E-002   11.1286880607320     
  2.400000000000000E-002   11.8340490849186     
  2.500000000000000E-002   12.5884897451168     
  2.600000000000000E-002   13.3141965011255     
  2.700000000000000E-002   14.1480154392290     
  2.800000000000000E-002   14.9983363513223     
  2.900000000000000E-002   15.8949979493196     
  3.000000000000000E-002   16.7969209715482     
  3.100000000000000E-002   17.7264154369514     
  3.200000000000000E-002   18.7173410247894     
  3.300000000000000E-002   19.7396879425743     
  3.400000000000000E-002   20.7700122776341     
  3.500000000000000E-002   21.8497147353423     
  3.600000000000000E-002   22.9591049202368     
  3.700000000000000E-002   24.1071371578093     
  3.800000000000000E-002   25.2865907253287     
  3.900000000000000E-002   26.4690026917731     
  4.000000000000000E-002   27.6847742459997     
  4.100000000000000E-002   28.9524473343432     
  4.200000000000000E-002   30.2372200292060     
  4.300000000000000E-002   31.5693030647779     
  4.400000000000000E-002   32.9372846119786     
  4.500000000000000E-002   34.3187341135952     
  4.600000000000000E-002   35.6999166267866     
  4.700000000000000E-002   37.1476031015697     
  4.800000000000000E-002   38.6328791647701     
  4.900000000000000E-002   40.1485307405331     
  5.000000000000000E-002   41.6894705228839     
  5.100000000000000E-002   43.2206949883699     
  5.200000000000000E-002   44.8195311033164     
  5.300000000000000E-002   46.4570967366914     
  5.400000000000000E-002   48.1281570229896     
  5.500000000000000E-002   49.8104754504824     
  5.600000000000000E-002   51.5305559886860     
  5.700000000000000E-002   53.2967567248724     
  5.800000000000000E-002   55.0963380682811     
  5.900000000000000E-002   56.9314712020585     
  6.000000000000000E-002   58.7992987661164     
  6.100000000000000E-002   60.6855168557760     
  6.200000000000000E-002   62.6190823420209     
  6.300000000000000E-002   64.5840691582127     
  6.400000000000000E-002   66.5775701709182     
  6.500000000000000E-002   68.6007366217589     
  6.600000000000000E-002   70.6599874277914     
  6.700000000000000E-002   72.7480426174859     
  6.800000000000000E-002   74.8701360834122     
  6.900000000000001E-002   77.0236508792854     
  7.000000000000001E-002   79.2085870051055     
  7.100000000000001E-002   81.3986321789473     
  7.200000000000001E-002   83.6464109646612     
  7.300000000000000E-002   85.9256110803220     
  7.400000000000000E-002   88.2362325259297     
  7.500000000000000E-002   90.5667794093728     
  7.600000000000000E-002   92.9402435148743     
  7.700000000000000E-002   95.3254597993672     
  7.800000000000000E-002   97.7617665647624     
  7.900000000000000E-002   100.227625185101     
  8.000000000000000E-002   102.725565546635     
  8.100000000000000E-002   105.255176558091     
  8.200000000000000E-002   107.817168643274     
  8.300000000000000E-002   110.404061344661     
  8.400000000000001E-002   113.011149328621     
  8.500000000000001E-002   115.667405403644     
  8.600000000000001E-002   118.355082808615     
  8.700000000000001E-002   121.068446466921     
  8.799999999999999E-002   123.811377639655     
  8.900000000000000E-002   126.593319034466     
  9.000000000000000E-002   129.397844617412     
  9.100000000000000E-002   132.237654098369     
  9.200000000000000E-002   135.105740185561     
  9.300000000000000E-002   138.013366900160     
  9.400000000000000E-002   140.952414944705     
  9.500000000000000E-002   143.921571032157     
  9.600000000000000E-002   146.899565112926     
  9.700000000000000E-002   149.921877621310     
  9.800000000000000E-002   152.979796525295     
  9.900000000000000E-002   156.074566073930     
  0.100000000000000        159.185630445693     
  0.101000000000000        162.341107925366     
  0.102000000000000        165.531526609487     
  0.103000000000000        168.752839330437     
  0.104000000000000        172.006100674452     
  0.105000000000000        175.288354636701     
  0.106000000000000        178.604458640609     
  0.107000000000000        181.939621094846     
  0.108000000000000        185.318567758648     
  0.109000000000000        188.694623152916     
  0.110000000000000        192.129986917132     
  0.111000000000000        195.590470794791     
  0.112000000000000        199.094788975296     
  0.113000000000000        202.630842288833     
  0.114000000000000        206.198316932316     
  0.115000000000000        209.795637231973     
  0.116000000000000        213.407503054865     
  0.117000000000000        217.065935921003     
  0.118000000000000        220.755851586221     
  0.119000000000000        224.480432879439     
  0.120000000000000        228.236435502604     
  0.121000000000000        231.983796686302     
  0.122000000000000        235.798911778452     
  0.123000000000000        239.649178391458     
  0.124000000000000        243.527068674515     
  0.125000000000000        247.440177947414     
  0.126000000000000        251.374195836858     
  0.127000000000000        255.346147875504     
  0.128000000000000        259.353521138244     
  0.129000000000000        263.392315730931     
  0.130000000000000        267.462531653565     
  0.131000000000000        271.562539869978     
  0.132000000000000        275.695598452505     
  0.133000000000000        279.849672080456     
  0.134000000000000        284.045046852551     
  0.135000000000000        288.272369424919     
  0.136000000000000        292.531113327234     
  0.137000000000000        296.793877506439     
  0.138000000000000        301.109207276234     
  0.139000000000000        305.462215168390     
  0.140000000000000        309.838515189485     
  0.141000000000000        314.248394084602     
  0.142000000000000        318.695665966599     
  0.143000000000000        323.173214358320     
  0.144000000000000        327.670901790575     
  0.145000000000000        330.020282676671     
  0.146000000000000        334.505641764087     
  0.147000000000000        339.021001738664     
  0.148000000000000        343.569203485974     
  0.149000000000000        345.971024728795     
  0.150000000000000        350.495039141255     
  0.151000000000000        355.050474883662     
  0.152000000000000        359.623905732324     
  0.153000000000000        358.948289119486     
  0.154000000000000        363.502756447826     
  0.155000000000000        368.091601635588     
  0.156000000000000        370.541196557010     
  0.157000000000000        371.591613027263     
  0.158000000000000        374.101506754927     
  0.159000000000000        376.096084215131     
  0.160000000000000        369.439444945639     
  0.161000000000000        366.888842074214     
  0.162000000000000        360.743283424230     
  0.163000000000000        361.228568584960     
  0.164000000000000        362.537167704597     
  0.165000000000000        363.149503565823     
  0.166000000000000        364.287636507753     
  0.167000000000000        359.782282884900     
  0.168000000000000        359.091096034914     
  0.169000000000000        354.283758144060     
  0.170000000000000        351.582095327559     
  0.171000000000000        348.031458999045     
  0.172000000000000        345.273892314971     
  0.173000000000000        345.714897547937     
  0.174000000000000        345.813789759267     
  0.175000000000000        344.350241417368     
  0.176000000000000        342.945824471368     
  0.177000000000000        335.104327674813     
  0.178000000000000        327.328571580762     
  0.179000000000000        326.466507062146     
  0.180000000000000        323.956231621755     
  0.181000000000000        316.740554369708     
  0.182000000000000        315.406259545965     
  0.183000000000000        313.773119673360     
  0.184000000000000        307.727470451696     
  0.185000000000000        304.191925251735     
  0.186000000000000        302.601705876971     
  0.187000000000000        294.507223316904     
  0.188000000000000        289.742439436486     
  0.189000000000000        287.653742333038     
  0.190000000000000        283.834992045994     
  0.191000000000000        282.844619380881     
  0.192000000000000        282.523261660125     
  0.193000000000000        282.465941788297     
  0.194000000000000        281.810545221918     
  0.195000000000000        281.813186758457     
  0.196000000000000        283.125032337640     
  0.197000000000000        282.257700920447     
  0.198000000000000        280.237549908177     
  0.199000000000000        281.365130282613     
  0.200000000000000        281.004790427034     
  0.201000000000000        281.565722534904     
  0.202000000000000        280.771828902425     
  0.203000000000000        279.701792247935     
  0.204000000000000        279.149494485644     
  0.205000000000000        279.416705457775     
  0.206000000000000        278.826410536188     
  0.207000000000000        279.705077960573     
  0.208000000000000        280.190262508963     
  0.209000000000000        279.738374666840     
  0.210000000000000        281.371881176400     
  0.211000000000000        279.263752089615     
  0.212000000000000        276.457040690813     
  0.213000000000000        274.079323906207     
  0.214000000000000        268.698477968163     
  0.215000000000000        265.548912446593     
  0.216000000000000        261.231484088040     
  0.217000000000000        256.736953841350     
  0.218000000000000        255.637354140023     
  0.219000000000000        249.965914055247     
  0.220000000000000        247.148199944262     
  0.221000000000000        247.359372754986     
  0.222000000000000        245.789300560660     
  0.223000000000000        243.984904763887     
  0.224000000000000        243.269209844540     
  0.225000000000000        244.716854249875     
  0.226000000000000        246.183027170148     
  0.227000000000000        241.887729386374     
  0.228000000000000        242.167693292954     
  0.229000000000000        241.778562856253     
  0.230000000000000        241.043153306199     
  0.231000000000000        239.352404672216     
  0.232000000000000        233.219470821409     
  0.233000000000000        232.023806462784     
  0.234000000000000        229.735777068420     
  0.235000000000000        224.847067366776     
  0.236000000000000        222.285765010411     
  0.237000000000000        214.851682769658     
  0.238000000000000        206.687263161164     
  0.239000000000000        207.253694055428     
  0.240000000000000        197.271953211569     
  0.241000000000000        195.649785477834     
  0.242000000000000        191.675812589215     
  0.243000000000000        192.398905062635     
  0.244000000000000        191.802992932717     
  0.245000000000000        187.473722771310     
  0.246000000000000        183.578028493652     
  0.247000000000000        177.249743996967     
  0.248000000000000        174.768080557943     
  0.249000000000000        173.771335892548     
  0.250000000000000        165.248143972036     
  0.251000000000000        164.365642222676     
  0.252000000000000        153.046707241926     
  0.253000000000000        150.070829620954     
  0.254000000000000        139.347243822835     
  0.255000000000000        133.977804209098     
  0.256000000000000        127.130768331442     
  0.257000000000000        118.814551698974     
  0.258000000000000        114.901945496401     
  0.259000000000000        104.987746459043     
  0.260000000000000        103.363839733854     
  0.261000000000000        95.3258101967324     
  0.262000000000000        91.5268014796354     
  0.263000000000000        81.5863570196291     
  0.264000000000000        79.3695953612007     
  0.265000000000000        78.3360722724830     
  0.266000000000000        74.7887869301899     
  0.267000000000000        73.0061674574207     
  0.268000000000000        71.7584025205738     
  0.269000000000000        68.1656906885010     
  0.270000000000000        66.5470106477650     
  0.271000000000000        65.4404021469625     
  0.272000000000000        62.1838820109287     
  0.273000000000000        61.4331298847927     
  0.274000000000000        59.4941581650055     
  0.275000000000000        58.1534118837163     
  0.276000000000000        56.8150762717725     
  0.277000000000000        54.9342781610412     
  0.278000000000000        53.4123052318592     
  0.279000000000000        52.5815669685432     
  0.280000000000000        52.0450737811221     
  0.281000000000000        47.9559211429827     
  0.282000000000000        43.8767608426780     
  0.283000000000000        41.3743571865548     
  0.284000000000000        39.5681252902788     
  0.285000000000000        36.6780154485514     
  0.286000000000000        35.6356652255282     
  0.287000000000000        34.0292009852926     
  0.288000000000000        31.3982556118535     
  0.289000000000000        29.9081868519219     
  0.290000000000000        26.3680968115521     
  0.291000000000000        25.4042456655510     
  0.292000000000000        24.3325073670739     
  0.293000000000000        23.4587989369912     
  0.294000000000000        21.4382248549327     
  0.295000000000000        20.4116667192645     
  0.296000000000000        19.3800027146181     
  0.297000000000000        18.2046401207635     
  0.298000000000000        17.0541907615414     
  0.299000000000000        16.6237697083320     
  0.300000000000000        16.1398190778369     
  0.301000000000000        15.2637051389561     
  0.302000000000000        14.6120946364909     
  0.303000000000000        14.1971047383984     
  0.304000000000000        13.8924603034912     
  0.305000000000000        13.4363201684864     
  0.306000000000000        12.8379737690189     
  0.307000000000000        12.2657472016905     
  0.308000000000000        12.3224941528432     
  0.309000000000000        12.2720273094580     
  0.310000000000000        11.5040229969841     
  0.311000000000000        10.9427407490166     
  0.312000000000000        10.6146294403083     
  0.313000000000000        10.1294131375456     
  0.314000000000000        9.41988796604674     
  0.315000000000000        9.11478947898644     
  0.316000000000000        9.09514900285085     
  0.317000000000000        9.13613668757537     
  0.318000000000000        9.05442733737735     
  0.319000000000000        8.94022248530017     
  0.320000000000000        8.93566614319778     
  0.321000000000000        8.93532556040871     
  0.322000000000000        8.91599448571473     
  0.323000000000000        8.77515125154973     
  0.324000000000000        8.79221052518189     
  0.325000000000000        7.93296476922706     
  0.326000000000000        7.96163403573435     
  0.327000000000000        7.89025370409439     
  0.328000000000000        7.98543347195712     
  0.329000000000000        7.95288493440179     
  0.330000000000000        7.51805251846170     
  0.331000000000000        7.41102691204258     
  0.332000000000000        7.25581405568761     
  0.333000000000000        7.12812497996705     
  0.334000000000000        7.01796773196965     
  0.335000000000000        7.04691817621024     
  0.336000000000000        7.06911618385246     
  0.337000000000000        7.22742568793773     
  0.338000000000000        7.21145868525397     
  0.339000000000000        7.32537546484256     
  0.340000000000000        7.16177195442880     
  0.341000000000000        7.19817979557103     
  0.342000000000000        7.28203151164826     
  0.343000000000000        7.39323470265808     
  0.344000000000000        7.45629103316088     
  0.345000000000000        7.41198620410888     
  0.346000000000000        7.33224275039602     
  0.347000000000000        7.06311464924813     
  0.348000000000000        6.74499345996401     
  0.349000000000000        6.65184542064561     
  0.350000000000000        6.35966379066356     
  0.351000000000000        6.23167738460545     
  0.352000000000000        6.20971289018834     
  0.353000000000000        5.95203054991116     
  0.354000000000000        5.93874552774666     
  0.355000000000000        5.92232581195251     
  0.356000000000000        5.97606751884821     
  0.357000000000000        6.02413941541964     
  0.358000000000000        5.99451437551880     
  0.359000000000000        6.05907354540157     
  0.360000000000000        6.12840393590759     
  0.361000000000000        6.23245593933654     
  0.362000000000000        6.31399842123587     
  0.363000000000000        6.44511495988353     
  0.364000000000000        6.55771987345291     
  0.365000000000000        6.71046713453071     
  0.366000000000000        6.79056299540227     
  0.367000000000000        6.88155343894479     
  0.368000000000000        7.00826020085922     
  0.369000000000000        7.09049501895434     
  0.370000000000000        7.20860983962403     
  0.371000000000000        7.32984762060587     
  0.372000000000000        7.43184458155820     
  0.373000000000000        7.50878136522291     
  0.374000000000000        7.33240385135558     
  0.375000000000000        7.06159490483669     
  0.376000000000000        6.88264852746785     
  0.377000000000000        6.73142145605495     
  0.378000000000000        6.86931893772684     
  0.379000000000000        7.00853707756749     
  0.380000000000000        6.82075021291961     
  0.381000000000000        6.74687258718721     
  0.382000000000000        6.72141232410473     
  0.383000000000000        6.75049376361212     
  0.384000000000000        6.57666673383466     
  0.385000000000000        6.52496229792645     
  0.386000000000000        6.47819363058802     
  0.387000000000000        6.06275005447325     
  0.388000000000000        6.03843610266041     
  0.389000000000000        6.06857922906854     
  0.390000000000000        6.17061050631657     
  0.391000000000000        6.09765290683675     
  0.392000000000000        5.90338557936645     
  0.393000000000000        5.78970767852622     
  0.394000000000000        5.77071542822991     
  0.395000000000000        5.74157642041703     
  0.396000000000000        5.54124673124583     
  0.397000000000000        5.46998684018082     
  0.398000000000000        5.50138684017234     
  0.399000000000000        5.44059628173214     
  0.400000000000000        5.42296302900758     
  0.401000000000000        5.46481984631522     
  0.402000000000000        5.42364794625386     
  0.403000000000000        5.42585975371485     
  0.404000000000000        5.44399130784759     
  0.405000000000000        5.52859775614099     
  0.406000000000000        5.63057726776330     
  0.407000000000000        5.73660391834596     
  0.408000000000000        5.85154575466103     
  0.409000000000000        5.90725427225451     
  0.410000000000000        5.93445199087894     
  0.411000000000000        5.98951690666918     
  0.412000000000000        6.02122505411311     
  0.413000000000000        5.74700286655072     
  0.414000000000000        5.26062532719896     
  0.415000000000000        5.24318572733790     
  0.416000000000000        5.08219726334291     
  0.417000000000000        5.02356606202375     
  0.418000000000000        4.85592417268999     
  0.419000000000000        4.67654292040729     
  0.420000000000000        4.63143809963637     
  0.421000000000000        4.62031673684051     
  0.422000000000000        4.56558332530580     
  0.423000000000000        4.25897630061349     
  0.424000000000000        4.24413743743284     
  0.425000000000000        4.21075852581127     
  0.426000000000000        4.16132143416323     
  0.427000000000000        4.15624307795201     
  0.428000000000000        4.16181640850851     
  0.429000000000000        4.20290908530579     
  0.430000000000000        4.22466123710532     
  0.431000000000000        4.29877116103493     
  0.432000000000000        4.35597793724843     
  0.433000000000000        4.43167523410267     
  0.434000000000000        4.44140684194347     
  0.435000000000000        4.47706184428247     
  0.436000000000000        4.28225121401840     
