 0.00000000E+00  0.49997646E+00 -0.15192397E-01
 0.15491933E-02  0.49992939E+00 -0.30384794E-01
 0.30983867E-02  0.49985878E+00 -0.45577191E-01
 0.46475800E-02  0.49976464E+00 -0.60769587E-01
 0.61967734E-02  0.49964696E+00 -0.75961984E-01
 0.77459667E-02  0.49950574E+00 -0.91154381E-01
 0.92951600E-02  0.49934099E+00 -0.10634678E+00
 0.10844353E-01  0.49915271E+00 -0.12153917E+00
 0.12393547E-01  0.49894088E+00 -0.13673157E+00
 0.13942740E-01  0.49870552E+00 -0.15192397E+00
 0.15491933E-01  0.49844663E+00 -0.16711637E+00
 0.17041127E-01  0.49816420E+00 -0.18230876E+00
 0.18590320E-01  0.49785823E+00 -0.19750116E+00
 0.20139513E-01  0.49752872E+00 -0.21269356E+00
 0.21688707E-01  0.49717568E+00 -0.22788595E+00
 0.23237900E-01  0.49679911E+00 -0.24307835E+00
 0.24787093E-01  0.49639900E+00 -0.25827075E+00
 0.26336287E-01  0.49597535E+00 -0.27346314E+00
 0.27885480E-01  0.49552817E+00 -0.28865554E+00
 0.29434673E-01  0.49505745E+00 -0.30384794E+00
 0.30983867E-01  0.49456319E+00 -0.31904033E+00
 0.32533060E-01  0.49404540E+00 -0.33423273E+00
 0.34082253E-01  0.49350408E+00 -0.34942513E+00
 0.35631447E-01  0.49293921E+00 -0.36461752E+00
 0.37180640E-01  0.49235081E+00 -0.37980992E+00
 0.38729833E-01  0.49173888E+00 -0.39500232E+00
 0.40279027E-01  0.49110341E+00 -0.41019472E+00
 0.41828220E-01  0.49044440E+00 -0.42538711E+00
 0.43377413E-01  0.48976186E+00 -0.44057951E+00
 0.44926607E-01  0.48905578E+00 -0.45577191E+00
 0.46475800E-01  0.48832616E+00 -0.47096430E+00
 0.48024993E-01  0.48757301E+00 -0.48615670E+00
 0.49574187E-01  0.48679633E+00 -0.50134910E+00
 0.51123380E-01  0.48599610E+00 -0.51654149E+00
 0.52672574E-01  0.48517235E+00 -0.53173389E+00
 0.54221767E-01  0.48432505E+00 -0.54692629E+00
 0.55770960E-01  0.48345422E+00 -0.56211868E+00
 0.57320154E-01  0.48255985E+00 -0.57731108E+00
 0.58869347E-01  0.48164195E+00 -0.59250348E+00
 0.60418540E-01  0.48070051E+00 -0.60769587E+00
 0.61967734E-01  0.47973554E+00 -0.62288827E+00
 0.63516927E-01  0.47874703E+00 -0.63808067E+00
 0.65066120E-01  0.47773498E+00 -0.65327306E+00
 0.66615314E-01  0.47669940E+00 -0.66846546E+00
 0.68164507E-01  0.47564028E+00 -0.68365786E+00
 0.69713700E-01  0.47455763E+00 -0.69885026E+00
 0.71262894E-01  0.47345144E+00 -0.71404265E+00
 0.72812087E-01  0.47232171E+00 -0.72923505E+00
 0.74361280E-01  0.47116845E+00 -0.74442745E+00
 0.75910474E-01  0.46999165E+00 -0.75961984E+00
 0.77459667E-01  0.46879132E+00 -0.77481224E+00
 0.79008860E-01  0.46756745E+00 -0.79000464E+00
 0.80558054E-01  0.46632004E+00 -0.80519703E+00
 0.82107247E-01  0.46504910E+00 -0.82038943E+00
 0.83656440E-01  0.46375462E+00 -0.83558183E+00
 0.85205634E-01  0.46243661E+00 -0.85077422E+00
 0.86754827E-01  0.46109506E+00 -0.86596662E+00
 0.88304020E-01  0.45972997E+00 -0.88115902E+00
 0.89853214E-01  0.45834135E+00 -0.89635141E+00
 0.91402407E-01  0.45692919E+00 -0.91154381E+00
 0.92951600E-01  0.45549350E+00 -0.92673621E+00
 0.94500794E-01  0.45403427E+00 -0.94192860E+00
 0.96049987E-01  0.45255150E+00 -0.95712100E+00
 0.97599180E-01  0.45104520E+00 -0.97231340E+00
 0.99148374E-01  0.44951537E+00 -0.98750580E+00
 0.10069757E+00  0.44796199E+00 -0.10026982E+01
 0.10224676E+00  0.44638508E+00 -0.10178906E+01
 0.10379595E+00  0.44478464E+00 -0.10330830E+01
 0.10534515E+00  0.44316066E+00 -0.10482754E+01
 0.10689434E+00  0.44151314E+00 -0.10634678E+01
 0.10844353E+00  0.43984209E+00 -0.10786602E+01
 0.10999273E+00  0.43814750E+00 -0.10938526E+01
 0.11154192E+00  0.43642937E+00 -0.11090450E+01
 0.11309111E+00  0.43468771E+00 -0.11242374E+01
 0.11464031E+00  0.43292251E+00 -0.11394298E+01
 0.11618950E+00  0.43113378E+00 -0.11546222E+01
 0.11773869E+00  0.42932151E+00 -0.11698146E+01
 0.11928789E+00  0.42748571E+00 -0.11850070E+01
 0.12083708E+00  0.42562637E+00 -0.12001994E+01
 0.12238627E+00  0.42374349E+00 -0.12153917E+01
 0.12393547E+00  0.42183708E+00 -0.12305841E+01
 0.12548466E+00  0.41990713E+00 -0.12457765E+01
 0.12703385E+00  0.41795364E+00 -0.12609689E+01
 0.12858305E+00  0.41597662E+00 -0.12761613E+01
 0.13013224E+00  0.41397607E+00 -0.12913537E+01
 0.13168143E+00  0.41195197E+00 -0.13065461E+01
 0.13323063E+00  0.40990435E+00 -0.13217385E+01
 0.13477982E+00  0.40783318E+00 -0.13369309E+01
 0.13632901E+00  0.40573848E+00 -0.13521233E+01
 0.13787821E+00  0.40362024E+00 -0.13673157E+01
 0.13942740E+00  0.40147847E+00 -0.13825081E+01
 0.14097659E+00  0.39931316E+00 -0.13977005E+01
 0.14252579E+00  0.39712432E+00 -0.14128929E+01
 0.14407498E+00  0.39491194E+00 -0.14280853E+01
 0.14562417E+00  0.39267602E+00 -0.14432777E+01
 0.14717337E+00  0.39041657E+00 -0.14584701E+01
 0.14872256E+00  0.38813358E+00 -0.14736625E+01
 0.15027175E+00  0.38582706E+00 -0.14888549E+01
 0.15182095E+00  0.38349700E+00 -0.15040473E+01
 0.15337014E+00  0.38114340E+00 -0.15192397E+01
 0.15491933E+00  0.37876627E+00 -0.15344321E+01
 0.15646853E+00  0.37636560E+00 -0.15496245E+01
 0.15801772E+00  0.37394140E+00 -0.15648169E+01
 0.15956691E+00  0.37149366E+00 -0.15800093E+01
 0.16111611E+00  0.36902238E+00 -0.15952017E+01
 0.16266530E+00  0.36652757E+00 -0.16103941E+01
 0.16421449E+00  0.36400922E+00 -0.16255865E+01
 0.16576369E+00  0.36146734E+00 -0.16407789E+01
 0.16731288E+00  0.35890192E+00 -0.16559713E+01
 0.16886207E+00  0.35631296E+00 -0.16711637E+01
 0.17041127E+00  0.35370047E+00 -0.16863561E+01
 0.17196046E+00  0.35106445E+00 -0.17015484E+01
 0.17350965E+00  0.34840488E+00 -0.17167408E+01
 0.17505885E+00  0.34572178E+00 -0.17319332E+01
 0.17660804E+00  0.34301515E+00 -0.17471256E+01
 0.17815723E+00  0.34028498E+00 -0.17623180E+01
 0.17970643E+00  0.33753127E+00 -0.17775104E+01
 0.18125562E+00  0.33475402E+00 -0.17927028E+01
 0.18280481E+00  0.33195325E+00 -0.18078952E+01
 0.18435401E+00  0.32912893E+00 -0.18230876E+01
 0.18590320E+00  0.32628108E+00 -0.18382800E+01
 0.18745239E+00  0.32340969E+00 -0.18534724E+01
 0.18900159E+00  0.32051477E+00 -0.18686648E+01
 0.19055078E+00  0.31759631E+00 -0.18838572E+01
 0.19209997E+00  0.31465431E+00 -0.18990496E+01
 0.19364917E+00  0.31168878E+00 -0.19142420E+01
 0.19519836E+00  0.30869972E+00 -0.19294344E+01
 0.19674755E+00  0.30568711E+00 -0.19446268E+01
 0.19829675E+00  0.30265098E+00 -0.19598192E+01
 0.19984594E+00  0.29959130E+00 -0.19750116E+01
 0.20139513E+00  0.29650809E+00 -0.19902040E+01
 0.20294433E+00  0.29340134E+00 -0.20053964E+01
 0.20449352E+00  0.29027106E+00 -0.20205888E+01
 0.20604271E+00  0.28711724E+00 -0.20357812E+01
 0.20759191E+00  0.28393989E+00 -0.20509736E+01
 0.20914110E+00  0.28073900E+00 -0.20661660E+01
 0.21069029E+00  0.27751457E+00 -0.20813584E+01
 0.21223949E+00  0.27426661E+00 -0.20965508E+01
 0.21378868E+00  0.27099511E+00 -0.21117432E+01
 0.21533787E+00  0.26770007E+00 -0.21269356E+01
 0.21688707E+00  0.26438150E+00 -0.21421280E+01
 0.21843626E+00  0.26103940E+00 -0.21573204E+01
 0.21998545E+00  0.25767376E+00 -0.21725127E+01
 0.22153465E+00  0.25428458E+00 -0.21877051E+01
 0.22308384E+00  0.25087186E+00 -0.22028975E+01
 0.22463303E+00  0.24743561E+00 -0.22180899E+01
 0.22618223E+00  0.24397583E+00 -0.22332823E+01
 0.22773142E+00  0.24049251E+00 -0.22484747E+01
 0.22928061E+00  0.23698565E+00 -0.22636671E+01
 0.23082981E+00  0.23345525E+00 -0.22788595E+01
 0.23237900E+00  0.22990132E+00 -0.22940519E+01
 0.23392819E+00  0.22632386E+00 -0.23092443E+01
 0.23547739E+00  0.22272286E+00 -0.23244367E+01
 0.23702658E+00  0.21909832E+00 -0.23396291E+01
 0.23857577E+00  0.21545024E+00 -0.23548215E+01
 0.24012497E+00  0.21177863E+00 -0.23700139E+01
 0.24167416E+00  0.20808349E+00 -0.23852063E+01
 0.24322335E+00  0.20436481E+00 -0.24003987E+01
 0.24477255E+00  0.20062259E+00 -0.24155911E+01
 0.24632174E+00  0.19685684E+00 -0.24307835E+01
 0.24787093E+00  0.19306755E+00 -0.24459759E+01
 0.24942013E+00  0.18925472E+00 -0.24611683E+01
 0.25096932E+00  0.18541836E+00 -0.24763607E+01
 0.25251851E+00  0.18155846E+00 -0.24915531E+01
 0.25406771E+00  0.17767503E+00 -0.25067455E+01
 0.25561690E+00  0.17376806E+00 -0.25219379E+01
 0.25716609E+00  0.16983755E+00 -0.25371303E+01
 0.25871529E+00  0.16588351E+00 -0.25523227E+01
 0.26026448E+00  0.16190593E+00 -0.25675151E+01
 0.26181367E+00  0.15790482E+00 -0.25827075E+01
 0.26336287E+00  0.15388017E+00 -0.25978999E+01
 0.26491206E+00  0.14983199E+00 -0.26130923E+01
 0.26646125E+00  0.14576027E+00 -0.26282847E+01
 0.26801045E+00  0.14166501E+00 -0.26434771E+01
 0.26955964E+00  0.13754622E+00 -0.26586694E+01
 0.27110883E+00  0.13340389E+00 -0.26738618E+01
 0.27265803E+00  0.12923802E+00 -0.26890542E+01
 0.27420722E+00  0.12504862E+00 -0.27042466E+01
 0.27575641E+00  0.12083568E+00 -0.27194390E+01
 0.27730561E+00  0.11659921E+00 -0.27346314E+01
 0.27885480E+00  0.11233920E+00 -0.27498238E+01
 0.28040399E+00  0.10805566E+00 -0.27650162E+01
 0.28195319E+00  0.10374858E+00 -0.27802086E+01
 0.28350238E+00  0.99417961E-01 -0.27954010E+01
 0.28505157E+00  0.95063808E-01 -0.28105934E+01
 0.28660077E+00  0.90686120E-01 -0.28257858E+01
 0.28814996E+00  0.86284895E-01 -0.28409782E+01
 0.28969915E+00  0.81860135E-01 -0.28561706E+01
 0.29124835E+00  0.77411838E-01 -0.28713630E+01
 0.29279754E+00  0.72940006E-01 -0.28865554E+01
 0.29434673E+00  0.68444637E-01 -0.29017478E+01
 0.29589593E+00  0.63925733E-01 -0.29169402E+01
 0.29744512E+00  0.59383293E-01 -0.29321326E+01
 0.29899431E+00  0.54817317E-01 -0.29473250E+01
 0.30054351E+00  0.50227804E-01 -0.29625174E+01
 0.30209270E+00  0.45614756E-01 -0.29777098E+01
 0.30364189E+00  0.40978172E-01 -0.29929022E+01
 0.30519109E+00  0.36318052E-01 -0.30080946E+01
 0.30674028E+00  0.31634396E-01 -0.30232870E+01
 0.30828947E+00  0.26927204E-01 -0.30384794E+01
 0.30983867E+00  0.22196476E-01 -0.30536718E+01
 0.31138786E+00  0.22184708E-01  0.30536718E+01
 0.31293705E+00  0.26891900E-01  0.30384794E+01
 0.31448625E+00  0.31575556E-01  0.30232870E+01
 0.31603544E+00  0.36235676E-01  0.30080946E+01
 0.31758463E+00  0.40872260E-01  0.29929022E+01
 0.31913383E+00  0.45485308E-01  0.29777098E+01
 0.32068302E+00  0.50074821E-01  0.29625174E+01
 0.32223221E+00  0.54640797E-01  0.29473250E+01
 0.32378141E+00  0.59183237E-01  0.29321326E+01
 0.32533060E+00  0.63702141E-01  0.29169402E+01
 0.32687979E+00  0.68197510E-01  0.29017478E+01
 0.32842899E+00  0.72669342E-01  0.28865554E+01
 0.32997818E+00  0.77117639E-01  0.28713630E+01
 0.33152737E+00  0.81542399E-01  0.28561706E+01
 0.33307657E+00  0.85943624E-01  0.28409782E+01
 0.33462576E+00  0.90321312E-01  0.28257858E+01
 0.33617495E+00  0.94675465E-01  0.28105934E+01
 0.33772415E+00  0.99006081E-01  0.27954010E+01
 0.33927334E+00  0.10331316E+00  0.27802086E+01
 0.34082253E+00  0.10759671E+00  0.27650162E+01
 0.34237173E+00  0.11185672E+00  0.27498238E+01
 0.34392092E+00  0.11609319E+00  0.27346314E+01
 0.34547011E+00  0.12030613E+00  0.27194390E+01
 0.34701931E+00  0.12449553E+00  0.27042466E+01
 0.34856850E+00  0.12866139E+00  0.26890542E+01
 0.35011769E+00  0.13280372E+00  0.26738618E+01
 0.35166689E+00  0.13692251E+00  0.26586694E+01
 0.35321608E+00  0.14101777E+00  0.26434771E+01
 0.35476527E+00  0.14508949E+00  0.26282847E+01
 0.35631447E+00  0.14913768E+00  0.26130923E+01
 0.35786366E+00  0.15316233E+00  0.25978999E+01
 0.35941285E+00  0.15716344E+00  0.25827075E+01
 0.36096205E+00  0.16114102E+00  0.25675151E+01
 0.36251124E+00  0.16509506E+00  0.25523227E+01
 0.36406043E+00  0.16902556E+00  0.25371303E+01
 0.36560963E+00  0.17293253E+00  0.25219379E+01
 0.36715882E+00  0.17681597E+00  0.25067455E+01
 0.36870801E+00  0.18067586E+00  0.24915531E+01
 0.37025721E+00  0.18451222E+00  0.24763607E+01
 0.37180640E+00  0.18832505E+00  0.24611683E+01
 0.37335559E+00  0.19211434E+00  0.24459759E+01
 0.37490479E+00  0.19588009E+00  0.24307835E+01
 0.37645398E+00  0.19962231E+00  0.24155911E+01
 0.37800317E+00  0.20334099E+00  0.24003987E+01
 0.37955237E+00  0.20703614E+00  0.23852063E+01
 0.38110156E+00  0.21070775E+00  0.23700139E+01
 0.38265075E+00  0.21435582E+00  0.23548215E+01
 0.38419995E+00  0.21798036E+00  0.23396291E+01
 0.38574914E+00  0.22158136E+00  0.23244367E+01
 0.38729833E+00  0.22515883E+00  0.23092443E+01
 0.38884753E+00  0.22871276E+00  0.22940519E+01
 0.39039672E+00  0.23224315E+00  0.22788595E+01
 0.39194591E+00  0.23575001E+00  0.22636671E+01
 0.39349511E+00  0.23923333E+00  0.22484747E+01
 0.39504430E+00  0.24269312E+00  0.22332823E+01
 0.39659349E+00  0.24612937E+00  0.22180899E+01
 0.39814269E+00  0.24954208E+00  0.22028975E+01
 0.39969188E+00  0.25293126E+00  0.21877051E+01
 0.40124107E+00  0.25629690E+00  0.21725127E+01
 0.40279027E+00  0.25963901E+00  0.21573204E+01
 0.40433946E+00  0.26295758E+00  0.21421280E+01
 0.40588865E+00  0.26625261E+00  0.21269356E+01
 0.40743785E+00  0.26952411E+00  0.21117432E+01
 0.40898704E+00  0.27277207E+00  0.20965508E+01
 0.41053623E+00  0.27599650E+00  0.20813584E+01
 0.41208543E+00  0.27919739E+00  0.20661660E+01
 0.41363462E+00  0.28237475E+00  0.20509736E+01
 0.41518381E+00  0.28552856E+00  0.20357812E+01
 0.41673301E+00  0.28865885E+00  0.20205888E+01
 0.41828220E+00  0.29176559E+00  0.20053964E+01
 0.41983139E+00  0.29484880E+00  0.19902040E+01
 0.42138059E+00  0.29790848E+00  0.19750116E+01
 0.42292978E+00  0.30094462E+00  0.19598192E+01
 0.42447897E+00  0.30395722E+00  0.19446268E+01
 0.42602817E+00  0.30694629E+00  0.19294344E+01
 0.42757736E+00  0.30991182E+00  0.19142420E+01
 0.42912655E+00  0.31285381E+00  0.18990496E+01
 0.43067575E+00  0.31577227E+00  0.18838572E+01
 0.43222494E+00  0.31866720E+00  0.18686648E+01
 0.43377413E+00  0.32153858E+00  0.18534724E+01
 0.43532333E+00  0.32438643E+00  0.18382800E+01
 0.43687252E+00  0.32721075E+00  0.18230876E+01
 0.43842171E+00  0.33001153E+00  0.18078952E+01
 0.43997091E+00  0.33278877E+00  0.17927028E+01
 0.44152010E+00  0.33554248E+00  0.17775104E+01
 0.44306929E+00  0.33827265E+00  0.17623180E+01
 0.44461849E+00  0.34097929E+00  0.17471256E+01
 0.44616768E+00  0.34366239E+00  0.17319332E+01
 0.44771687E+00  0.34632195E+00  0.17167408E+01
 0.44926607E+00  0.34895798E+00  0.17015484E+01
 0.45081526E+00  0.35157047E+00  0.16863561E+01
 0.45236445E+00  0.35415942E+00  0.16711637E+01
 0.45391365E+00  0.35672484E+00  0.16559713E+01
 0.45546284E+00  0.35926673E+00  0.16407789E+01
 0.45701203E+00  0.36178507E+00  0.16255865E+01
 0.45856123E+00  0.36427989E+00  0.16103941E+01
 0.46011042E+00  0.36675116E+00  0.15952017E+01
 0.46165961E+00  0.36919890E+00  0.15800093E+01
 0.46320881E+00  0.37162311E+00  0.15648169E+01
 0.46475800E+00  0.37402377E+00  0.15496245E+01
 0.46630719E+00  0.37640091E+00  0.15344321E+01
 0.46785639E+00  0.37875450E+00  0.15192397E+01
 0.46940558E+00  0.38108456E+00  0.15040473E+01
 0.47095477E+00  0.38339109E+00  0.14888549E+01
 0.47250397E+00  0.38567407E+00  0.14736625E+01
 0.47405316E+00  0.38793353E+00  0.14584701E+01
 0.47560235E+00  0.39016944E+00  0.14432777E+01
 0.47715155E+00  0.39238182E+00  0.14280853E+01
 0.47870074E+00  0.39457067E+00  0.14128929E+01
 0.48024993E+00  0.39673598E+00  0.13977005E+01
 0.48179913E+00  0.39887775E+00  0.13825081E+01
 0.48334832E+00  0.40099598E+00  0.13673157E+01
 0.48489751E+00  0.40309068E+00  0.13521233E+01
 0.48644671E+00  0.40516185E+00  0.13369309E+01
 0.48799590E+00  0.40720948E+00  0.13217385E+01
 0.48954509E+00  0.40923357E+00  0.13065461E+01
 0.49109429E+00  0.41123413E+00  0.12913537E+01
 0.49264348E+00  0.41321115E+00  0.12761613E+01
 0.49419267E+00  0.41516463E+00  0.12609689E+01
 0.49574187E+00  0.41709458E+00  0.12457765E+01
 0.49729106E+00  0.41900099E+00  0.12305841E+01
 0.49884025E+00  0.42088387E+00  0.12153917E+01
 0.50038945E+00  0.42274321E+00  0.12001994E+01
 0.50193864E+00  0.42457902E+00  0.11850070E+01
 0.50348784E+00  0.42639129E+00  0.11698146E+01
 0.50503703E+00  0.42818002E+00  0.11546222E+01
 0.50658622E+00  0.42994522E+00  0.11394298E+01
 0.50813542E+00  0.43168688E+00  0.11242374E+01
 0.50968461E+00  0.43340500E+00  0.11090450E+01
 0.51123380E+00  0.43509959E+00  0.10938526E+01
 0.51278300E+00  0.43677064E+00  0.10786602E+01
 0.51433219E+00  0.43841816E+00  0.10634678E+01
 0.51588138E+00  0.44004214E+00  0.10482754E+01
 0.51743058E+00  0.44164259E+00  0.10330830E+01
 0.51897977E+00  0.44321950E+00  0.10178906E+01
 0.52052896E+00  0.44477287E+00  0.10026982E+01
 0.52207816E+00  0.44630271E+00  0.98750580E+00
 0.52362735E+00  0.44780901E+00  0.97231340E+00
 0.52517654E+00  0.44929177E+00  0.95712100E+00
 0.52672574E+00  0.45075100E+00  0.94192860E+00
 0.52827493E+00  0.45218670E+00  0.92673621E+00
 0.52982412E+00  0.45359885E+00  0.91154381E+00
 0.53137332E+00  0.45498748E+00  0.89635141E+00
 0.53292251E+00  0.45635256E+00  0.88115902E+00
 0.53447170E+00  0.45769411E+00  0.86596662E+00
 0.53602090E+00  0.45901213E+00  0.85077422E+00
 0.53757009E+00  0.46030660E+00  0.83558183E+00
 0.53911928E+00  0.46157755E+00  0.82038943E+00
 0.54066848E+00  0.46282495E+00  0.80519703E+00
 0.54221767E+00  0.46404882E+00  0.79000464E+00
 0.54376686E+00  0.46524916E+00  0.77481224E+00
 0.54531606E+00  0.46642595E+00  0.75961984E+00
 0.54686525E+00  0.46757922E+00  0.74442745E+00
 0.54841444E+00  0.46870894E+00  0.72923505E+00
 0.54996364E+00  0.46981513E+00  0.71404265E+00
 0.55151283E+00  0.47089779E+00  0.69885026E+00
 0.55306202E+00  0.47195690E+00  0.68365786E+00
 0.55461122E+00  0.47299249E+00  0.66846546E+00
 0.55616041E+00  0.47400453E+00  0.65327306E+00
 0.55770960E+00  0.47499304E+00  0.63808067E+00
 0.55925880E+00  0.47595802E+00  0.62288827E+00
 0.56080799E+00  0.47689946E+00  0.60769587E+00
 0.56235718E+00  0.47781736E+00  0.59250348E+00
 0.56390638E+00  0.47871172E+00  0.57731108E+00
 0.56545557E+00  0.47958255E+00  0.56211868E+00
 0.56700476E+00  0.48042985E+00  0.54692629E+00
 0.56855396E+00  0.48125361E+00  0.53173389E+00
 0.57010315E+00  0.48205383E+00  0.51654149E+00
 0.57165234E+00  0.48283052E+00  0.50134910E+00
 0.57320154E+00  0.48358367E+00  0.48615670E+00
 0.57475073E+00  0.48431328E+00  0.47096430E+00
 0.57629992E+00  0.48501936E+00  0.45577191E+00
 0.57784912E+00  0.48570190E+00  0.44057951E+00
 0.57939831E+00  0.48636091E+00  0.42538711E+00
 0.58094750E+00  0.48699638E+00  0.41019472E+00
 0.58249670E+00  0.48760832E+00  0.39500232E+00
 0.58404589E+00  0.48819672E+00  0.37980992E+00
 0.58559508E+00  0.48876158E+00  0.36461752E+00
 0.58714428E+00  0.48930291E+00  0.34942513E+00
 0.58869347E+00  0.48982070E+00  0.33423273E+00
 0.59024266E+00  0.49031495E+00  0.31904033E+00
 0.59179186E+00  0.49078567E+00  0.30384794E+00
 0.59334105E+00  0.49123285E+00  0.28865554E+00
 0.59489024E+00  0.49165650E+00  0.27346314E+00
 0.59643944E+00  0.49205661E+00  0.25827075E+00
 0.59798863E+00  0.49243319E+00  0.24307835E+00
 0.59953782E+00  0.49278623E+00  0.22788595E+00
 0.60108702E+00  0.49311573E+00  0.21269356E+00
 0.60263621E+00  0.49342170E+00  0.19750116E+00
 0.60418540E+00  0.49370413E+00  0.18230876E+00
 0.60573460E+00  0.49396303E+00  0.16711637E+00
 0.60728379E+00  0.49419839E+00  0.15192397E+00
 0.60883298E+00  0.49441021E+00  0.13673157E+00
 0.61038218E+00  0.49459850E+00  0.12153917E+00
 0.61193137E+00  0.49476325E+00  0.10634678E+00
 0.61348056E+00  0.49490446E+00  0.91154381E-01
 0.61502976E+00  0.49502214E+00  0.75961984E-01
 0.61657895E+00  0.49511629E+00  0.60769587E-01
 0.61812814E+00  0.49518690E+00  0.45577191E-01
 0.61967734E+00  0.49523397E+00  0.30384794E-01
 0.62122653E+00  0.49525750E+00  0.15192397E-01
 0.62277572E+00  0.49525750E+00 -0.22788760E-10
 0.62432492E+00  0.49523397E+00 -0.15192397E-01
 0.62587411E+00  0.49518690E+00 -0.30384794E-01
 0.62742330E+00  0.49511629E+00 -0.45577191E-01
 0.62897250E+00  0.49502214E+00 -0.60769587E-01
 0.63052169E+00  0.49490446E+00 -0.75961984E-01
 0.63207088E+00  0.49476325E+00 -0.91154381E-01
 0.63362008E+00  0.49459850E+00 -0.10634678E+00
 0.63516927E+00  0.49441021E+00 -0.12153917E+00
 0.63671846E+00  0.49419839E+00 -0.13673157E+00
 0.63826766E+00  0.49396303E+00 -0.15192397E+00
 0.63981685E+00  0.49370413E+00 -0.16711637E+00
 0.64136604E+00  0.49342170E+00 -0.18230876E+00
 0.64291524E+00  0.49311573E+00 -0.19750116E+00
 0.64446443E+00  0.49278623E+00 -0.21269356E+00
 0.64601362E+00  0.49243319E+00 -0.22788595E+00
 0.64756282E+00  0.49205661E+00 -0.24307835E+00
 0.64911201E+00  0.49165650E+00 -0.25827075E+00
 0.65066120E+00  0.49123285E+00 -0.27346314E+00
 0.65221040E+00  0.49078567E+00 -0.28865554E+00
 0.65375959E+00  0.49031495E+00 -0.30384794E+00
 0.65530878E+00  0.48982070E+00 -0.31904033E+00
 0.65685798E+00  0.48930291E+00 -0.33423273E+00
 0.65840717E+00  0.48876158E+00 -0.34942513E+00
 0.65995636E+00  0.48819672E+00 -0.36461752E+00
 0.66150556E+00  0.48760832E+00 -0.37980992E+00
 0.66305475E+00  0.48699638E+00 -0.39500232E+00
 0.66460394E+00  0.48636091E+00 -0.41019472E+00
 0.66615314E+00  0.48570190E+00 -0.42538711E+00
 0.66770233E+00  0.48501936E+00 -0.44057951E+00
 0.66925152E+00  0.48431328E+00 -0.45577191E+00
 0.67080072E+00  0.48358367E+00 -0.47096430E+00
 0.67234991E+00  0.48283052E+00 -0.48615670E+00
 0.67389910E+00  0.48205383E+00 -0.50134910E+00
 0.67544830E+00  0.48125361E+00 -0.51654149E+00
 0.67699749E+00  0.48042985E+00 -0.53173389E+00
 0.67854668E+00  0.47958255E+00 -0.54692629E+00
 0.68009588E+00  0.47871172E+00 -0.56211868E+00
 0.68164507E+00  0.47781736E+00 -0.57731108E+00
 0.68319426E+00  0.47689946E+00 -0.59250348E+00
 0.68474346E+00  0.47595802E+00 -0.60769587E+00
 0.68629265E+00  0.47499304E+00 -0.62288827E+00
 0.68784184E+00  0.47400453E+00 -0.63808067E+00
 0.68939104E+00  0.47299249E+00 -0.65327306E+00
 0.69094023E+00  0.47195690E+00 -0.66846546E+00
 0.69248942E+00  0.47089779E+00 -0.68365786E+00
 0.69403862E+00  0.46981513E+00 -0.69885026E+00
 0.69558781E+00  0.46870894E+00 -0.71404265E+00
 0.69713700E+00  0.46757922E+00 -0.72923505E+00
 0.69868620E+00  0.46642595E+00 -0.74442745E+00
 0.70023539E+00  0.46524916E+00 -0.75961984E+00
 0.70178458E+00  0.46404882E+00 -0.77481224E+00
 0.70333378E+00  0.46282495E+00 -0.79000464E+00
 0.70488297E+00  0.46157755E+00 -0.80519703E+00
 0.70643216E+00  0.46030660E+00 -0.82038943E+00
 0.70798136E+00  0.45901213E+00 -0.83558183E+00
 0.70953055E+00  0.45769411E+00 -0.85077422E+00
 0.71107974E+00  0.45635256E+00 -0.86596662E+00
 0.71262894E+00  0.45498748E+00 -0.88115902E+00
 0.71417813E+00  0.45359885E+00 -0.89635141E+00
 0.71572732E+00  0.45218670E+00 -0.91154381E+00
 0.71727652E+00  0.45075100E+00 -0.92673621E+00
 0.71882571E+00  0.44929177E+00 -0.94192860E+00
 0.72037490E+00  0.44780901E+00 -0.95712100E+00
 0.72192410E+00  0.44630271E+00 -0.97231340E+00
 0.72347329E+00  0.44477287E+00 -0.98750580E+00
 0.72502248E+00  0.44321950E+00 -0.10026982E+01
 0.72657168E+00  0.44164259E+00 -0.10178906E+01
 0.72812087E+00  0.44004214E+00 -0.10330830E+01
 0.72967006E+00  0.43841816E+00 -0.10482754E+01
 0.73121926E+00  0.43677064E+00 -0.10634678E+01
 0.73276845E+00  0.43509959E+00 -0.10786602E+01
 0.73431764E+00  0.43340500E+00 -0.10938526E+01
 0.73586684E+00  0.43168688E+00 -0.11090450E+01
 0.73741603E+00  0.42994522E+00 -0.11242374E+01
 0.73896522E+00  0.42818002E+00 -0.11394298E+01
 0.74051442E+00  0.42639129E+00 -0.11546222E+01
 0.74206361E+00  0.42457902E+00 -0.11698146E+01
 0.74361280E+00  0.42274321E+00 -0.11850070E+01
 0.74516200E+00  0.42088387E+00 -0.12001994E+01
 0.74671119E+00  0.41900099E+00 -0.12153917E+01
 0.74826038E+00  0.41709458E+00 -0.12305841E+01
 0.74980958E+00  0.41516463E+00 -0.12457765E+01
 0.75135877E+00  0.41321115E+00 -0.12609689E+01
 0.75290796E+00  0.41123413E+00 -0.12761613E+01
 0.75445716E+00  0.40923357E+00 -0.12913537E+01
 0.75600635E+00  0.40720948E+00 -0.13065461E+01
 0.75755554E+00  0.40516185E+00 -0.13217385E+01
 0.75910474E+00  0.40309068E+00 -0.13369309E+01
 0.76065393E+00  0.40099598E+00 -0.13521233E+01
 0.76220312E+00  0.39887775E+00 -0.13673157E+01
 0.76375232E+00  0.39673598E+00 -0.13825081E+01
 0.76530151E+00  0.39457067E+00 -0.13977005E+01
 0.76685070E+00  0.39238182E+00 -0.14128929E+01
 0.76839990E+00  0.39016944E+00 -0.14280853E+01
 0.76994909E+00  0.38793353E+00 -0.14432777E+01
 0.77149828E+00  0.38567407E+00 -0.14584701E+01
 0.77304748E+00  0.38339109E+00 -0.14736625E+01
 0.77459667E+00  0.38108456E+00 -0.14888549E+01
 0.77614586E+00  0.37875450E+00 -0.15040473E+01
 0.77769506E+00  0.37640091E+00 -0.15192397E+01
 0.77924425E+00  0.37402377E+00 -0.15344321E+01
 0.78079344E+00  0.37162311E+00 -0.15496245E+01
 0.78234264E+00  0.36919890E+00 -0.15648169E+01
 0.78389183E+00  0.36675116E+00 -0.15800093E+01
 0.78544102E+00  0.36427989E+00 -0.15952017E+01
 0.78699022E+00  0.36178507E+00 -0.16103941E+01
 0.78853941E+00  0.35926673E+00 -0.16255865E+01
 0.79008860E+00  0.35672484E+00 -0.16407789E+01
 0.79163780E+00  0.35415942E+00 -0.16559713E+01
 0.79318699E+00  0.35157047E+00 -0.16711637E+01
 0.79473618E+00  0.34895798E+00 -0.16863561E+01
 0.79628538E+00  0.34632195E+00 -0.17015484E+01
 0.79783457E+00  0.34366239E+00 -0.17167408E+01
 0.79938376E+00  0.34097929E+00 -0.17319332E+01
 0.80093296E+00  0.33827265E+00 -0.17471256E+01
 0.80248215E+00  0.33554248E+00 -0.17623180E+01
 0.80403134E+00  0.33278877E+00 -0.17775104E+01
 0.80558054E+00  0.33001153E+00 -0.17927028E+01
 0.80712973E+00  0.32721075E+00 -0.18078952E+01
 0.80867892E+00  0.32438643E+00 -0.18230876E+01
 0.81022812E+00  0.32153858E+00 -0.18382800E+01
 0.81177731E+00  0.31866720E+00 -0.18534724E+01
 0.81332650E+00  0.31577227E+00 -0.18686648E+01
 0.81487570E+00  0.31285381E+00 -0.18838572E+01
 0.81642489E+00  0.30991182E+00 -0.18990496E+01
 0.81797408E+00  0.30694629E+00 -0.19142420E+01
 0.81952328E+00  0.30395722E+00 -0.19294344E+01
 0.82107247E+00  0.30094462E+00 -0.19446268E+01
 0.82262166E+00  0.29790848E+00 -0.19598192E+01
 0.82417086E+00  0.29484880E+00 -0.19750116E+01
 0.82572005E+00  0.29176559E+00 -0.19902040E+01
 0.82726924E+00  0.28865885E+00 -0.20053964E+01
 0.82881844E+00  0.28552856E+00 -0.20205888E+01
 0.83036763E+00  0.28237475E+00 -0.20357812E+01
 0.83191682E+00  0.27919739E+00 -0.20509736E+01
 0.83346602E+00  0.27599650E+00 -0.20661660E+01
 0.83501521E+00  0.27277207E+00 -0.20813584E+01
 0.83656440E+00  0.26952411E+00 -0.20965508E+01
 0.83811360E+00  0.26625261E+00 -0.21117432E+01
 0.83966279E+00  0.26295758E+00 -0.21269356E+01
 0.84121198E+00  0.25963901E+00 -0.21421280E+01
 0.84276118E+00  0.25629690E+00 -0.21573204E+01
 0.84431037E+00  0.25293126E+00 -0.21725127E+01
 0.84585956E+00  0.24954208E+00 -0.21877051E+01
 0.84740876E+00  0.24612937E+00 -0.22028975E+01
 0.84895795E+00  0.24269312E+00 -0.22180899E+01
 0.85050714E+00  0.23923333E+00 -0.22332823E+01
 0.85205634E+00  0.23575001E+00 -0.22484747E+01
 0.85360553E+00  0.23224315E+00 -0.22636671E+01
 0.85515472E+00  0.22871276E+00 -0.22788595E+01
 0.85670392E+00  0.22515883E+00 -0.22940519E+01
 0.85825311E+00  0.22158136E+00 -0.23092443E+01
 0.85980230E+00  0.21798036E+00 -0.23244367E+01
 0.86135150E+00  0.21435582E+00 -0.23396291E+01
 0.86290069E+00  0.21070775E+00 -0.23548215E+01
 0.86444988E+00  0.20703614E+00 -0.23700139E+01
 0.86599908E+00  0.20334099E+00 -0.23852063E+01
 0.86754827E+00  0.19962231E+00 -0.24003987E+01
 0.86909746E+00  0.19588009E+00 -0.24155911E+01
 0.87064666E+00  0.19211434E+00 -0.24307835E+01
 0.87219585E+00  0.18832505E+00 -0.24459759E+01
 0.87374504E+00  0.18451222E+00 -0.24611683E+01
 0.87529424E+00  0.18067586E+00 -0.24763607E+01
 0.87684343E+00  0.17681597E+00 -0.24915531E+01
 0.87839262E+00  0.17293253E+00 -0.25067455E+01
 0.87994182E+00  0.16902556E+00 -0.25219379E+01
 0.88149101E+00  0.16509506E+00 -0.25371303E+01
 0.88304020E+00  0.16114102E+00 -0.25523227E+01
 0.88458940E+00  0.15716344E+00 -0.25675151E+01
 0.88613859E+00  0.15316233E+00 -0.25827075E+01
 0.88768778E+00  0.14913768E+00 -0.25978999E+01
 0.88923698E+00  0.14508949E+00 -0.26130923E+01
 0.89078617E+00  0.14101777E+00 -0.26282847E+01
 0.89233536E+00  0.13692251E+00 -0.26434771E+01
 0.89388456E+00  0.13280372E+00 -0.26586694E+01
 0.89543375E+00  0.12866139E+00 -0.26738618E+01
 0.89698294E+00  0.12449553E+00 -0.26890542E+01
 0.89853214E+00  0.12030613E+00 -0.27042466E+01
 0.90008133E+00  0.11609319E+00 -0.27194390E+01
 0.90163052E+00  0.11185672E+00 -0.27346314E+01
 0.90317972E+00  0.10759671E+00 -0.27498238E+01
 0.90472891E+00  0.10331316E+00 -0.27650162E+01
 0.90627810E+00  0.99006081E-01 -0.27802086E+01
 0.90782730E+00  0.94675465E-01 -0.27954010E+01
 0.90937649E+00  0.90321312E-01 -0.28105934E+01
 0.91092568E+00  0.85943624E-01 -0.28257858E+01
 0.91247488E+00  0.81542399E-01 -0.28409782E+01
 0.91402407E+00  0.77117639E-01 -0.28561706E+01
 0.91557326E+00  0.72669342E-01 -0.28713630E+01
 0.91712246E+00  0.68197510E-01 -0.28865554E+01
 0.91867165E+00  0.63702141E-01 -0.29017478E+01
 0.92022084E+00  0.59183237E-01 -0.29169402E+01
 0.92177004E+00  0.54640797E-01 -0.29321326E+01
 0.92331923E+00  0.50074821E-01 -0.29473250E+01
 0.92486842E+00  0.45485308E-01 -0.29625174E+01
 0.92641762E+00  0.40872260E-01 -0.29777098E+01
 0.92796681E+00  0.36235676E-01 -0.29929022E+01
 0.92951600E+00  0.31575556E-01 -0.30080946E+01
 0.93106520E+00  0.26891900E-01 -0.30232870E+01
 0.93261439E+00  0.22184708E-01 -0.30384794E+01
 0.93416358E+00  0.22172940E-01  0.30384794E+01
 0.93571278E+00  0.26856596E-01  0.30232870E+01
 0.93726197E+00  0.31516716E-01  0.30080946E+01
 0.93881116E+00  0.36153300E-01  0.29929022E+01
 0.94036036E+00  0.40766348E-01  0.29777098E+01
 0.94190955E+00  0.45355861E-01  0.29625174E+01
 0.94345874E+00  0.49921837E-01  0.29473250E+01
 0.94500794E+00  0.54464277E-01  0.29321326E+01
 0.94655713E+00  0.58983182E-01  0.29169402E+01
 0.94810632E+00  0.63478550E-01  0.29017478E+01
 0.94965552E+00  0.67950382E-01  0.28865554E+01
 0.95120471E+00  0.72398679E-01  0.28713630E+01
 0.95275390E+00  0.76823439E-01  0.28561706E+01
 0.95430310E+00  0.81224664E-01  0.28409782E+01
 0.95585229E+00  0.85602352E-01  0.28257858E+01
 0.95740148E+00  0.89956505E-01  0.28105934E+01
 0.95895068E+00  0.94287122E-01  0.27954010E+01
 0.96049987E+00  0.98594202E-01  0.27802086E+01
 0.96204906E+00  0.10287775E+00  0.27650162E+01
 0.96359826E+00  0.10713776E+00  0.27498238E+01
 0.96514745E+00  0.11137423E+00  0.27346314E+01
 0.96669664E+00  0.11558717E+00  0.27194390E+01
 0.96824584E+00  0.11977657E+00  0.27042466E+01
 0.96979503E+00  0.12394243E+00  0.26890542E+01
 0.97134422E+00  0.12808476E+00  0.26738618E+01
 0.97289342E+00  0.13220355E+00  0.26586694E+01
 0.97444261E+00  0.13629881E+00  0.26434771E+01
 0.97599180E+00  0.14037053E+00  0.26282847E+01
 0.97754100E+00  0.14441872E+00  0.26130923E+01
 0.97909019E+00  0.14844337E+00  0.25978999E+01
 0.98063938E+00  0.15244448E+00  0.25827075E+01
 0.98218858E+00  0.15642206E+00  0.25675151E+01
 0.98373777E+00  0.16037610E+00  0.25523227E+01
 0.98528696E+00  0.16430660E+00  0.25371303E+01
 0.98683616E+00  0.16821357E+00  0.25219379E+01
 0.98838535E+00  0.17209701E+00  0.25067455E+01
 0.98993454E+00  0.17595690E+00  0.24915531E+01
 0.99148374E+00  0.17979326E+00  0.24763607E+01
 0.99303293E+00  0.18360609E+00  0.24611683E+01
 0.99458212E+00  0.18739538E+00  0.24459759E+01
 0.99613132E+00  0.19116113E+00  0.24307835E+01
 0.99768051E+00  0.19490335E+00  0.24155911E+01
 0.99922970E+00  0.19862203E+00  0.24003987E+01
 0.10007789E+01  0.20231718E+00  0.23852063E+01
 0.10023281E+01  0.20598879E+00  0.23700139E+01
 0.10038773E+01  0.20963686E+00  0.23548215E+01
 0.10054265E+01  0.21326140E+00  0.23396291E+01
 0.10069757E+01  0.21686240E+00  0.23244367E+01
 0.10085249E+01  0.22043987E+00  0.23092443E+01
 0.10100741E+01  0.22399380E+00  0.22940519E+01
 0.10116233E+01  0.22752419E+00  0.22788595E+01
 0.10131724E+01  0.23103105E+00  0.22636671E+01
 0.10147216E+01  0.23451437E+00  0.22484747E+01
 0.10162708E+01  0.23797416E+00  0.22332823E+01
 0.10178200E+01  0.24141041E+00  0.22180899E+01
 0.10193692E+01  0.24482312E+00  0.22028975E+01
 0.10209184E+01  0.24821230E+00  0.21877051E+01
 0.10224676E+01  0.25157794E+00  0.21725127E+01
 0.10240168E+01  0.25492005E+00  0.21573204E+01
 0.10255660E+01  0.25823862E+00  0.21421280E+01
 0.10271152E+01  0.26153365E+00  0.21269356E+01
 0.10286644E+01  0.26480515E+00  0.21117432E+01
 0.10302136E+01  0.26805311E+00  0.20965508E+01
 0.10317628E+01  0.27127754E+00  0.20813584E+01
 0.10333120E+01  0.27447843E+00  0.20661660E+01
 0.10348612E+01  0.27765579E+00  0.20509736E+01
 0.10364103E+01  0.28080960E+00  0.20357812E+01
 0.10379595E+01  0.28393989E+00  0.20205888E+01
 0.10395087E+01  0.28704663E+00  0.20053964E+01
 0.10410579E+01  0.29012984E+00  0.19902040E+01
 0.10426071E+01  0.29318952E+00  0.19750116E+01
 0.10441563E+01  0.29622566E+00  0.19598192E+01
 0.10457055E+01  0.29923826E+00  0.19446268E+01
 0.10472547E+01  0.30222733E+00  0.19294344E+01
 0.10488039E+01  0.30519286E+00  0.19142420E+01
 0.10503531E+01  0.30813485E+00  0.18990496E+01
 0.10519023E+01  0.31105331E+00  0.18838572E+01
 0.10534515E+01  0.31394824E+00  0.18686648E+01
 0.10550007E+01  0.31681962E+00  0.18534724E+01
 0.10565499E+01  0.31966747E+00  0.18382800E+01
 0.10580991E+01  0.32249179E+00  0.18230876E+01
 0.10596482E+01  0.32529257E+00  0.18078952E+01
 0.10611974E+01  0.32806981E+00  0.17927028E+01
 0.10627466E+01  0.33082352E+00  0.17775104E+01
 0.10642958E+01  0.33355369E+00  0.17623180E+01
 0.10658450E+01  0.33626033E+00  0.17471256E+01
 0.10673942E+01  0.33894343E+00  0.17319332E+01
 0.10689434E+01  0.34160299E+00  0.17167408E+01
 0.10704926E+01  0.34423902E+00  0.17015484E+01
 0.10720418E+01  0.34685151E+00  0.16863561E+01
 0.10735910E+01  0.34944046E+00  0.16711637E+01
 0.10751402E+01  0.35200588E+00  0.16559713E+01
 0.10766894E+01  0.35454777E+00  0.16407789E+01
 0.10782386E+01  0.35706611E+00  0.16255865E+01
 0.10797878E+01  0.35956093E+00  0.16103941E+01
 0.10813370E+01  0.36203220E+00  0.15952017E+01
 0.10828861E+01  0.36447994E+00  0.15800093E+01
 0.10844353E+01  0.36690415E+00  0.15648169E+01
 0.10859845E+01  0.36930481E+00  0.15496245E+01
 0.10875337E+01  0.37168195E+00  0.15344321E+01
 0.10890829E+01  0.37403554E+00  0.15192397E+01
 0.10906321E+01  0.37636560E+00  0.15040473E+01
 0.10921813E+01  0.37867213E+00  0.14888549E+01
 0.10937305E+01  0.38095511E+00  0.14736625E+01
 0.10952797E+01  0.38321457E+00  0.14584701E+01
 0.10968289E+01  0.38545048E+00  0.14432777E+01
 0.10983781E+01  0.38766286E+00  0.14280853E+01
 0.10999273E+01  0.38985171E+00  0.14128929E+01
 0.11014765E+01  0.39201702E+00  0.13977005E+01
 0.11030257E+01  0.39415879E+00  0.13825081E+01
 0.11045749E+01  0.39627702E+00  0.13673157E+01
 0.11061240E+01  0.39837172E+00  0.13521233E+01
 0.11076732E+01  0.40044289E+00  0.13369309E+01
 0.11092224E+01  0.40249052E+00  0.13217385E+01
 0.11107716E+01  0.40451461E+00  0.13065461E+01
 0.11123208E+01  0.40651517E+00  0.12913537E+01
 0.11138700E+01  0.40849219E+00  0.12761613E+01
 0.11154192E+01  0.41044567E+00  0.12609689E+01
 0.11169684E+01  0.41237562E+00  0.12457765E+01
 0.11185176E+01  0.41428203E+00  0.12305841E+01
 0.11200668E+01  0.41616491E+00  0.12153917E+01
 0.11216160E+01  0.41802425E+00  0.12001994E+01
 0.11231652E+01  0.41986006E+00  0.11850070E+01
 0.11247144E+01  0.42167233E+00  0.11698146E+01
 0.11262636E+01  0.42346106E+00  0.11546222E+01
 0.11278128E+01  0.42522626E+00  0.11394298E+01
 0.11293619E+01  0.42696792E+00  0.11242374E+01
 0.11309111E+01  0.42868604E+00  0.11090450E+01
 0.11324603E+01  0.43038063E+00  0.10938526E+01
 0.11340095E+01  0.43205168E+00  0.10786602E+01
 0.11355587E+01  0.43369920E+00  0.10634678E+01
 0.11371079E+01  0.43532318E+00  0.10482754E+01
 0.11386571E+01  0.43692363E+00  0.10330830E+01
 0.11402063E+01  0.43850054E+00  0.10178906E+01
 0.11417555E+01  0.44005391E+00  0.10026982E+01
 0.11433047E+01  0.44158375E+00  0.98750580E+00
 0.11448539E+01  0.44309005E+00  0.97231340E+00
 0.11464031E+01  0.44457281E+00  0.95712100E+00
 0.11479523E+01  0.44603204E+00  0.94192860E+00
 0.11495015E+01  0.44746774E+00  0.92673621E+00
 0.11510507E+01  0.44887989E+00  0.91154381E+00
 0.11525998E+01  0.45026852E+00  0.89635141E+00
 0.11541490E+01  0.45163360E+00  0.88115902E+00
 0.11556982E+01  0.45297515E+00  0.86596662E+00
 0.11572474E+01  0.45429317E+00  0.85077422E+00
 0.11587966E+01  0.45558764E+00  0.83558183E+00
 0.11603458E+01  0.45685859E+00  0.82038943E+00
 0.11618950E+01  0.45810599E+00  0.80519703E+00
 0.11634442E+01  0.45932986E+00  0.79000464E+00
 0.11649934E+01  0.46053020E+00  0.77481224E+00
 0.11665426E+01  0.46170699E+00  0.75961984E+00
 0.11680918E+01  0.46286026E+00  0.74442745E+00
 0.11696410E+01  0.46398998E+00  0.72923505E+00
 0.11711902E+01  0.46509617E+00  0.71404265E+00
 0.11727394E+01  0.46617883E+00  0.69885026E+00
 0.11742886E+01  0.46723794E+00  0.68365786E+00
 0.11758377E+01  0.46827353E+00  0.66846546E+00
 0.11773869E+01  0.46928557E+00  0.65327306E+00
 0.11789361E+01  0.47027408E+00  0.63808067E+00
 0.11804853E+01  0.47123906E+00  0.62288827E+00
 0.11820345E+01  0.47218050E+00  0.60769587E+00
 0.11835837E+01  0.47309840E+00  0.59250348E+00
 0.11851329E+01  0.47399276E+00  0.57731108E+00
 0.11866821E+01  0.47486359E+00  0.56211868E+00
 0.11882313E+01  0.47571089E+00  0.54692629E+00
 0.11897805E+01  0.47653465E+00  0.53173389E+00
 0.11913297E+01  0.47733487E+00  0.51654149E+00
 0.11928789E+01  0.47811156E+00  0.50134910E+00
 0.11944281E+01  0.47886471E+00  0.48615670E+00
 0.11959773E+01  0.47959432E+00  0.47096430E+00
 0.11975265E+01  0.48030040E+00  0.45577191E+00
 0.11990756E+01  0.48098294E+00  0.44057951E+00
 0.12006248E+01  0.48164195E+00  0.42538711E+00
 0.12021740E+01  0.48227742E+00  0.41019472E+00
 0.12037232E+01  0.48288936E+00  0.39500232E+00
 0.12052724E+01  0.48347776E+00  0.37980992E+00
 0.12068216E+01  0.48404262E+00  0.36461752E+00
 0.12083708E+01  0.48458395E+00  0.34942513E+00
 0.12099200E+01  0.48510174E+00  0.33423273E+00
 0.12114692E+01  0.48559599E+00  0.31904033E+00
 0.12130184E+01  0.48606671E+00  0.30384794E+00
 0.12145676E+01  0.48651389E+00  0.28865554E+00
 0.12161168E+01  0.48693754E+00  0.27346314E+00
 0.12176660E+01  0.48733765E+00  0.25827075E+00
 0.12192152E+01  0.48771423E+00  0.24307835E+00
 0.12207644E+01  0.48806727E+00  0.22788595E+00
 0.12223135E+01  0.48839677E+00  0.21269356E+00
 0.12238627E+01  0.48870274E+00  0.19750116E+00
 0.12254119E+01  0.48898517E+00  0.18230876E+00
 0.12269611E+01  0.48924407E+00  0.16711637E+00
 0.12285103E+01  0.48947943E+00  0.15192397E+00
 0.12300595E+01  0.48969125E+00  0.13673157E+00
 0.12316087E+01  0.48987954E+00  0.12153917E+00
 0.12331579E+01  0.49004429E+00  0.10634678E+00
 0.12347071E+01  0.49018550E+00  0.91154381E-01
 0.12362563E+01  0.49030318E+00  0.75961984E-01
 0.12378055E+01  0.49039733E+00  0.60769587E-01
 0.12393547E+01  0.49046794E+00  0.45577191E-01
 0.12409039E+01  0.49051501E+00  0.30384794E-01
 0.12424531E+01  0.49053854E+00  0.15192397E-01
 0.12440023E+01  0.49053854E+00  0.11336418E-12
 0.12455514E+01  0.49051501E+00 -0.15192397E-01
 0.12471006E+01  0.49046794E+00 -0.30384794E-01
 0.12486498E+01  0.49039733E+00 -0.45577191E-01
 0.12501990E+01  0.49030318E+00 -0.60769587E-01
 0.12517482E+01  0.49018550E+00 -0.75961984E-01
 0.12532974E+01  0.49004429E+00 -0.91154381E-01
 0.12548466E+01  0.48987954E+00 -0.10634678E+00
 0.12563958E+01  0.48969125E+00 -0.12153917E+00
 0.12579450E+01  0.48947943E+00 -0.13673157E+00
 0.12594942E+01  0.48924407E+00 -0.15192397E+00
 0.12610434E+01  0.48898517E+00 -0.16711637E+00
 0.12625926E+01  0.48870274E+00 -0.18230876E+00
 0.12641418E+01  0.48839677E+00 -0.19750116E+00
 0.12656910E+01  0.48806727E+00 -0.21269356E+00
 0.12672402E+01  0.48771423E+00 -0.22788595E+00
 0.12687893E+01  0.48733765E+00 -0.24307835E+00
 0.12703385E+01  0.48693754E+00 -0.25827075E+00
 0.12718877E+01  0.48651389E+00 -0.27346314E+00
 0.12734369E+01  0.48606671E+00 -0.28865554E+00
 0.12749861E+01  0.48559599E+00 -0.30384794E+00
 0.12765353E+01  0.48510174E+00 -0.31904033E+00
 0.12780845E+01  0.48458395E+00 -0.33423273E+00
 0.12796337E+01  0.48404262E+00 -0.34942513E+00
 0.12811829E+01  0.48347776E+00 -0.36461752E+00
 0.12827321E+01  0.48288936E+00 -0.37980992E+00
 0.12842813E+01  0.48227742E+00 -0.39500232E+00
 0.12858305E+01  0.48164195E+00 -0.41019472E+00
 0.12873797E+01  0.48098294E+00 -0.42538711E+00
 0.12889289E+01  0.48030040E+00 -0.44057951E+00
 0.12904781E+01  0.47959432E+00 -0.45577191E+00
 0.12920272E+01  0.47886471E+00 -0.47096430E+00
 0.12935764E+01  0.47811156E+00 -0.48615670E+00
 0.12951256E+01  0.47733487E+00 -0.50134910E+00
 0.12966748E+01  0.47653465E+00 -0.51654149E+00
 0.12982240E+01  0.47571089E+00 -0.53173389E+00
 0.12997732E+01  0.47486359E+00 -0.54692629E+00
 0.13013224E+01  0.47399276E+00 -0.56211868E+00
 0.13028716E+01  0.47309840E+00 -0.57731108E+00
 0.13044208E+01  0.47218050E+00 -0.59250348E+00
 0.13059700E+01  0.47123906E+00 -0.60769587E+00
 0.13075192E+01  0.47027408E+00 -0.62288827E+00
 0.13090684E+01  0.46928557E+00 -0.63808067E+00
 0.13106176E+01  0.46827353E+00 -0.65327306E+00
 0.13121668E+01  0.46723794E+00 -0.66846546E+00
 0.13137160E+01  0.46617883E+00 -0.68365786E+00
 0.13152651E+01  0.46509617E+00 -0.69885026E+00
 0.13168143E+01  0.46398998E+00 -0.71404265E+00
 0.13183635E+01  0.46286026E+00 -0.72923505E+00
 0.13199127E+01  0.46170699E+00 -0.74442745E+00
 0.13214619E+01  0.46053020E+00 -0.75961984E+00
 0.13230111E+01  0.45932986E+00 -0.77481224E+00
 0.13245603E+01  0.45810599E+00 -0.79000464E+00
 0.13261095E+01  0.45685859E+00 -0.80519703E+00
 0.13276587E+01  0.45558764E+00 -0.82038943E+00
 0.13292079E+01  0.45429317E+00 -0.83558183E+00
 0.13307571E+01  0.45297515E+00 -0.85077422E+00
 0.13323063E+01  0.45163360E+00 -0.86596662E+00
 0.13338555E+01  0.45026852E+00 -0.88115902E+00
 0.13354047E+01  0.44887989E+00 -0.89635141E+00
 0.13369539E+01  0.44746774E+00 -0.91154381E+00
 0.13385030E+01  0.44603204E+00 -0.92673621E+00
 0.13400522E+01  0.44457281E+00 -0.94192860E+00
 0.13416014E+01  0.44309005E+00 -0.95712100E+00
 0.13431506E+01  0.44158375E+00 -0.97231340E+00
 0.13446998E+01  0.44005391E+00 -0.98750580E+00
 0.13462490E+01  0.43850054E+00 -0.10026982E+01
 0.13477982E+01  0.43692363E+00 -0.10178906E+01
 0.13493474E+01  0.43532318E+00 -0.10330830E+01
 0.13508966E+01  0.43369920E+00 -0.10482754E+01
 0.13524458E+01  0.43205168E+00 -0.10634678E+01
 0.13539950E+01  0.43038063E+00 -0.10786602E+01
 0.13555442E+01  0.42868604E+00 -0.10938526E+01
 0.13570934E+01  0.42696792E+00 -0.11090450E+01
 0.13586426E+01  0.42522626E+00 -0.11242374E+01
 0.13601918E+01  0.42346106E+00 -0.11394298E+01
 0.13617409E+01  0.42167233E+00 -0.11546222E+01
 0.13632901E+01  0.41986006E+00 -0.11698146E+01
 0.13648393E+01  0.41802425E+00 -0.11850070E+01
 0.13663885E+01  0.41616491E+00 -0.12001994E+01
 0.13679377E+01  0.41428203E+00 -0.12153917E+01
 0.13694869E+01  0.41237562E+00 -0.12305841E+01
 0.13710361E+01  0.41044567E+00 -0.12457765E+01
 0.13725853E+01  0.40849219E+00 -0.12609689E+01
 0.13741345E+01  0.40651517E+00 -0.12761613E+01
 0.13756837E+01  0.40451461E+00 -0.12913537E+01
 0.13772329E+01  0.40249052E+00 -0.13065461E+01
 0.13787821E+01  0.40044289E+00 -0.13217385E+01
 0.13803313E+01  0.39837172E+00 -0.13369309E+01
 0.13818805E+01  0.39627702E+00 -0.13521233E+01
 0.13834297E+01  0.39415879E+00 -0.13673157E+01
 0.13849788E+01  0.39201702E+00 -0.13825081E+01
 0.13865280E+01  0.38985171E+00 -0.13977005E+01
 0.13880772E+01  0.38766286E+00 -0.14128929E+01
 0.13896264E+01  0.38545048E+00 -0.14280853E+01
 0.13911756E+01  0.38321457E+00 -0.14432777E+01
 0.13927248E+01  0.38095511E+00 -0.14584701E+01
 0.13942740E+01  0.37867213E+00 -0.14736625E+01
 0.13958232E+01  0.37636560E+00 -0.14888549E+01
 0.13973724E+01  0.37403554E+00 -0.15040473E+01
 0.13989216E+01  0.37168195E+00 -0.15192397E+01
 0.14004708E+01  0.36930481E+00 -0.15344321E+01
 0.14020200E+01  0.36690415E+00 -0.15496245E+01
 0.14035692E+01  0.36447994E+00 -0.15648169E+01
 0.14051184E+01  0.36203220E+00 -0.15800093E+01
 0.14066676E+01  0.35956093E+00 -0.15952017E+01
 0.14082167E+01  0.35706611E+00 -0.16103941E+01
 0.14097659E+01  0.35454777E+00 -0.16255865E+01
 0.14113151E+01  0.35200588E+00 -0.16407789E+01
 0.14128643E+01  0.34944046E+00 -0.16559713E+01
 0.14144135E+01  0.34685151E+00 -0.16711637E+01
 0.14159627E+01  0.34423902E+00 -0.16863561E+01
 0.14175119E+01  0.34160299E+00 -0.17015484E+01
 0.14190611E+01  0.33894343E+00 -0.17167408E+01
 0.14206103E+01  0.33626033E+00 -0.17319332E+01
 0.14221595E+01  0.33355369E+00 -0.17471256E+01
 0.14237087E+01  0.33082352E+00 -0.17623180E+01
 0.14252579E+01  0.32806981E+00 -0.17775104E+01
 0.14268071E+01  0.32529257E+00 -0.17927028E+01
 0.14283563E+01  0.32249179E+00 -0.18078952E+01
 0.14299055E+01  0.31966747E+00 -0.18230876E+01
 0.14314546E+01  0.31681962E+00 -0.18382800E+01
 0.14330038E+01  0.31394824E+00 -0.18534724E+01
 0.14345530E+01  0.31105331E+00 -0.18686648E+01
 0.14361022E+01  0.30813485E+00 -0.18838572E+01
 0.14376514E+01  0.30519286E+00 -0.18990496E+01
 0.14392006E+01  0.30222733E+00 -0.19142420E+01
 0.14407498E+01  0.29923826E+00 -0.19294344E+01
 0.14422990E+01  0.29622566E+00 -0.19446268E+01
 0.14438482E+01  0.29318952E+00 -0.19598192E+01
 0.14453974E+01  0.29012984E+00 -0.19750116E+01
 0.14469466E+01  0.28704663E+00 -0.19902040E+01
 0.14484958E+01  0.28393989E+00 -0.20053964E+01
 0.14500450E+01  0.28080960E+00 -0.20205888E+01
 0.14515942E+01  0.27765579E+00 -0.20357812E+01
 0.14531434E+01  0.27447843E+00 -0.20509736E+01
 0.14546925E+01  0.27127754E+00 -0.20661660E+01
 0.14562417E+01  0.26805311E+00 -0.20813584E+01
 0.14577909E+01  0.26480515E+00 -0.20965508E+01
 0.14593401E+01  0.26153365E+00 -0.21117432E+01
 0.14608893E+01  0.25823862E+00 -0.21269356E+01
 0.14624385E+01  0.25492005E+00 -0.21421280E+01
 0.14639877E+01  0.25157794E+00 -0.21573204E+01
 0.14655369E+01  0.24821230E+00 -0.21725127E+01
 0.14670861E+01  0.24482312E+00 -0.21877051E+01
 0.14686353E+01  0.24141041E+00 -0.22028975E+01
 0.14701845E+01  0.23797416E+00 -0.22180899E+01
 0.14717337E+01  0.23451437E+00 -0.22332823E+01
 0.14732829E+01  0.23103105E+00 -0.22484747E+01
 0.14748321E+01  0.22752419E+00 -0.22636671E+01
 0.14763813E+01  0.22399380E+00 -0.22788595E+01
 0.14779304E+01  0.22043987E+00 -0.22940519E+01
 0.14794796E+01  0.21686240E+00 -0.23092443E+01
 0.14810288E+01  0.21326140E+00 -0.23244367E+01
 0.14825780E+01  0.20963686E+00 -0.23396291E+01
 0.14841272E+01  0.20598879E+00 -0.23548215E+01
 0.14856764E+01  0.20231718E+00 -0.23700139E+01
 0.14872256E+01  0.19862203E+00 -0.23852063E+01
 0.14887748E+01  0.19490335E+00 -0.24003987E+01
 0.14903240E+01  0.19116113E+00 -0.24155911E+01
 0.14918732E+01  0.18739538E+00 -0.24307835E+01
 0.14934224E+01  0.18360609E+00 -0.24459759E+01
 0.14949716E+01  0.17979326E+00 -0.24611683E+01
 0.14965208E+01  0.17595690E+00 -0.24763607E+01
 0.14980700E+01  0.17209701E+00 -0.24915531E+01
 0.14996192E+01  0.16821357E+00 -0.25067455E+01
 0.15011683E+01  0.16430660E+00 -0.25219379E+01
 0.15027175E+01  0.16037610E+00 -0.25371303E+01
 0.15042667E+01  0.15642206E+00 -0.25523227E+01
 0.15058159E+01  0.15244448E+00 -0.25675151E+01
 0.15073651E+01  0.14844337E+00 -0.25827075E+01
 0.15089143E+01  0.14441872E+00 -0.25978999E+01
 0.15104635E+01  0.14037053E+00 -0.26130923E+01
 0.15120127E+01  0.13629881E+00 -0.26282847E+01
 0.15135619E+01  0.13220355E+00 -0.26434771E+01
 0.15151111E+01  0.12808476E+00 -0.26586694E+01
 0.15166603E+01  0.12394243E+00 -0.26738618E+01
 0.15182095E+01  0.11977657E+00 -0.26890542E+01
 0.15197587E+01  0.11558717E+00 -0.27042466E+01
 0.15213079E+01  0.11137423E+00 -0.27194390E+01
 0.15228571E+01  0.10713776E+00 -0.27346314E+01
 0.15244062E+01  0.10287775E+00 -0.27498238E+01
 0.15259554E+01  0.98594202E-01 -0.27650162E+01
 0.15275046E+01  0.94287122E-01 -0.27802086E+01
 0.15290538E+01  0.89956505E-01 -0.27954010E+01
 0.15306030E+01  0.85602352E-01 -0.28105934E+01
 0.15321522E+01  0.81224664E-01 -0.28257858E+01
 0.15337014E+01  0.76823439E-01 -0.28409782E+01
 0.15352506E+01  0.72398679E-01 -0.28561706E+01
 0.15367998E+01  0.67950382E-01 -0.28713630E+01
 0.15383490E+01  0.63478550E-01 -0.28865554E+01
 0.15398982E+01  0.58983182E-01 -0.29017478E+01
 0.15414474E+01  0.54464277E-01 -0.29169402E+01
 0.15429966E+01  0.49921837E-01 -0.29321326E+01
 0.15445458E+01  0.45355861E-01 -0.29473250E+01
 0.15460950E+01  0.40766348E-01 -0.29625174E+01
 0.15476441E+01  0.36153300E-01 -0.29777098E+01
 0.15491933E+01  0.31516716E-01 -0.29929022E+01
 0.15507425E+01  0.26856596E-01 -0.30080946E+01
 0.15522917E+01  0.22172940E-01 -0.30232870E+01
 0.15538409E+01  0.22161172E-01  0.30232870E+01
 0.15553901E+01  0.26821292E-01  0.30080946E+01
 0.15569393E+01  0.31457876E-01  0.29929022E+01
 0.15584885E+01  0.36070924E-01  0.29777098E+01
 0.15600377E+01  0.40660437E-01  0.29625174E+01
 0.15615869E+01  0.45226413E-01  0.29473250E+01
 0.15631361E+01  0.49768853E-01  0.29321326E+01
 0.15646853E+01  0.54287757E-01  0.29169402E+01
 0.15662345E+01  0.58783126E-01  0.29017478E+01
 0.15677837E+01  0.63254958E-01  0.28865554E+01
 0.15693329E+01  0.67703255E-01  0.28713630E+01
 0.15708820E+01  0.72128015E-01  0.28561706E+01
 0.15724312E+01  0.76529240E-01  0.28409782E+01
 0.15739804E+01  0.80906928E-01  0.28257858E+01
 0.15755296E+01  0.85261081E-01  0.28105934E+01
 0.15770788E+01  0.89591697E-01  0.27954010E+01
 0.15786280E+01  0.93898778E-01  0.27802086E+01
 0.15801772E+01  0.98182323E-01  0.27650162E+01
 0.15817264E+01  0.10244233E+00  0.27498238E+01
 0.15832756E+01  0.10667880E+00  0.27346314E+01
 0.15848248E+01  0.11089174E+00  0.27194390E+01
 0.15863740E+01  0.11508114E+00  0.27042466E+01
 0.15879232E+01  0.11924701E+00  0.26890542E+01
 0.15894724E+01  0.12338934E+00  0.26738618E+01
 0.15910216E+01  0.12750813E+00  0.26586694E+01
 0.15925708E+01  0.13160339E+00  0.26434771E+01
 0.15941199E+01  0.13567511E+00  0.26282847E+01
 0.15956691E+01  0.13972329E+00  0.26130923E+01
 0.15972183E+01  0.14374794E+00  0.25978999E+01
 0.15987675E+01  0.14774905E+00  0.25827075E+01
 0.16003167E+01  0.15172663E+00  0.25675151E+01
 0.16018659E+01  0.15568067E+00  0.25523227E+01
 0.16034151E+01  0.15961118E+00  0.25371303E+01
 0.16049643E+01  0.16351815E+00  0.25219379E+01
 0.16065135E+01  0.16740158E+00  0.25067455E+01
 0.16080627E+01  0.17126148E+00  0.24915531E+01
 0.16096119E+01  0.17509784E+00  0.24763607E+01
 0.16111611E+01  0.17891067E+00  0.24611683E+01
 0.16127103E+01  0.18269996E+00  0.24459759E+01
 0.16142595E+01  0.18646571E+00  0.24307835E+01
 0.16158087E+01  0.19020793E+00  0.24155911E+01
 0.16173578E+01  0.19392661E+00  0.24003987E+01
 0.16189070E+01  0.19762175E+00  0.23852063E+01
 0.16204562E+01  0.20129336E+00  0.23700139E+01
 0.16220054E+01  0.20494144E+00  0.23548215E+01
 0.16235546E+01  0.20856598E+00  0.23396291E+01
 0.16251038E+01  0.21216698E+00  0.23244367E+01
 0.16266530E+01  0.21574444E+00  0.23092443E+01
 0.16282022E+01  0.21929837E+00  0.22940519E+01
 0.16297514E+01  0.22282877E+00  0.22788595E+01
 0.16313006E+01  0.22633563E+00  0.22636671E+01
 0.16328498E+01  0.22981895E+00  0.22484747E+01
 0.16343990E+01  0.23327873E+00  0.22332823E+01
 0.16359482E+01  0.23671498E+00  0.22180899E+01
 0.16374974E+01  0.24012770E+00  0.22028975E+01
 0.16390466E+01  0.24351688E+00  0.21877051E+01
 0.16405957E+01  0.24688252E+00  0.21725127E+01
 0.16421449E+01  0.25022462E+00  0.21573204E+01
 0.16436941E+01  0.25354319E+00  0.21421280E+01
 0.16452433E+01  0.25683823E+00  0.21269356E+01
 0.16467925E+01  0.26010973E+00  0.21117432E+01
 0.16483417E+01  0.26335769E+00  0.20965508E+01
 0.16498909E+01  0.26658212E+00  0.20813584E+01
 0.16514401E+01  0.26978301E+00  0.20661660E+01
 0.16529893E+01  0.27296036E+00  0.20509736E+01
 0.16545385E+01  0.27611418E+00  0.20357812E+01
 0.16560877E+01  0.27924446E+00  0.20205888E+01
 0.16576369E+01  0.28235121E+00  0.20053964E+01
 0.16591861E+01  0.28543442E+00  0.19902040E+01
 0.16607353E+01  0.28849410E+00  0.19750116E+01
 0.16622845E+01  0.29153023E+00  0.19598192E+01
 0.16638336E+01  0.29454284E+00  0.19446268E+01
 0.16653828E+01  0.29753190E+00  0.19294344E+01
 0.16669320E+01  0.30049744E+00  0.19142420E+01
 0.16684812E+01  0.30343943E+00  0.18990496E+01
 0.16700304E+01  0.30635789E+00  0.18838572E+01
 0.16715796E+01  0.30925281E+00  0.18686648E+01
 0.16731288E+01  0.31212420E+00  0.18534724E+01
 0.16746780E+01  0.31497205E+00  0.18382800E+01
 0.16762272E+01  0.31779637E+00  0.18230876E+01
 0.16777764E+01  0.32059714E+00  0.18078952E+01
 0.16793256E+01  0.32337439E+00  0.17927028E+01
 0.16808748E+01  0.32612810E+00  0.17775104E+01
 0.16824240E+01  0.32885827E+00  0.17623180E+01
 0.16839732E+01  0.33156490E+00  0.17471256E+01
 0.16855224E+01  0.33424800E+00  0.17319332E+01
 0.16870715E+01  0.33690757E+00  0.17167408E+01
 0.16886207E+01  0.33954359E+00  0.17015484E+01
 0.16901699E+01  0.34215608E+00  0.16863561E+01
 0.16917191E+01  0.34474504E+00  0.16711637E+01
 0.16932683E+01  0.34731046E+00  0.16559713E+01
 0.16948175E+01  0.34985234E+00  0.16407789E+01
 0.16963667E+01  0.35237069E+00  0.16255865E+01
 0.16979159E+01  0.35486550E+00  0.16103941E+01
 0.16994651E+01  0.35733678E+00  0.15952017E+01
 0.17010143E+01  0.35978452E+00  0.15800093E+01
 0.17025635E+01  0.36220872E+00  0.15648169E+01
 0.17041127E+01  0.36460939E+00  0.15496245E+01
 0.17056619E+01  0.36698652E+00  0.15344321E+01
 0.17072111E+01  0.36934012E+00  0.15192397E+01
 0.17087603E+01  0.37167018E+00  0.15040473E+01
 0.17103094E+01  0.37397670E+00  0.14888549E+01
 0.17118586E+01  0.37625969E+00  0.14736625E+01
 0.17134078E+01  0.37851914E+00  0.14584701E+01
 0.17149570E+01  0.38075506E+00  0.14432777E+01
 0.17165062E+01  0.38296744E+00  0.14280853E+01
 0.17180554E+01  0.38515628E+00  0.14128929E+01
 0.17196046E+01  0.38732159E+00  0.13977005E+01
 0.17211538E+01  0.38946336E+00  0.13825081E+01
 0.17227030E+01  0.39158160E+00  0.13673157E+01
 0.17242522E+01  0.39367630E+00  0.13521233E+01
 0.17258014E+01  0.39574747E+00  0.13369309E+01
 0.17273506E+01  0.39779509E+00  0.13217385E+01
 0.17288998E+01  0.39981919E+00  0.13065461E+01
 0.17304490E+01  0.40181974E+00  0.12913537E+01
 0.17319982E+01  0.40379676E+00  0.12761613E+01
 0.17335473E+01  0.40575025E+00  0.12609689E+01
 0.17350965E+01  0.40768020E+00  0.12457765E+01
 0.17366457E+01  0.40958661E+00  0.12305841E+01
 0.17381949E+01  0.41146949E+00  0.12153917E+01
 0.17397441E+01  0.41332883E+00  0.12001994E+01
 0.17412933E+01  0.41516463E+00  0.11850070E+01
 0.17428425E+01  0.41697690E+00  0.11698146E+01
 0.17443917E+01  0.41876563E+00  0.11546222E+01
 0.17459409E+01  0.42053083E+00  0.11394298E+01
 0.17474901E+01  0.42227249E+00  0.11242374E+01
 0.17490393E+01  0.42399062E+00  0.11090450E+01
 0.17505885E+01  0.42568521E+00  0.10938526E+01
 0.17521377E+01  0.42735626E+00  0.10786602E+01
 0.17536869E+01  0.42900378E+00  0.10634678E+01
 0.17552361E+01  0.43062776E+00  0.10482754E+01
 0.17567852E+01  0.43222820E+00  0.10330830E+01
 0.17583344E+01  0.43380511E+00  0.10178906E+01
 0.17598836E+01  0.43535849E+00  0.10026982E+01
 0.17614328E+01  0.43688832E+00  0.98750580E+00
 0.17629820E+01  0.43839462E+00  0.97231340E+00
 0.17645312E+01  0.43987739E+00  0.95712100E+00
 0.17660804E+01  0.44133662E+00  0.94192860E+00
 0.17676296E+01  0.44277231E+00  0.92673621E+00
 0.17691788E+01  0.44418447E+00  0.91154381E+00
 0.17707280E+01  0.44557309E+00  0.89635141E+00
 0.17722772E+01  0.44693818E+00  0.88115902E+00
 0.17738264E+01  0.44827973E+00  0.86596662E+00
 0.17753756E+01  0.44959774E+00  0.85077422E+00
 0.17769248E+01  0.45089222E+00  0.83558183E+00
 0.17784740E+01  0.45216316E+00  0.82038943E+00
 0.17800231E+01  0.45341057E+00  0.80519703E+00
 0.17815723E+01  0.45463444E+00  0.79000464E+00
 0.17831215E+01  0.45583477E+00  0.77481224E+00
 0.17846707E+01  0.45701157E+00  0.75961984E+00
 0.17862199E+01  0.45816483E+00  0.74442745E+00
 0.17877691E+01  0.45929456E+00  0.72923505E+00
 0.17893183E+01  0.46040075E+00  0.71404265E+00
 0.17908675E+01  0.46148340E+00  0.69885026E+00
 0.17924167E+01  0.46254252E+00  0.68365786E+00
 0.17939659E+01  0.46357810E+00  0.66846546E+00
 0.17955151E+01  0.46459015E+00  0.65327306E+00
 0.17970643E+01  0.46557866E+00  0.63808067E+00
 0.17986135E+01  0.46654363E+00  0.62288827E+00
 0.18001627E+01  0.46748507E+00  0.60769587E+00
 0.18017119E+01  0.46840297E+00  0.59250348E+00
 0.18032610E+01  0.46929734E+00  0.57731108E+00
 0.18048102E+01  0.47016817E+00  0.56211868E+00
 0.18063594E+01  0.47101547E+00  0.54692629E+00
 0.18079086E+01  0.47183922E+00  0.53173389E+00
 0.18094578E+01  0.47263945E+00  0.51654149E+00
 0.18110070E+01  0.47341613E+00  0.50134910E+00
 0.18125562E+01  0.47416928E+00  0.48615670E+00
 0.18141054E+01  0.47489890E+00  0.47096430E+00
 0.18156546E+01  0.47560498E+00  0.45577191E+00
 0.18172038E+01  0.47628752E+00  0.44057951E+00
 0.18187530E+01  0.47694653E+00  0.42538711E+00
 0.18203022E+01  0.47758200E+00  0.41019472E+00
 0.18218514E+01  0.47819393E+00  0.39500232E+00
 0.18234006E+01  0.47878233E+00  0.37980992E+00
 0.18249498E+01  0.47934720E+00  0.36461752E+00
 0.18264989E+01  0.47988852E+00  0.34942513E+00
 0.18280481E+01  0.48040631E+00  0.33423273E+00
 0.18295973E+01  0.48090057E+00  0.31904033E+00
 0.18311465E+01  0.48137129E+00  0.30384794E+00
 0.18326957E+01  0.48181847E+00  0.28865554E+00
 0.18342449E+01  0.48224212E+00  0.27346314E+00
 0.18357941E+01  0.48264223E+00  0.25827075E+00
 0.18373433E+01  0.48301880E+00  0.24307835E+00
 0.18388925E+01  0.48337184E+00  0.22788595E+00
 0.18404417E+01  0.48370135E+00  0.21269356E+00
 0.18419909E+01  0.48400732E+00  0.19750116E+00
 0.18435401E+01  0.48428975E+00  0.18230876E+00
 0.18450893E+01  0.48454864E+00  0.16711637E+00
 0.18466385E+01  0.48478400E+00  0.15192397E+00
 0.18481877E+01  0.48499583E+00  0.13673157E+00
 0.18497368E+01  0.48518411E+00  0.12153917E+00
 0.18512860E+01  0.48534886E+00  0.10634678E+00
 0.18528352E+01  0.48549008E+00  0.91154381E-01
 0.18543844E+01  0.48560776E+00  0.75961984E-01
 0.18559336E+01  0.48570190E+00  0.60769587E-01
 0.18574828E+01  0.48577251E+00  0.45577191E-01
 0.18590320E+01  0.48581958E+00  0.30384794E-01
 0.18605812E+01  0.48584312E+00  0.15192397E-01
 0.18621304E+01  0.48584312E+00 -0.22675962E-10
 0.18636796E+01  0.48581958E+00 -0.15192397E-01
 0.18652288E+01  0.48577251E+00 -0.30384794E-01
 0.18667780E+01  0.48570190E+00 -0.45577191E-01
 0.18683272E+01  0.48560776E+00 -0.60769587E-01
 0.18698764E+01  0.48549008E+00 -0.75961984E-01
 0.18714256E+01  0.48534886E+00 -0.91154381E-01
 0.18729747E+01  0.48518411E+00 -0.10634678E+00
 0.18745239E+01  0.48499583E+00 -0.12153917E+00
 0.18760731E+01  0.48478400E+00 -0.13673157E+00
 0.18776223E+01  0.48454864E+00 -0.15192397E+00
 0.18791715E+01  0.48428975E+00 -0.16711637E+00
 0.18807207E+01  0.48400732E+00 -0.18230876E+00
 0.18822699E+01  0.48370135E+00 -0.19750116E+00
 0.18838191E+01  0.48337184E+00 -0.21269356E+00
 0.18853683E+01  0.48301880E+00 -0.22788595E+00
 0.18869175E+01  0.48264223E+00 -0.24307835E+00
 0.18884667E+01  0.48224212E+00 -0.25827075E+00
 0.18900159E+01  0.48181847E+00 -0.27346314E+00
 0.18915651E+01  0.48137129E+00 -0.28865554E+00
 0.18931143E+01  0.48090057E+00 -0.30384794E+00
 0.18946635E+01  0.48040631E+00 -0.31904033E+00
 0.18962126E+01  0.47988852E+00 -0.33423273E+00
 0.18977618E+01  0.47934720E+00 -0.34942513E+00
 0.18993110E+01  0.47878233E+00 -0.36461752E+00
 0.19008602E+01  0.47819393E+00 -0.37980992E+00
 0.19024094E+01  0.47758200E+00 -0.39500232E+00
 0.19039586E+01  0.47694653E+00 -0.41019472E+00
 0.19055078E+01  0.47628752E+00 -0.42538711E+00
 0.19070570E+01  0.47560498E+00 -0.44057951E+00
 0.19086062E+01  0.47489890E+00 -0.45577191E+00
 0.19101554E+01  0.47416928E+00 -0.47096430E+00
 0.19117046E+01  0.47341613E+00 -0.48615670E+00
 0.19132538E+01  0.47263945E+00 -0.50134910E+00
 0.19148030E+01  0.47183922E+00 -0.51654149E+00
 0.19163522E+01  0.47101547E+00 -0.53173389E+00
 0.19179014E+01  0.47016817E+00 -0.54692629E+00
 0.19194505E+01  0.46929734E+00 -0.56211868E+00
 0.19209997E+01  0.46840297E+00 -0.57731108E+00
 0.19225489E+01  0.46748507E+00 -0.59250348E+00
 0.19240981E+01  0.46654363E+00 -0.60769587E+00
 0.19256473E+01  0.46557866E+00 -0.62288827E+00
 0.19271965E+01  0.46459015E+00 -0.63808067E+00
 0.19287457E+01  0.46357810E+00 -0.65327306E+00
 0.19302949E+01  0.46254252E+00 -0.66846546E+00
 0.19318441E+01  0.46148340E+00 -0.68365786E+00
 0.19333933E+01  0.46040075E+00 -0.69885026E+00
 0.19349425E+01  0.45929456E+00 -0.71404265E+00
 0.19364917E+01  0.45816483E+00 -0.72923505E+00
 0.19380409E+01  0.45701157E+00 -0.74442745E+00
 0.19395901E+01  0.45583477E+00 -0.75961984E+00
 0.19411393E+01  0.45463444E+00 -0.77481224E+00
 0.19426884E+01  0.45341057E+00 -0.79000464E+00
 0.19442376E+01  0.45216316E+00 -0.80519703E+00
 0.19457868E+01  0.45089222E+00 -0.82038943E+00
 0.19473360E+01  0.44959774E+00 -0.83558183E+00
 0.19488852E+01  0.44827973E+00 -0.85077422E+00
 0.19504344E+01  0.44693818E+00 -0.86596662E+00
 0.19519836E+01  0.44557309E+00 -0.88115902E+00
 0.19535328E+01  0.44418447E+00 -0.89635141E+00
 0.19550820E+01  0.44277231E+00 -0.91154381E+00
 0.19566312E+01  0.44133662E+00 -0.92673621E+00
 0.19581804E+01  0.43987739E+00 -0.94192860E+00
 0.19597296E+01  0.43839462E+00 -0.95712100E+00
 0.19612788E+01  0.43688832E+00 -0.97231340E+00
 0.19628280E+01  0.43535849E+00 -0.98750580E+00
 0.19643772E+01  0.43380511E+00 -0.10026982E+01
 0.19659263E+01  0.43222820E+00 -0.10178906E+01
 0.19674755E+01  0.43062776E+00 -0.10330830E+01
 0.19690247E+01  0.42900378E+00 -0.10482754E+01
 0.19705739E+01  0.42735626E+00 -0.10634678E+01
 0.19721231E+01  0.42568521E+00 -0.10786602E+01
 0.19736723E+01  0.42399062E+00 -0.10938526E+01
 0.19752215E+01  0.42227249E+00 -0.11090450E+01
 0.19767707E+01  0.42053083E+00 -0.11242374E+01
 0.19783199E+01  0.41876563E+00 -0.11394298E+01
 0.19798691E+01  0.41697690E+00 -0.11546222E+01
 0.19814183E+01  0.41516463E+00 -0.11698146E+01
 0.19829675E+01  0.41332883E+00 -0.11850070E+01
 0.19845167E+01  0.41146949E+00 -0.12001994E+01
 0.19860659E+01  0.40958661E+00 -0.12153917E+01
 0.19876151E+01  0.40768020E+00 -0.12305841E+01
 0.19891642E+01  0.40575025E+00 -0.12457765E+01
 0.19907134E+01  0.40379676E+00 -0.12609689E+01
 0.19922626E+01  0.40181974E+00 -0.12761613E+01
 0.19938118E+01  0.39981919E+00 -0.12913537E+01
 0.19953610E+01  0.39779509E+00 -0.13065461E+01
 0.19969102E+01  0.39574747E+00 -0.13217385E+01
 0.19984594E+01  0.39367630E+00 -0.13369309E+01
 0.20000086E+01  0.39158160E+00 -0.13521233E+01
 0.20015578E+01  0.38946336E+00 -0.13673157E+01
 0.20031070E+01  0.38732159E+00 -0.13825081E+01
 0.20046562E+01  0.38515628E+00 -0.13977005E+01
 0.20062054E+01  0.38296744E+00 -0.14128929E+01
 0.20077546E+01  0.38075506E+00 -0.14280853E+01
 0.20093038E+01  0.37851914E+00 -0.14432777E+01
 0.20108530E+01  0.37625969E+00 -0.14584701E+01
 0.20124021E+01  0.37397670E+00 -0.14736625E+01
 0.20139513E+01  0.37167018E+00 -0.14888549E+01
 0.20155005E+01  0.36934012E+00 -0.15040473E+01
 0.20170497E+01  0.36698652E+00 -0.15192397E+01
 0.20185989E+01  0.36460939E+00 -0.15344321E+01
 0.20201481E+01  0.36220872E+00 -0.15496245E+01
 0.20216973E+01  0.35978452E+00 -0.15648169E+01
 0.20232465E+01  0.35733678E+00 -0.15800093E+01
 0.20247957E+01  0.35486550E+00 -0.15952017E+01
 0.20263449E+01  0.35237069E+00 -0.16103941E+01
 0.20278941E+01  0.34985234E+00 -0.16255865E+01
 0.20294433E+01  0.34731046E+00 -0.16407789E+01
 0.20309925E+01  0.34474504E+00 -0.16559713E+01
 0.20325417E+01  0.34215608E+00 -0.16711637E+01
 0.20340909E+01  0.33954359E+00 -0.16863561E+01
 0.20356400E+01  0.33690757E+00 -0.17015484E+01
 0.20371892E+01  0.33424800E+00 -0.17167408E+01
 0.20387384E+01  0.33156490E+00 -0.17319332E+01
 0.20402876E+01  0.32885827E+00 -0.17471256E+01
 0.20418368E+01  0.32612810E+00 -0.17623180E+01
 0.20433860E+01  0.32337439E+00 -0.17775104E+01
 0.20449352E+01  0.32059714E+00 -0.17927028E+01
 0.20464844E+01  0.31779637E+00 -0.18078952E+01
 0.20480336E+01  0.31497205E+00 -0.18230876E+01
 0.20495828E+01  0.31212420E+00 -0.18382800E+01
 0.20511320E+01  0.30925281E+00 -0.18534724E+01
 0.20526812E+01  0.30635789E+00 -0.18686648E+01
 0.20542304E+01  0.30343943E+00 -0.18838572E+01
 0.20557796E+01  0.30049744E+00 -0.18990496E+01
 0.20573288E+01  0.29753190E+00 -0.19142420E+01
 0.20588779E+01  0.29454284E+00 -0.19294344E+01
 0.20604271E+01  0.29153023E+00 -0.19446268E+01
 0.20619763E+01  0.28849410E+00 -0.19598192E+01
 0.20635255E+01  0.28543442E+00 -0.19750116E+01
 0.20650747E+01  0.28235121E+00 -0.19902040E+01
 0.20666239E+01  0.27924446E+00 -0.20053964E+01
 0.20681731E+01  0.27611418E+00 -0.20205888E+01
 0.20697223E+01  0.27296036E+00 -0.20357812E+01
 0.20712715E+01  0.26978301E+00 -0.20509736E+01
 0.20728207E+01  0.26658212E+00 -0.20661660E+01
 0.20743699E+01  0.26335769E+00 -0.20813584E+01
 0.20759191E+01  0.26010973E+00 -0.20965508E+01
 0.20774683E+01  0.25683823E+00 -0.21117432E+01
 0.20790175E+01  0.25354319E+00 -0.21269356E+01
 0.20805667E+01  0.25022462E+00 -0.21421280E+01
 0.20821158E+01  0.24688252E+00 -0.21573204E+01
 0.20836650E+01  0.24351688E+00 -0.21725127E+01
 0.20852142E+01  0.24012770E+00 -0.21877051E+01
 0.20867634E+01  0.23671498E+00 -0.22028975E+01
 0.20883126E+01  0.23327873E+00 -0.22180899E+01
 0.20898618E+01  0.22981895E+00 -0.22332823E+01
 0.20914110E+01  0.22633563E+00 -0.22484747E+01
 0.20929602E+01  0.22282877E+00 -0.22636671E+01
 0.20945094E+01  0.21929837E+00 -0.22788595E+01
 0.20960586E+01  0.21574444E+00 -0.22940519E+01
 0.20976078E+01  0.21216698E+00 -0.23092443E+01
 0.20991570E+01  0.20856598E+00 -0.23244367E+01
 0.21007062E+01  0.20494144E+00 -0.23396291E+01
 0.21022554E+01  0.20129336E+00 -0.23548215E+01
 0.21038046E+01  0.19762175E+00 -0.23700139E+01
 0.21053537E+01  0.19392661E+00 -0.23852063E+01
 0.21069029E+01  0.19020793E+00 -0.24003987E+01
 0.21084521E+01  0.18646571E+00 -0.24155911E+01
 0.21100013E+01  0.18269996E+00 -0.24307835E+01
 0.21115505E+01  0.17891067E+00 -0.24459759E+01
 0.21130997E+01  0.17509784E+00 -0.24611683E+01
 0.21146489E+01  0.17126148E+00 -0.24763607E+01
 0.21161981E+01  0.16740158E+00 -0.24915531E+01
 0.21177473E+01  0.16351815E+00 -0.25067455E+01
 0.21192965E+01  0.15961118E+00 -0.25219379E+01
 0.21208457E+01  0.15568067E+00 -0.25371303E+01
 0.21223949E+01  0.15172663E+00 -0.25523227E+01
 0.21239441E+01  0.14774905E+00 -0.25675151E+01
 0.21254933E+01  0.14374794E+00 -0.25827075E+01
 0.21270425E+01  0.13972329E+00 -0.25978999E+01
 0.21285916E+01  0.13567511E+00 -0.26130923E+01
 0.21301408E+01  0.13160339E+00 -0.26282847E+01
 0.21316900E+01  0.12750813E+00 -0.26434771E+01
 0.21332392E+01  0.12338934E+00 -0.26586694E+01
 0.21347884E+01  0.11924701E+00 -0.26738618E+01
 0.21363376E+01  0.11508114E+00 -0.26890542E+01
 0.21378868E+01  0.11089174E+00 -0.27042466E+01
 0.21394360E+01  0.10667880E+00 -0.27194390E+01
 0.21409852E+01  0.10244233E+00 -0.27346314E+01
 0.21425344E+01  0.98182323E-01 -0.27498238E+01
 0.21440836E+01  0.93898778E-01 -0.27650162E+01
 0.21456328E+01  0.89591697E-01 -0.27802086E+01
 0.21471820E+01  0.85261081E-01 -0.27954010E+01
 0.21487312E+01  0.80906928E-01 -0.28105934E+01
 0.21502804E+01  0.76529240E-01 -0.28257858E+01
 0.21518295E+01  0.72128015E-01 -0.28409782E+01
 0.21533787E+01  0.67703255E-01 -0.28561706E+01
 0.21549279E+01  0.63254958E-01 -0.28713630E+01
 0.21564771E+01  0.58783126E-01 -0.28865554E+01
 0.21580263E+01  0.54287757E-01 -0.29017478E+01
 0.21595755E+01  0.49768853E-01 -0.29169402E+01
 0.21611247E+01  0.45226413E-01 -0.29321326E+01
 0.21626739E+01  0.40660437E-01 -0.29473250E+01
 0.21642231E+01  0.36070924E-01 -0.29625174E+01
 0.21657723E+01  0.31457876E-01 -0.29777098E+01
 0.21673215E+01  0.26821292E-01 -0.29929022E+01
 0.21688707E+01  0.22161172E-01 -0.30080946E+01
 0.21704199E+01  0.22149404E-01  0.30080946E+01
 0.21719691E+01  0.26785988E-01  0.29929022E+01
 0.21735183E+01  0.31399036E-01  0.29777098E+01
 0.21750674E+01  0.35988549E-01  0.29625174E+01
 0.21766166E+01  0.40554525E-01  0.29473250E+01
 0.21781658E+01  0.45096965E-01  0.29321326E+01
 0.21797150E+01  0.49615869E-01  0.29169402E+01
 0.21812642E+01  0.54111238E-01  0.29017478E+01
 0.21828134E+01  0.58583070E-01  0.28865554E+01
 0.21843626E+01  0.63031367E-01  0.28713630E+01
 0.21859118E+01  0.67456127E-01  0.28561706E+01
 0.21874610E+01  0.71857352E-01  0.28409782E+01
 0.21890102E+01  0.76235040E-01  0.28257858E+01
 0.21905594E+01  0.80589193E-01  0.28105934E+01
 0.21921086E+01  0.84919809E-01  0.27954010E+01
 0.21936578E+01  0.89226890E-01  0.27802086E+01
 0.21952070E+01  0.93510435E-01  0.27650162E+01
 0.21967562E+01  0.97770444E-01  0.27498238E+01
 0.21983053E+01  0.10200692E+00  0.27346314E+01
 0.21998545E+01  0.10621985E+00  0.27194390E+01
 0.22014037E+01  0.11040925E+00  0.27042466E+01
 0.22029529E+01  0.11457512E+00  0.26890542E+01
 0.22045021E+01  0.11871745E+00  0.26738618E+01
 0.22060513E+01  0.12283624E+00  0.26586694E+01
 0.22076005E+01  0.12693150E+00  0.26434771E+01
 0.22091497E+01  0.13100322E+00  0.26282847E+01
 0.22106989E+01  0.13505140E+00  0.26130923E+01
 0.22122481E+01  0.13907605E+00  0.25978999E+01
 0.22137973E+01  0.14307717E+00  0.25827075E+01
 0.22153465E+01  0.14705474E+00  0.25675151E+01
 0.22168957E+01  0.15100879E+00  0.25523227E+01
 0.22184449E+01  0.15493929E+00  0.25371303E+01
 0.22199941E+01  0.15884626E+00  0.25219379E+01
 0.22215432E+01  0.16272969E+00  0.25067455E+01
 0.22230924E+01  0.16658959E+00  0.24915531E+01
 0.22246416E+01  0.17042595E+00  0.24763607E+01
 0.22261908E+01  0.17423878E+00  0.24611683E+01
 0.22277400E+01  0.17802807E+00  0.24459759E+01
 0.22292892E+01  0.18179382E+00  0.24307835E+01
 0.22308384E+01  0.18553604E+00  0.24155911E+01
 0.22323876E+01  0.18925472E+00  0.24003987E+01
 0.22339368E+01  0.19294987E+00  0.23852063E+01
 0.22354860E+01  0.19662148E+00  0.23700139E+01
 0.22370352E+01  0.20026955E+00  0.23548215E+01
 0.22385844E+01  0.20389409E+00  0.23396291E+01
 0.22401336E+01  0.20749509E+00  0.23244367E+01
 0.22416828E+01  0.21107256E+00  0.23092443E+01
 0.22432320E+01  0.21462648E+00  0.22940519E+01
 0.22447811E+01  0.21815688E+00  0.22788595E+01
 0.22463303E+01  0.22166374E+00  0.22636671E+01
 0.22478795E+01  0.22514706E+00  0.22484747E+01
 0.22494287E+01  0.22860685E+00  0.22332823E+01
 0.22509779E+01  0.23204310E+00  0.22180899E+01
 0.22525271E+01  0.23545581E+00  0.22028975E+01
 0.22540763E+01  0.23884499E+00  0.21877051E+01
 0.22556255E+01  0.24221063E+00  0.21725127E+01
 0.22571747E+01  0.24555274E+00  0.21573204E+01
 0.22587239E+01  0.24887131E+00  0.21421280E+01
 0.22602731E+01  0.25216634E+00  0.21269356E+01
 0.22618223E+01  0.25543784E+00  0.21117432E+01
 0.22633715E+01  0.25868580E+00  0.20965508E+01
 0.22649207E+01  0.26191023E+00  0.20813584E+01
 0.22664699E+01  0.26511112E+00  0.20661660E+01
 0.22680190E+01  0.26828847E+00  0.20509736E+01
 0.22695682E+01  0.27144229E+00  0.20357812E+01
 0.22711174E+01  0.27457258E+00  0.20205888E+01
 0.22726666E+01  0.27767932E+00  0.20053964E+01
 0.22742158E+01  0.28076253E+00  0.19902040E+01
 0.22757650E+01  0.28382221E+00  0.19750116E+01
 0.22773142E+01  0.28685835E+00  0.19598192E+01
 0.22788634E+01  0.28987095E+00  0.19446268E+01
 0.22804126E+01  0.29286002E+00  0.19294344E+01
 0.22819618E+01  0.29582555E+00  0.19142420E+01
 0.22835110E+01  0.29876754E+00  0.18990496E+01
 0.22850602E+01  0.30168600E+00  0.18838572E+01
 0.22866094E+01  0.30458092E+00  0.18686648E+01
 0.22881586E+01  0.30745231E+00  0.18534724E+01
 0.22897078E+01  0.31030016E+00  0.18382800E+01
 0.22912569E+01  0.31312448E+00  0.18230876E+01
 0.22928061E+01  0.31592526E+00  0.18078952E+01
 0.22943553E+01  0.31870250E+00  0.17927028E+01
 0.22959045E+01  0.32145621E+00  0.17775104E+01
 0.22974537E+01  0.32418638E+00  0.17623180E+01
 0.22990029E+01  0.32689301E+00  0.17471256E+01
 0.23005521E+01  0.32957611E+00  0.17319332E+01
 0.23021013E+01  0.33223568E+00  0.17167408E+01
 0.23036505E+01  0.33487170E+00  0.17015484E+01
 0.23051997E+01  0.33748420E+00  0.16863561E+01
 0.23067489E+01  0.34007315E+00  0.16711637E+01
 0.23082981E+01  0.34263857E+00  0.16559713E+01
 0.23098473E+01  0.34518046E+00  0.16407789E+01
 0.23113965E+01  0.34769880E+00  0.16255865E+01
 0.23129457E+01  0.35019361E+00  0.16103941E+01
 0.23144948E+01  0.35266489E+00  0.15952017E+01
 0.23160440E+01  0.35511263E+00  0.15800093E+01
 0.23175932E+01  0.35753683E+00  0.15648169E+01
 0.23191424E+01  0.35993750E+00  0.15496245E+01
 0.23206916E+01  0.36231463E+00  0.15344321E+01
 0.23222408E+01  0.36466823E+00  0.15192397E+01
 0.23237900E+01  0.36699829E+00  0.15040473E+01
 0.23253392E+01  0.36930481E+00  0.14888549E+01
 0.23268884E+01  0.37158780E+00  0.14736625E+01
 0.23284376E+01  0.37384725E+00  0.14584701E+01
 0.23299868E+01  0.37608317E+00  0.14432777E+01
 0.23315360E+01  0.37829555E+00  0.14280853E+01
 0.23330852E+01  0.38048440E+00  0.14128929E+01
 0.23346344E+01  0.38264970E+00  0.13977005E+01
 0.23361836E+01  0.38479148E+00  0.13825081E+01
 0.23377327E+01  0.38690971E+00  0.13673157E+01
 0.23392819E+01  0.38900441E+00  0.13521233E+01
 0.23408311E+01  0.39107558E+00  0.13369309E+01
 0.23423803E+01  0.39312321E+00  0.13217385E+01
 0.23439295E+01  0.39514730E+00  0.13065461E+01
 0.23454787E+01  0.39714785E+00  0.12913537E+01
 0.23470279E+01  0.39912488E+00  0.12761613E+01
 0.23485771E+01  0.40107836E+00  0.12609689E+01
 0.23501263E+01  0.40300831E+00  0.12457765E+01
 0.23516755E+01  0.40491472E+00  0.12305841E+01
 0.23532247E+01  0.40679760E+00  0.12153917E+01
 0.23547739E+01  0.40865694E+00  0.12001994E+01
 0.23563231E+01  0.41049274E+00  0.11850070E+01
 0.23578723E+01  0.41230501E+00  0.11698146E+01
 0.23594215E+01  0.41409375E+00  0.11546222E+01
 0.23609706E+01  0.41585894E+00  0.11394298E+01
 0.23625198E+01  0.41760060E+00  0.11242374E+01
 0.23640690E+01  0.41931873E+00  0.11090450E+01
 0.23656182E+01  0.42101332E+00  0.10938526E+01
 0.23671674E+01  0.42268437E+00  0.10786602E+01
 0.23687166E+01  0.42433189E+00  0.10634678E+01
 0.23702658E+01  0.42595587E+00  0.10482754E+01
 0.23718150E+01  0.42755632E+00  0.10330830E+01
 0.23733642E+01  0.42913322E+00  0.10178906E+01
 0.23749134E+01  0.43068660E+00  0.10026982E+01
 0.23764626E+01  0.43221644E+00  0.98750580E+00
 0.23780118E+01  0.43372274E+00  0.97231340E+00
 0.23795610E+01  0.43520550E+00  0.95712100E+00
 0.23811102E+01  0.43666473E+00  0.94192860E+00
 0.23826594E+01  0.43810043E+00  0.92673621E+00
 0.23842085E+01  0.43951258E+00  0.91154381E+00
 0.23857577E+01  0.44090120E+00  0.89635141E+00
 0.23873069E+01  0.44226629E+00  0.88115902E+00
 0.23888561E+01  0.44360784E+00  0.86596662E+00
 0.23904053E+01  0.44492585E+00  0.85077422E+00
 0.23919545E+01  0.44622033E+00  0.83558183E+00
 0.23935037E+01  0.44749127E+00  0.82038943E+00
 0.23950529E+01  0.44873868E+00  0.80519703E+00
 0.23966021E+01  0.44996255E+00  0.79000464E+00
 0.23981513E+01  0.45116288E+00  0.77481224E+00
 0.23997005E+01  0.45233968E+00  0.75961984E+00
 0.24012497E+01  0.45349294E+00  0.74442745E+00
 0.24027989E+01  0.45462267E+00  0.72923505E+00
 0.24043481E+01  0.45572886E+00  0.71404265E+00
 0.24058973E+01  0.45681151E+00  0.69885026E+00
 0.24074464E+01  0.45787063E+00  0.68365786E+00
 0.24089956E+01  0.45890621E+00  0.66846546E+00
 0.24105448E+01  0.45991826E+00  0.65327306E+00
 0.24120940E+01  0.46090677E+00  0.63808067E+00
 0.24136432E+01  0.46187174E+00  0.62288827E+00
 0.24151924E+01  0.46281318E+00  0.60769587E+00
 0.24167416E+01  0.46373109E+00  0.59250348E+00
 0.24182908E+01  0.46462545E+00  0.57731108E+00
 0.24198400E+01  0.46549628E+00  0.56211868E+00
 0.24213892E+01  0.46634358E+00  0.54692629E+00
 0.24229384E+01  0.46716734E+00  0.53173389E+00
 0.24244876E+01  0.46796756E+00  0.51654149E+00
 0.24260368E+01  0.46874425E+00  0.50134910E+00
 0.24275860E+01  0.46949740E+00  0.48615670E+00
 0.24291352E+01  0.47022701E+00  0.47096430E+00
 0.24306843E+01  0.47093309E+00  0.45577191E+00
 0.24322335E+01  0.47161563E+00  0.44057951E+00
 0.24337827E+01  0.47227464E+00  0.42538711E+00
 0.24353319E+01  0.47291011E+00  0.41019472E+00
 0.24368811E+01  0.47352204E+00  0.39500232E+00
 0.24384303E+01  0.47411044E+00  0.37980992E+00
 0.24399795E+01  0.47467531E+00  0.36461752E+00
 0.24415287E+01  0.47521663E+00  0.34942513E+00
 0.24430779E+01  0.47573443E+00  0.33423273E+00
 0.24446271E+01  0.47622868E+00  0.31904033E+00
 0.24461763E+01  0.47669940E+00  0.30384794E+00
 0.24477255E+01  0.47714658E+00  0.28865554E+00
 0.24492747E+01  0.47757023E+00  0.27346314E+00
 0.24508239E+01  0.47797034E+00  0.25827075E+00
 0.24523731E+01  0.47834692E+00  0.24307835E+00
 0.24539222E+01  0.47869996E+00  0.22788595E+00
 0.24554714E+01  0.47902946E+00  0.21269356E+00
 0.24570206E+01  0.47933543E+00  0.19750116E+00
 0.24585698E+01  0.47961786E+00  0.18230876E+00
 0.24601190E+01  0.47987675E+00  0.16711637E+00
 0.24616682E+01  0.48011211E+00  0.15192397E+00
 0.24632174E+01  0.48032394E+00  0.13673157E+00
 0.24647666E+01  0.48051223E+00  0.12153917E+00
 0.24663158E+01  0.48067698E+00  0.10634678E+00
 0.24678650E+01  0.48081819E+00  0.91154381E-01
 0.24694142E+01  0.48093587E+00  0.75961984E-01
 0.24709634E+01  0.48103002E+00  0.60769587E-01
 0.24725126E+01  0.48110062E+00  0.45577191E-01
 0.24740618E+01  0.48114770E+00  0.30384794E-01
 0.24756110E+01  0.48117123E+00  0.15192397E-01
 0.24771601E+01  0.48117123E+00  0.22660693E-12
 0.24787093E+01  0.48114770E+00 -0.15192397E-01
 0.24802585E+01  0.48110062E+00 -0.30384794E-01
 0.24818077E+01  0.48103002E+00 -0.45577191E-01
 0.24833569E+01  0.48093587E+00 -0.60769587E-01
 0.24849061E+01  0.48081819E+00 -0.75961984E-01
 0.24864553E+01  0.48067698E+00 -0.91154381E-01
 0.24880045E+01  0.48051223E+00 -0.10634678E+00
 0.24895537E+01  0.48032394E+00 -0.12153917E+00
 0.24911029E+01  0.48011211E+00 -0.13673157E+00
 0.24926521E+01  0.47987675E+00 -0.15192397E+00
 0.24942013E+01  0.47961786E+00 -0.16711637E+00
 0.24957505E+01  0.47933543E+00 -0.18230876E+00
 0.24972997E+01  0.47902946E+00 -0.19750116E+00
 0.24988489E+01  0.47869996E+00 -0.21269356E+00
 0.25003980E+01  0.47834692E+00 -0.22788595E+00
 0.25019472E+01  0.47797034E+00 -0.24307835E+00
 0.25034964E+01  0.47757023E+00 -0.25827075E+00
 0.25050456E+01  0.47714658E+00 -0.27346314E+00
 0.25065948E+01  0.47669940E+00 -0.28865554E+00
 0.25081440E+01  0.47622868E+00 -0.30384794E+00
 0.25096932E+01  0.47573443E+00 -0.31904033E+00
 0.25112424E+01  0.47521663E+00 -0.33423273E+00
 0.25127916E+01  0.47467531E+00 -0.34942513E+00
 0.25143408E+01  0.47411044E+00 -0.36461752E+00
 0.25158900E+01  0.47352204E+00 -0.37980992E+00
 0.25174392E+01  0.47291011E+00 -0.39500232E+00
 0.25189884E+01  0.47227464E+00 -0.41019472E+00
 0.25205376E+01  0.47161563E+00 -0.42538711E+00
 0.25220868E+01  0.47093309E+00 -0.44057951E+00
 0.25236359E+01  0.47022701E+00 -0.45577191E+00
 0.25251851E+01  0.46949740E+00 -0.47096430E+00
 0.25267343E+01  0.46874425E+00 -0.48615670E+00
 0.25282835E+01  0.46796756E+00 -0.50134910E+00
 0.25298327E+01  0.46716734E+00 -0.51654149E+00
 0.25313819E+01  0.46634358E+00 -0.53173389E+00
 0.25329311E+01  0.46549628E+00 -0.54692629E+00
 0.25344803E+01  0.46462545E+00 -0.56211868E+00
 0.25360295E+01  0.46373109E+00 -0.57731108E+00
 0.25375787E+01  0.46281318E+00 -0.59250348E+00
 0.25391279E+01  0.46187174E+00 -0.60769587E+00
 0.25406771E+01  0.46090677E+00 -0.62288827E+00
 0.25422263E+01  0.45991826E+00 -0.63808067E+00
 0.25437755E+01  0.45890621E+00 -0.65327306E+00
 0.25453247E+01  0.45787063E+00 -0.66846546E+00
 0.25468738E+01  0.45681151E+00 -0.68365786E+00
 0.25484230E+01  0.45572886E+00 -0.69885026E+00
 0.25499722E+01  0.45462267E+00 -0.71404265E+00
 0.25515214E+01  0.45349294E+00 -0.72923505E+00
 0.25530706E+01  0.45233968E+00 -0.74442745E+00
 0.25546198E+01  0.45116288E+00 -0.75961984E+00
 0.25561690E+01  0.44996255E+00 -0.77481224E+00
 0.25577182E+01  0.44873868E+00 -0.79000464E+00
 0.25592674E+01  0.44749127E+00 -0.80519703E+00
 0.25608166E+01  0.44622033E+00 -0.82038943E+00
 0.25623658E+01  0.44492585E+00 -0.83558183E+00
 0.25639150E+01  0.44360784E+00 -0.85077422E+00
 0.25654642E+01  0.44226629E+00 -0.86596662E+00
 0.25670134E+01  0.44090120E+00 -0.88115902E+00
 0.25685626E+01  0.43951258E+00 -0.89635141E+00
 0.25701117E+01  0.43810043E+00 -0.91154381E+00
 0.25716609E+01  0.43666473E+00 -0.92673621E+00
 0.25732101E+01  0.43520550E+00 -0.94192860E+00
 0.25747593E+01  0.43372274E+00 -0.95712100E+00
 0.25763085E+01  0.43221644E+00 -0.97231340E+00
 0.25778577E+01  0.43068660E+00 -0.98750580E+00
 0.25794069E+01  0.42913322E+00 -0.10026982E+01
 0.25809561E+01  0.42755632E+00 -0.10178906E+01
 0.25825053E+01  0.42595587E+00 -0.10330830E+01
 0.25840545E+01  0.42433189E+00 -0.10482754E+01
 0.25856037E+01  0.42268437E+00 -0.10634678E+01
 0.25871529E+01  0.42101332E+00 -0.10786602E+01
 0.25887021E+01  0.41931873E+00 -0.10938526E+01
 0.25902513E+01  0.41760060E+00 -0.11090450E+01
 0.25918005E+01  0.41585894E+00 -0.11242374E+01
 0.25933496E+01  0.41409375E+00 -0.11394298E+01
 0.25948988E+01  0.41230501E+00 -0.11546222E+01
 0.25964480E+01  0.41049274E+00 -0.11698146E+01
 0.25979972E+01  0.40865694E+00 -0.11850070E+01
 0.25995464E+01  0.40679760E+00 -0.12001994E+01
 0.26010956E+01  0.40491472E+00 -0.12153917E+01
 0.26026448E+01  0.40300831E+00 -0.12305841E+01
 0.26041940E+01  0.40107836E+00 -0.12457765E+01
 0.26057432E+01  0.39912488E+00 -0.12609689E+01
 0.26072924E+01  0.39714785E+00 -0.12761613E+01
 0.26088416E+01  0.39514730E+00 -0.12913537E+01
 0.26103908E+01  0.39312321E+00 -0.13065461E+01
 0.26119400E+01  0.39107558E+00 -0.13217385E+01
 0.26134892E+01  0.38900441E+00 -0.13369309E+01
 0.26150384E+01  0.38690971E+00 -0.13521233E+01
 0.26165875E+01  0.38479148E+00 -0.13673157E+01
 0.26181367E+01  0.38264970E+00 -0.13825081E+01
 0.26196859E+01  0.38048440E+00 -0.13977005E+01
 0.26212351E+01  0.37829555E+00 -0.14128929E+01
 0.26227843E+01  0.37608317E+00 -0.14280853E+01
 0.26243335E+01  0.37384725E+00 -0.14432777E+01
 0.26258827E+01  0.37158780E+00 -0.14584701E+01
 0.26274319E+01  0.36930481E+00 -0.14736625E+01
 0.26289811E+01  0.36699829E+00 -0.14888549E+01
 0.26305303E+01  0.36466823E+00 -0.15040473E+01
 0.26320795E+01  0.36231463E+00 -0.15192397E+01
 0.26336287E+01  0.35993750E+00 -0.15344321E+01
 0.26351779E+01  0.35753683E+00 -0.15496245E+01
 0.26367271E+01  0.35511263E+00 -0.15648169E+01
 0.26382763E+01  0.35266489E+00 -0.15800093E+01
 0.26398254E+01  0.35019361E+00 -0.15952017E+01
 0.26413746E+01  0.34769880E+00 -0.16103941E+01
 0.26429238E+01  0.34518046E+00 -0.16255865E+01
 0.26444730E+01  0.34263857E+00 -0.16407789E+01
 0.26460222E+01  0.34007315E+00 -0.16559713E+01
 0.26475714E+01  0.33748420E+00 -0.16711637E+01
 0.26491206E+01  0.33487170E+00 -0.16863561E+01
 0.26506698E+01  0.33223568E+00 -0.17015484E+01
 0.26522190E+01  0.32957611E+00 -0.17167408E+01
 0.26537682E+01  0.32689301E+00 -0.17319332E+01
 0.26553174E+01  0.32418638E+00 -0.17471256E+01
 0.26568666E+01  0.32145621E+00 -0.17623180E+01
 0.26584158E+01  0.31870250E+00 -0.17775104E+01
 0.26599650E+01  0.31592526E+00 -0.17927028E+01
 0.26615142E+01  0.31312448E+00 -0.18078952E+01
 0.26630633E+01  0.31030016E+00 -0.18230876E+01
 0.26646125E+01  0.30745231E+00 -0.18382800E+01
 0.26661617E+01  0.30458092E+00 -0.18534724E+01
 0.26677109E+01  0.30168600E+00 -0.18686648E+01
 0.26692601E+01  0.29876754E+00 -0.18838572E+01
 0.26708093E+01  0.29582555E+00 -0.18990496E+01
 0.26723585E+01  0.29286002E+00 -0.19142420E+01
 0.26739077E+01  0.28987095E+00 -0.19294344E+01
 0.26754569E+01  0.28685835E+00 -0.19446268E+01
 0.26770061E+01  0.28382221E+00 -0.19598192E+01
 0.26785553E+01  0.28076253E+00 -0.19750116E+01
 0.26801045E+01  0.27767932E+00 -0.19902040E+01
 0.26816537E+01  0.27457258E+00 -0.20053964E+01
 0.26832029E+01  0.27144229E+00 -0.20205888E+01
 0.26847521E+01  0.26828847E+00 -0.20357812E+01
 0.26863012E+01  0.26511112E+00 -0.20509736E+01
 0.26878504E+01  0.26191023E+00 -0.20661660E+01
 0.26893996E+01  0.25868580E+00 -0.20813584E+01
 0.26909488E+01  0.25543784E+00 -0.20965508E+01
 0.26924980E+01  0.25216634E+00 -0.21117432E+01
 0.26940472E+01  0.24887131E+00 -0.21269356E+01
 0.26955964E+01  0.24555274E+00 -0.21421280E+01
 0.26971456E+01  0.24221063E+00 -0.21573204E+01
 0.26986948E+01  0.23884499E+00 -0.21725127E+01
 0.27002440E+01  0.23545581E+00 -0.21877051E+01
 0.27017932E+01  0.23204310E+00 -0.22028975E+01
 0.27033424E+01  0.22860685E+00 -0.22180899E+01
 0.27048916E+01  0.22514706E+00 -0.22332823E+01
 0.27064408E+01  0.22166374E+00 -0.22484747E+01
 0.27079900E+01  0.21815688E+00 -0.22636671E+01
 0.27095391E+01  0.21462648E+00 -0.22788595E+01
 0.27110883E+01  0.21107256E+00 -0.22940519E+01
 0.27126375E+01  0.20749509E+00 -0.23092443E+01
 0.27141867E+01  0.20389409E+00 -0.23244367E+01
 0.27157359E+01  0.20026955E+00 -0.23396291E+01
 0.27172851E+01  0.19662148E+00 -0.23548215E+01
 0.27188343E+01  0.19294987E+00 -0.23700139E+01
 0.27203835E+01  0.18925472E+00 -0.23852063E+01
 0.27219327E+01  0.18553604E+00 -0.24003987E+01
 0.27234819E+01  0.18179382E+00 -0.24155911E+01
 0.27250311E+01  0.17802807E+00 -0.24307835E+01
 0.27265803E+01  0.17423878E+00 -0.24459759E+01
 0.27281295E+01  0.17042595E+00 -0.24611683E+01
 0.27296787E+01  0.16658959E+00 -0.24763607E+01
 0.27312279E+01  0.16272969E+00 -0.24915531E+01
 0.27327770E+01  0.15884626E+00 -0.25067455E+01
 0.27343262E+01  0.15493929E+00 -0.25219379E+01
 0.27358754E+01  0.15100879E+00 -0.25371303E+01
 0.27374246E+01  0.14705474E+00 -0.25523227E+01
 0.27389738E+01  0.14307717E+00 -0.25675151E+01
 0.27405230E+01  0.13907605E+00 -0.25827075E+01
 0.27420722E+01  0.13505140E+00 -0.25978999E+01
 0.27436214E+01  0.13100322E+00 -0.26130923E+01
 0.27451706E+01  0.12693150E+00 -0.26282847E+01
 0.27467198E+01  0.12283624E+00 -0.26434771E+01
 0.27482690E+01  0.11871745E+00 -0.26586694E+01
 0.27498182E+01  0.11457512E+00 -0.26738618E+01
 0.27513674E+01  0.11040925E+00 -0.26890542E+01
 0.27529166E+01  0.10621985E+00 -0.27042466E+01
 0.27544658E+01  0.10200692E+00 -0.27194390E+01
 0.27560149E+01  0.97770444E-01 -0.27346314E+01
 0.27575641E+01  0.93510435E-01 -0.27498238E+01
 0.27591133E+01  0.89226890E-01 -0.27650162E+01
 0.27606625E+01  0.84919809E-01 -0.27802086E+01
 0.27622117E+01  0.80589193E-01 -0.27954010E+01
 0.27637609E+01  0.76235040E-01 -0.28105934E+01
 0.27653101E+01  0.71857352E-01 -0.28257858E+01
 0.27668593E+01  0.67456127E-01 -0.28409782E+01
 0.27684085E+01  0.63031367E-01 -0.28561706E+01
 0.27699577E+01  0.58583070E-01 -0.28713630E+01
 0.27715069E+01  0.54111238E-01 -0.28865554E+01
 0.27730561E+01  0.49615869E-01 -0.29017478E+01
 0.27746053E+01  0.45096965E-01 -0.29169402E+01
 0.27761545E+01  0.40554525E-01 -0.29321326E+01
 0.27777037E+01  0.35988549E-01 -0.29473250E+01
 0.27792528E+01  0.31399036E-01 -0.29625174E+01
 0.27808020E+01  0.26785988E-01 -0.29777098E+01
 0.27823512E+01  0.22149404E-01 -0.29929022E+01
 0.27839004E+01  0.22137636E-01  0.29929022E+01
 0.27854496E+01  0.26750684E-01  0.29777098E+01
 0.27869988E+01  0.31340196E-01  0.29625174E+01
 0.27885480E+01  0.35906173E-01  0.29473250E+01
 0.27900972E+01  0.40448613E-01  0.29321326E+01
 0.27916464E+01  0.44967517E-01  0.29169402E+01
 0.27931956E+01  0.49462886E-01  0.29017478E+01
 0.27947448E+01  0.53934718E-01  0.28865554E+01
 0.27962940E+01  0.58383015E-01  0.28713630E+01
 0.27978432E+01  0.62807775E-01  0.28561706E+01
 0.27993924E+01  0.67209000E-01  0.28409782E+01
 0.28009416E+01  0.71586688E-01  0.28257858E+01
 0.28024907E+01  0.75940841E-01  0.28105934E+01
 0.28040399E+01  0.80271457E-01  0.27954010E+01
 0.28055891E+01  0.84578538E-01  0.27802086E+01
 0.28071383E+01  0.88862083E-01  0.27650162E+01
 0.28086875E+01  0.93122091E-01  0.27498238E+01
 0.28102367E+01  0.97358564E-01  0.27346314E+01
 0.28117859E+01  0.10157150E+00  0.27194390E+01
 0.28133351E+01  0.10576090E+00  0.27042466E+01
 0.28148843E+01  0.10992677E+00  0.26890542E+01
 0.28164335E+01  0.11406910E+00  0.26738618E+01
 0.28179827E+01  0.11818789E+00  0.26586694E+01
 0.28195319E+01  0.12228315E+00  0.26434771E+01
 0.28210811E+01  0.12635487E+00  0.26282847E+01
 0.28226303E+01  0.13040305E+00  0.26130923E+01
 0.28241795E+01  0.13442770E+00  0.25978999E+01
 0.28257286E+01  0.13842881E+00  0.25827075E+01
 0.28272778E+01  0.14240639E+00  0.25675151E+01
 0.28288270E+01  0.14636043E+00  0.25523227E+01
 0.28303762E+01  0.15029094E+00  0.25371303E+01
 0.28319254E+01  0.15419791E+00  0.25219379E+01
 0.28334746E+01  0.15808134E+00  0.25067455E+01
 0.28350238E+01  0.16194124E+00  0.24915531E+01
 0.28365730E+01  0.16577760E+00  0.24763607E+01
 0.28381222E+01  0.16959043E+00  0.24611683E+01
 0.28396714E+01  0.17337972E+00  0.24459759E+01
 0.28412206E+01  0.17714547E+00  0.24307835E+01
 0.28427698E+01  0.18088769E+00  0.24155911E+01
 0.28443190E+01  0.18460637E+00  0.24003987E+01
 0.28458682E+01  0.18830151E+00  0.23852063E+01
 0.28474174E+01  0.19197312E+00  0.23700139E+01
 0.28489665E+01  0.19562120E+00  0.23548215E+01
 0.28505157E+01  0.19924574E+00  0.23396291E+01
 0.28520649E+01  0.20284674E+00  0.23244367E+01
 0.28536141E+01  0.20642420E+00  0.23092443E+01
 0.28551633E+01  0.20997813E+00  0.22940519E+01
 0.28567125E+01  0.21350853E+00  0.22788595E+01
 0.28582617E+01  0.21701538E+00  0.22636671E+01
 0.28598109E+01  0.22049871E+00  0.22484747E+01
 0.28613601E+01  0.22395849E+00  0.22332823E+01
 0.28629093E+01  0.22739474E+00  0.22180899E+01
 0.28644585E+01  0.23080746E+00  0.22028975E+01
 0.28660077E+01  0.23419664E+00  0.21877051E+01
 0.28675569E+01  0.23756228E+00  0.21725127E+01
 0.28691061E+01  0.24090438E+00  0.21573204E+01
 0.28706553E+01  0.24422295E+00  0.21421280E+01
 0.28722044E+01  0.24751799E+00  0.21269356E+01
 0.28737536E+01  0.25078949E+00  0.21117432E+01
 0.28753028E+01  0.25403745E+00  0.20965508E+01
 0.28768520E+01  0.25726188E+00  0.20813584E+01
 0.28784012E+01  0.26046277E+00  0.20661660E+01
 0.28799504E+01  0.26364012E+00  0.20509736E+01
 0.28814996E+01  0.26679394E+00  0.20357812E+01
 0.28830488E+01  0.26992422E+00  0.20205888E+01
 0.28845980E+01  0.27303097E+00  0.20053964E+01
 0.28861472E+01  0.27611418E+00  0.19902040E+01
 0.28876964E+01  0.27917386E+00  0.19750116E+01
 0.28892456E+01  0.28220999E+00  0.19598192E+01
 0.28907948E+01  0.28522260E+00  0.19446268E+01
 0.28923440E+01  0.28821166E+00  0.19294344E+01
 0.28938932E+01  0.29117719E+00  0.19142420E+01
 0.28954423E+01  0.29411919E+00  0.18990496E+01
 0.28969915E+01  0.29703765E+00  0.18838572E+01
 0.28985407E+01  0.29993257E+00  0.18686648E+01
 0.29000899E+01  0.30280396E+00  0.18534724E+01
 0.29016391E+01  0.30565181E+00  0.18382800E+01
 0.29031883E+01  0.30847613E+00  0.18230876E+01
 0.29047375E+01  0.31127690E+00  0.18078952E+01
 0.29062867E+01  0.31405415E+00  0.17927028E+01
 0.29078359E+01  0.31680786E+00  0.17775104E+01
 0.29093851E+01  0.31953803E+00  0.17623180E+01
 0.29109343E+01  0.32224466E+00  0.17471256E+01
 0.29124835E+01  0.32492776E+00  0.17319332E+01
 0.29140327E+01  0.32758732E+00  0.17167408E+01
 0.29155819E+01  0.33022335E+00  0.17015484E+01
 0.29171311E+01  0.33283584E+00  0.16863561E+01
 0.29186802E+01  0.33542480E+00  0.16711637E+01
 0.29202294E+01  0.33799022E+00  0.16559713E+01
 0.29217786E+01  0.34053210E+00  0.16407789E+01
 0.29233278E+01  0.34305045E+00  0.16255865E+01
 0.29248770E+01  0.34554526E+00  0.16103941E+01
 0.29264262E+01  0.34801654E+00  0.15952017E+01
 0.29279754E+01  0.35046428E+00  0.15800093E+01
 0.29295246E+01  0.35288848E+00  0.15648169E+01
 0.29310738E+01  0.35528915E+00  0.15496245E+01
 0.29326230E+01  0.35766628E+00  0.15344321E+01
 0.29341722E+01  0.36001988E+00  0.15192397E+01
 0.29357214E+01  0.36234994E+00  0.15040473E+01
 0.29372706E+01  0.36465646E+00  0.14888549E+01
 0.29388198E+01  0.36693945E+00  0.14736625E+01
 0.29403690E+01  0.36919890E+00  0.14584701E+01
 0.29419181E+01  0.37143482E+00  0.14432777E+01
 0.29434673E+01  0.37364720E+00  0.14280853E+01
 0.29450165E+01  0.37583604E+00  0.14128929E+01
 0.29465657E+01  0.37800135E+00  0.13977005E+01
 0.29481149E+01  0.38014312E+00  0.13825081E+01
 0.29496641E+01  0.38226136E+00  0.13673157E+01
 0.29512133E+01  0.38435606E+00  0.13521233E+01
 0.29527625E+01  0.38642722E+00  0.13369309E+01
 0.29543117E+01  0.38847485E+00  0.13217385E+01
 0.29558609E+01  0.39049895E+00  0.13065461E+01
 0.29574101E+01  0.39249950E+00  0.12913537E+01
 0.29589593E+01  0.39447652E+00  0.12761613E+01
 0.29605085E+01  0.39643001E+00  0.12609689E+01
 0.29620577E+01  0.39835996E+00  0.12457765E+01
 0.29636069E+01  0.40026637E+00  0.12305841E+01
 0.29651560E+01  0.40214925E+00  0.12153917E+01
 0.29667052E+01  0.40400859E+00  0.12001994E+01
 0.29682544E+01  0.40584439E+00  0.11850070E+01
 0.29698036E+01  0.40765666E+00  0.11698146E+01
 0.29713528E+01  0.40944539E+00  0.11546222E+01
 0.29729020E+01  0.41121059E+00  0.11394298E+01
 0.29744512E+01  0.41295225E+00  0.11242374E+01
 0.29760004E+01  0.41467038E+00  0.11090450E+01
 0.29775496E+01  0.41636497E+00  0.10938526E+01
 0.29790988E+01  0.41803602E+00  0.10786602E+01
 0.29806480E+01  0.41968354E+00  0.10634678E+01
 0.29821972E+01  0.42130752E+00  0.10482754E+01
 0.29837464E+01  0.42290796E+00  0.10330830E+01
 0.29852956E+01  0.42448487E+00  0.10178906E+01
 0.29868448E+01  0.42603825E+00  0.10026982E+01
 0.29883939E+01  0.42756808E+00  0.98750580E+00
 0.29899431E+01  0.42907438E+00  0.97231340E+00
 0.29914923E+01  0.43055715E+00  0.95712100E+00
 0.29930415E+01  0.43201638E+00  0.94192860E+00
 0.29945907E+01  0.43345207E+00  0.92673621E+00
 0.29961399E+01  0.43486423E+00  0.91154381E+00
 0.29976891E+01  0.43625285E+00  0.89635141E+00
 0.29992383E+01  0.43761794E+00  0.88115902E+00
 0.30007875E+01  0.43895949E+00  0.86596662E+00
 0.30023367E+01  0.44027750E+00  0.85077422E+00
 0.30038859E+01  0.44157198E+00  0.83558183E+00
 0.30054351E+01  0.44284292E+00  0.82038943E+00
 0.30069843E+01  0.44409033E+00  0.80519703E+00
 0.30085335E+01  0.44531420E+00  0.79000464E+00
 0.30100827E+01  0.44651453E+00  0.77481224E+00
 0.30116319E+01  0.44769133E+00  0.75961984E+00
 0.30131810E+01  0.44884459E+00  0.74442745E+00
 0.30147302E+01  0.44997432E+00  0.72923505E+00
 0.30162794E+01  0.45108051E+00  0.71404265E+00
 0.30178286E+01  0.45216316E+00  0.69885026E+00
 0.30193778E+01  0.45322228E+00  0.68365786E+00
 0.30209270E+01  0.45425786E+00  0.66846546E+00
 0.30224762E+01  0.45526991E+00  0.65327306E+00
 0.30240254E+01  0.45625842E+00  0.63808067E+00
 0.30255746E+01  0.45722339E+00  0.62288827E+00
 0.30271238E+01  0.45816483E+00  0.60769587E+00
 0.30286730E+01  0.45908273E+00  0.59250348E+00
 0.30302222E+01  0.45997710E+00  0.57731108E+00
 0.30317714E+01  0.46084793E+00  0.56211868E+00
 0.30333206E+01  0.46169523E+00  0.54692629E+00
 0.30348698E+01  0.46251898E+00  0.53173389E+00
 0.30364189E+01  0.46331921E+00  0.51654149E+00
 0.30379681E+01  0.46409589E+00  0.50134910E+00
 0.30395173E+01  0.46484904E+00  0.48615670E+00
 0.30410665E+01  0.46557866E+00  0.47096430E+00
 0.30426157E+01  0.46628474E+00  0.45577191E+00
 0.30441649E+01  0.46696728E+00  0.44057951E+00
 0.30457141E+01  0.46762629E+00  0.42538711E+00
 0.30472633E+01  0.46826176E+00  0.41019472E+00
 0.30488125E+01  0.46887369E+00  0.39500232E+00
 0.30503617E+01  0.46946209E+00  0.37980992E+00
 0.30519109E+01  0.47002695E+00  0.36461752E+00
 0.30534601E+01  0.47056828E+00  0.34942513E+00
 0.30550093E+01  0.47108607E+00  0.33423273E+00
 0.30565585E+01  0.47158033E+00  0.31904033E+00
 0.30581077E+01  0.47205105E+00  0.30384794E+00
 0.30596568E+01  0.47249823E+00  0.28865554E+00
 0.30612060E+01  0.47292188E+00  0.27346314E+00
 0.30627552E+01  0.47332199E+00  0.25827075E+00
 0.30643044E+01  0.47369856E+00  0.24307835E+00
 0.30658536E+01  0.47405160E+00  0.22788595E+00
 0.30674028E+01  0.47438111E+00  0.21269356E+00
 0.30689520E+01  0.47468707E+00  0.19750116E+00
 0.30705012E+01  0.47496951E+00  0.18230876E+00
 0.30720504E+01  0.47522840E+00  0.16711637E+00
 0.30735996E+01  0.47546376E+00  0.15192397E+00
 0.30751488E+01  0.47567559E+00  0.13673157E+00
 0.30766980E+01  0.47586387E+00  0.12153917E+00
 0.30782472E+01  0.47602862E+00  0.10634678E+00
 0.30797964E+01  0.47616984E+00  0.91154381E-01
 0.30813456E+01  0.47628752E+00  0.75961984E-01
 0.30828947E+01  0.47638166E+00  0.60769587E-01
 0.30844439E+01  0.47645227E+00  0.45577191E-01
 0.30859931E+01  0.47649934E+00  0.30384794E-01
 0.30875423E+01  0.47652288E+00  0.15192397E-01
 0.30890915E+01  0.47652288E+00 -0.22563163E-10
 0.30906407E+01  0.47649934E+00 -0.15192397E-01
 0.30921899E+01  0.47645227E+00 -0.30384794E-01
 0.30937391E+01  0.47638166E+00 -0.45577191E-01
 0.30952883E+01  0.47628752E+00 -0.60769587E-01
