  0.000000000000000E+000  3.770559593627596E-004
  1.549193338482967E-003  1.508223837451038E-003
  3.098386676965934E-003  3.393503634264836E-003
  4.647580015448901E-003  6.032895349804153E-003
  6.196773353931867E-003  9.426398984068990E-003
  7.745966692414834E-003  1.357401453705934E-002
  9.295160030897802E-003  1.847574200877522E-002
  1.084435336938077E-002  2.413158139921661E-002
  1.239354670786373E-002  3.054153270838353E-002
  1.394274004634670E-002  3.770559593627596E-002
  1.549193338482967E-002  4.562377108289391E-002
  1.704112672331264E-002  5.429605814823740E-002
  1.859032006179560E-002  6.372245713230638E-002
  2.013951340027857E-002  7.390296803510091E-002
  2.168870673876154E-002  8.483759085662093E-002
  2.323790007724450E-002  9.652632559686650E-002
  2.478709341572747E-002  0.108969172255838     
  2.633628675421044E-002  0.122166130833534     
  2.788548009269340E-002  0.136117201329956     
  2.943467343117637E-002  0.150822383745104     
  3.098386676965934E-002  0.166281678078977     
  3.253306010814230E-002  0.182495084331576     
  3.408225344662527E-002  0.199462602502900     
  3.563144678510824E-002  0.217184232592949     
  3.718064012359121E-002  0.235659974601725     
  3.872983346207417E-002  0.254889828529225     
  4.027902680055714E-002  0.274873794375452     
  4.182822013904011E-002  0.295611872140403     
  4.337741347752307E-002  0.317104061824081     
  4.492660681600604E-002  0.339350363426483     
  4.647580015448900E-002  0.362350776947612     
  4.802499349297197E-002  0.386105302387465     
  4.957418683145494E-002  0.410613939746045     
  5.112338016993791E-002  0.435876689023350     
  5.267257350842088E-002  0.461893550219380     
  5.422176684690384E-002  0.488664523334136     
  5.577096018538680E-002  0.516189608367618     
  5.732015352386977E-002  0.544468805319825     
  5.886934686235274E-002  0.573502114190757     
  6.041854020083571E-002  0.603289534980415     
  6.196773353931867E-002  0.633831067688799     
  6.351692687780164E-002  0.665126712315908     
  6.506612021628461E-002  0.697176468861743     
  6.661531355476757E-002  0.729980337326303     
  6.816450689325054E-002  0.763538317709589     
  6.971370023173351E-002  0.797850410011600     
  7.126289357021648E-002  0.832916614232337     
  7.281208690869945E-002  0.868736930371799     
  7.436128024718242E-002  0.905311358429987     
  7.591047358566537E-002  0.942639898406900     
  7.745966692414834E-002  0.980722550302539     
  7.900886026263131E-002   1.01955931411690     
  8.055805360111427E-002   1.05915018984999     
  8.210724693959724E-002   1.09949517750181     
  8.365644027808021E-002   1.14059427707235     
  8.520563361656318E-002   1.18244748856162     
  8.675482695504615E-002   1.22505481196961     
  8.830402029352911E-002   1.26841624729633     
  8.985321363201208E-002   1.31253179454177     
  9.140240697049504E-002   1.35740145370594     
  9.295160030897801E-002   1.40302522478883     
  9.450079364746097E-002   1.44940310779045     
  9.604998698594394E-002   1.49653510271080     
  9.759918032442691E-002   1.54442120954987     
  9.914837366290988E-002   1.59306142830766     
  0.100697567001393        1.64245575898418     
  0.102246760339876        1.69260420157943     
  0.103795953678359        1.74350675609340     
  0.105345147016842        1.79516342252610     
  0.106894340355325        1.84757420087753     
  0.108443533693808        1.90073909114767     
  0.109992727032291        1.95465809333655     
  0.111541920370774        2.00933120744415     
  0.113091113709257        2.06475843347048     
  0.114640307047740        2.12093977141553     
  0.116189500386223        2.17787522127930     
  0.117738693724705        2.23556478306181     
  0.119287887063188        2.29400845676303     
  0.120837080401671        2.35320624238299     
  0.122386273740154        2.41315813992167     
  0.123935467078637        2.47386414937907     
  0.125484660417120        2.53532427075520     
  0.127033853755603        2.59753850405006     
  0.128583047094086        2.66050684926364     
  0.130132240432569        2.72422930639594     
  0.131681433771052        2.78870587544698     
  0.133230627109535        2.85393655641673     
  0.134779820448018        2.91992134930522     
  0.136329013786501        2.98666025411243     
  0.137878207124984        3.05415327083836     
  0.139427400463467        3.12240039948302     
  0.140976593801950        3.19140164004641     
  0.142525787140433        3.26115699252852     
  0.144074980478916        3.33166645692935     
  0.145624173817399        3.40293003324891     
  0.147173367155882        3.47494772148720     
  0.148722560494365        3.54771952164421     
  0.150271753832848        3.62124543371995     
  0.151820947171331        3.69552545771442     
  0.153370140509814        3.77055959362761     
  0.154919333848297        3.84634784145952     
  0.156468527186780        3.92289020121016     
  0.158017720525263        4.00018667287953     
  0.159566913863746        4.07823725646762     
  0.161116107202229        4.15704195197444     
  0.162665300540712        4.23660075939998     
  0.164214493879194        4.31691367874425     
  0.165763687217677        4.39798071000724     
  0.167312880556160        4.47980185318896     
  0.168862073894643        4.56237710828940     
  0.170411267233126        4.64570647530858     
  0.171960460571609        4.72978995424647     
  0.173509653910092        4.81462754510309     
  0.175058847248575        4.90021924787844     
  0.176608040587058        4.98656506257251     
  0.178157233925541        5.07366498918531     
  0.179706427264024        5.16151902771683     
  0.181255620602507        5.25012717816708     
  0.182804813940990        5.33948944053606     
  0.184354007279473        5.42960581482376     
  0.185903200617956        5.52047630103018     
  0.187452393956439        5.61210089915533     
  0.189001587294922        5.70447960919921     
  0.190550780633405        5.79761243116181     
  0.192099973971888        5.89149936504314     
  0.193649167310371        5.98614041084319     
  0.195198360648854        6.08153556856197     
  0.196747553987337        6.17768483819947     
  0.198296747325820        6.27458821975570     
  0.199845940664303        6.37224571323066     
  0.201395134002786        6.47065731862434     
  0.202944327341269        6.56982303593674     
  0.204493520679752        6.66974286516788     
  0.206042714018235        6.77041680631773     
  0.207591907356718        6.87184485938631     
  0.209141100695201        6.97402702437362     
  0.210690294033684        7.07696330127966     
  0.212239487372166        7.18065369010442     
  0.213788680710649        7.28509819084790     
  0.215337874049132        7.39029680351011     
  0.216887067387615        7.49624952809105     
  0.218436260726098        7.60295636459071     
  0.219985454064581        7.71041731300910     
  0.221534647403064        7.81863237334621     
  0.223083840741547        7.92760154560205     
  0.224633034080030        8.03732482977661     
  0.226182227418513        8.14780222586990     
  0.227731420756996        8.25903373388191     
  0.229280614095479        8.37101935381265     
  0.230829807433962        8.48375908566212     
  0.232379000772445        8.59725292943031     
  0.233928194110928        8.71150088511722     
  0.235477387449411        8.82650295272287     
  0.237026580787894        8.94225913224724     
  0.238575774126377        9.05876942369033     
  0.240124967464860        9.17603382705215     
  0.241674160803343        9.29405234233269     
  0.243223354141826        9.41282496953196     
  0.244772547480309        9.53235170864996     
  0.246321740818792        9.65263255968668     
  0.247870934157275        9.77366752264212     
  0.249420127495758        9.89545659751630     
  0.250969320834241        10.0179997843092     
  0.252518514172724        10.1412970830208     
  0.254067707511207        10.2653484936512     
  0.255616900849690        10.3901540162002     
  0.257166094188172        10.5157136506680     
  0.258715287526655        10.6420273970546     
  0.260264480865138        10.7690952553598     
  0.261813674203621        10.8969172255838     
  0.263362867542104        11.0254933077265     
  0.264912060880587        11.1548235017879     
  0.266461254219070        11.2849078077681     
  0.268010447557553        11.4157462256669     
  0.269559640896036        11.5473387554846     
  0.271108834234519        11.6796853972209     
  0.272658027573002        11.8127861508759     
  0.274207220911485        11.9466410164497     
  0.275756414249968        12.0812499939422     
  0.277305607588451        12.2166130833535     
  0.278854800926934        12.3527302846834     
  0.280403994265417        12.4896015979321     
  0.281953187603900        12.6272270230995     
  0.283502380942383        12.7656065601856     
  0.285051574280866        12.9047402091905     
  0.286600767619349        13.0446279701141     
  0.288149960957832        13.1852698429564     
  0.289699154296315        13.3266658277174     
  0.291248347634798        13.4688159243972     
  0.292797540973281        13.6117201329957     
  0.294346734311764        13.7553784535129     
  0.295895927650247        13.8997908859488     
  0.297445120988730        14.0449574303035     
  0.298994314327213        14.1908780865769     
  0.300543507665696        14.3375528547690     
  0.302092701004179        14.4849817348798     
  0.303641894342661        14.6331647269094     
  0.305191087681144        14.7821018308577     
  0.306740281019627        14.9317930467247     
  0.308289474358110        15.0822383745104     
  0.309838667696593        15.2334378142149     
  0.311387861035076        15.2334378139875     
  0.312937054373559        15.0822383742842     
  0.314486247712042        14.9317930464996     
  0.316035441050525        14.7821018306337     
  0.317584634389008        14.6331647266866     
  0.319133827727491        14.4849817346581     
  0.320683021065974        14.3375528545484     
  0.322232214404457        14.1908780863574     
  0.323781407742940        14.0449574300852     
  0.325330601081423        13.8997908857316     
  0.326879794419906        13.7553784532968     
  0.328428987758389        13.6117201327807     
  0.329978181096872        13.4688159241834     
  0.331527374435355        13.3266658275048     
  0.333076567773838        13.1852698427449     
  0.334625761112321        13.0446279699037     
  0.336174954450804        12.9047402089812     
  0.337724147789287        12.7656065599775     
  0.339273341127770        12.6272270228925     
  0.340822534466253        12.4896015977262     
  0.342371727804736        12.3527302844787     
  0.343920921143219        12.2166130831498     
  0.345470114481702        12.0812499937397     
  0.347019307820185        11.9466410162484     
  0.348568501158668        11.8127861506757     
  0.350117694497151        11.6796853970218     
  0.351666887835633        11.5473387552866     
  0.353216081174116        11.4157462254701     
  0.354765274512599        11.2849078075724     
  0.356314467851082        11.1548235015934     
  0.357863661189565        11.0254933075331     
  0.359412854528048        10.8969172253915     
  0.360962047866531        10.7690952551686     
  0.362511241205014        10.6420273968645     
  0.364060434543497        10.5157136504791     
  0.365609627881980        10.3901540160125     
  0.367158821220463        10.2653484934645     
  0.368708014558946        10.1412970828353     
  0.370257207897429        10.0179997841248     
  0.371806401235912        9.89545659733305     
  0.373355594574395        9.77366752246001     
  0.374904787912878        9.65263255950569     
  0.376453981251361        9.53235170847010     
  0.378003174589844        9.41282496935324     
  0.379552367928327        9.29405234215510     
  0.381101561266810        9.17603382687569     
  0.382650754605293        9.05876942351500     
  0.384199947943776        8.94225913207304     
  0.385749141282259        8.82650295254980     
  0.387298334620742        8.71150088494529     
  0.388847527959225        8.59725292925950     
  0.390396721297708        8.48375908549244     
  0.391945914636191        8.37101935364411     
  0.393495107974674        8.25903373371450     
  0.395044301313157        8.14780222570362     
  0.396593494651640        8.03732482961146     
  0.398142687990122        7.92760154543803     
  0.399691881328605        7.81863237318332     
  0.401241074667088        7.71041731284734     
  0.402790268005571        7.60295636443008     
  0.404339461344054        7.49624952793155     
  0.405888654682537        7.39029680335175     
  0.407437848021020        7.28509819069067     
  0.408987041359503        7.18065368994832     
  0.410536234697986        7.07696330112469     
  0.412085428036469        6.97402702421979     
  0.413634621374952        6.87184485923361     
  0.415183814713435        6.77041680616616     
  0.416733008051918        6.66974286501743     
  0.418282201390401        6.56982303578743     
  0.419831394728884        6.47065731847615     
  0.421380588067367        6.37224571308361     
  0.422929781405850        6.27458821960978     
  0.424478974744333        6.17768483805468     
  0.426028168082816        6.08153556841831     
  0.427577361421299        5.98614041070066     
  0.429126554759782        5.89149936490174     
  0.430675748098265        5.79761243102154     
  0.432224941436748        5.70447960906007     
  0.433774134775231        5.61210089901733     
  0.435323328113714        5.52047630089331     
  0.436872521452197        5.42960581468801     
  0.438421714790680        5.33948944040145     
  0.439970908129163        5.25012717803360     
  0.441520101467646        5.16151902758449     
  0.443069294806128        5.07366498905409     
  0.444618488144611        4.98656506244243     
  0.446167681483094        4.90021924774948     
  0.447716874821577        4.81462754497527     
  0.449266068160060        4.72978995411978     
  0.450815261498543        4.64570647518301     
  0.452364454837026        4.56237710816498     
  0.453913648175509        4.47980185306566     
  0.455462841513992        4.39798070988507     
  0.457012034852475        4.31691367862321     
  0.458561228190958        4.23660075928007     
  0.460110421529441        4.15704195185566     
  0.461659614867924        4.07823725634998     
  0.463208808206407        4.00018667276302     
  0.464758001544890        3.92289020109478     
  0.466307194883373        3.84634784134527     
  0.467856388221856        3.77055959351449     
  0.469405581560339        3.69552545760243     
  0.470954774898822        3.62124543360910     
  0.472503968237305        3.54771952153449     
  0.474053161575788        3.47494772137861     
  0.475602354914271        3.40293003314145     
  0.477151548252754        3.33166645682302     
  0.478700741591237        3.26115699242332     
  0.480249934929720        3.19140163994234     
  0.481799128268203        3.12240039938008     
  0.483348321606686        3.05415327073655     
  0.484897514945169        2.98666025401175     
  0.486446708283652        2.91992134920567     
  0.487995901622135        2.85393655631832     
  0.489545094960618        2.78870587534970     
  0.491094288299101        2.72422930629980     
  0.492643481637583        2.66050684916862     
  0.494192674976066        2.59753850395617     
  0.495741868314549        2.53532427066245     
  0.497291061653032        2.47386414928745     
  0.498840254991515        2.41315813983117     
  0.500389448329998        2.35320624229363     
  0.501938641668481        2.29400845667480     
  0.503487835006964        2.23556478297471     
  0.505037028345447        2.17787522119333     
  0.506586221683930        2.12093977133069     
  0.508135415022413        2.06475843338677     
  0.509684608360896        2.00933120736157     
  0.511233801699379        1.95465809325511     
  0.512782995037862        1.90073909106736     
  0.514332188376345        1.84757420079834     
  0.515881381714828        1.79516342244805     
  0.517430575053311        1.74350675601648     
  0.518979768391794        1.69260420150364     
  0.520528961730277        1.64245575890953     
  0.522078155068760        1.59306142823414     
  0.523627348407243        1.54442120947747     
  0.525176541745726        1.49653510263953     
  0.526725735084209        1.44940310772032     
  0.528274928422692        1.40302522471983     
  0.529824121761175        1.35740145363807     
  0.531373315099658        1.31253179447503     
  0.532922508438141        1.26841624723072     
  0.534471701776624        1.22505481190513     
  0.536020895115107        1.18244748849827     
  0.537570088453589        1.14059427701013     
  0.539119281792072        1.09949517744072     
  0.540668475130555        1.05915018979004     
  0.542217668469038        1.01955931405808     
  0.543766861807521       0.980722550244849     
  0.545316055146004       0.942639898350341     
  0.546865248484487       0.905311358374559     
  0.548414441822970       0.868736930317502     
  0.549963635161453       0.832916614179171     
  0.551512828499936       0.797850409959566     
  0.553062021838419       0.763538317658686     
  0.554611215176902       0.729980337276531     
  0.556160408515385       0.697176468813102     
  0.557709601853868       0.665126712268399     
  0.559258795192351       0.633831067642421     
  0.560807988530834       0.603289534935168     
  0.562357181869317       0.573502114146641     
  0.563906375207800       0.544468805276840     
  0.565455568546283       0.516189608325764     
  0.567004761884766       0.488664523293414     
  0.568553955223249       0.461893550179789     
  0.570103148561732       0.435876688984890     
  0.571652341900215       0.410613939708716     
  0.573201535238698       0.386105302351268     
  0.574750728577181       0.362350776912545     
  0.576299921915664       0.339350363392548     
  0.577849115254147       0.317104061791276     
  0.579398308592630       0.295611872108730     
  0.580947501931113       0.274873794344910     
  0.582496695269596       0.254889828499815     
  0.584045888608078       0.235659974573445     
  0.585595081946562       0.217184232565801     
  0.587144275285044       0.199462602476883     
  0.588693468623527       0.182495084306690     
  0.590242661962010       0.166281678055222     
  0.591791855300493       0.150822383722480     
  0.593341048638976       0.136117201308464     
  0.594890241977459       0.122166130813173     
  0.596439435315942       0.108969172236608     
  0.597988628654425       9.652632557876767E-002
  0.599537821992908       8.483759083965330E-002
  0.601087015331391       7.390296801926442E-002
  0.602636208669874       6.372245711760109E-002
  0.604185402008357       5.429605813466327E-002
  0.605734595346840       4.562377107045098E-002
  0.607283788685323       3.770559592496419E-002
  0.608832982023806       3.054153269820293E-002
  0.610382175362289       2.413158139016720E-002
  0.611931368700772       1.847574200085698E-002
  0.613480562039255       1.357401453027229E-002
  0.615029755377738       9.426398978413110E-003
  0.616578948716221       6.032895345279450E-003
  0.618128142054704       3.393503630871308E-003
  0.619677335393187       1.508223835188686E-003
  0.621226528731670       3.770559582315835E-004
  0.622775722070153       8.483882074894237E-022
  0.624324915408636       3.770559604939357E-004
  0.625874108747119       1.508223839713391E-003
  0.627423302085602       3.393503637658365E-003
  0.628972495424085       6.032895354328859E-003
  0.630521688762568       9.426398989724869E-003
  0.632070882101050       1.357401454384640E-002
  0.633620075439533       1.847574201669345E-002
  0.635169268778016       2.413158140826601E-002
  0.636718462116499       3.054153271856410E-002
  0.638267655454982       3.770559594758771E-002
  0.639816848793465       4.562377109533684E-002
  0.641366042131948       5.429605816181150E-002
  0.642915235470431       6.372245714701166E-002
  0.644464428808914       7.390296805093735E-002
  0.646013622147397       8.483759087358857E-002
  0.647562815485880       9.652632561496531E-002
  0.649112008824363       0.108969172275068     
  0.650661202162846       0.122166130853895     
  0.652210395501329       0.136117201351449     
  0.653759588839812       0.150822383767727     
  0.655308782178295       0.166281678102732     
  0.656857975516778       0.182495084356461     
  0.658407168855261       0.199462602528917     
  0.659956362193744       0.217184232620098     
  0.661505555532227       0.235659974630004     
  0.663054748870710       0.254889828558636     
  0.664603942209193       0.274873794405993     
  0.666153135547676       0.295611872172076     
  0.667702328886159       0.317104061856885     
  0.669251522224642       0.339350363460419     
  0.670800715563125       0.362350776982678     
  0.672349908901608       0.386105302423663     
  0.673899102240091       0.410613939783374     
  0.675448295578574       0.435876689061810     
  0.676997488917056       0.461893550258971     
  0.678546682255539       0.488664523374859     
  0.680095875594022       0.516189608409471     
  0.681645068932505       0.544468805362810     
  0.683194262270988       0.573502114234873     
  0.684743455609471       0.603289535025662     
  0.686292648947954       0.633831067735177     
  0.687841842286437       0.665126712363417     
  0.689391035624920       0.697176468910383     
  0.690940228963403       0.729980337376075     
  0.692489422301886       0.763538317760492     
  0.694038615640369       0.797850410063634     
  0.695587808978852       0.832916614285502     
  0.697137002317335       0.868736930426095     
  0.698686195655818       0.905311358485414     
  0.700235388994301       0.942639898463459     
  0.701784582332784       0.980722550360229     
  0.703333775671267        1.01955931417572     
  0.704882969009750        1.05915018990995     
  0.706432162348233        1.09949517756289     
  0.707981355686716        1.14059427713456     
  0.709530549025199        1.18244748862496     
  0.711079742363682        1.22505481203408     
  0.712628935702165        1.26841624736193     
  0.714178129040648        1.31253179460851     
  0.715727322379131        1.35740145377381     
  0.717276515717614        1.40302522485783     
  0.718825709056097        1.44940310786058     
  0.720374902394580        1.49653510278206     
  0.721924095733063        1.54442120962226     
  0.723473289071546        1.59306142838119     
  0.725022482410029        1.64245575905884     
  0.726571675748511        1.69260420165522     
  0.728120869086994        1.74350675617032     
  0.729670062425477        1.79516342260415     
  0.731219255763960        1.84757420095671     
  0.732768449102443        1.90073909122799     
  0.734317642440926        1.95465809341799     
  0.735866835779409        2.00933120752673     
  0.737416029117892        2.06475843355418     
  0.738965222456375        2.12093977150037     
  0.740514415794858        2.17787522136527     
  0.742063609133341        2.23556478314891     
  0.743612802471824        2.29400845685127     
  0.745161995810307        2.35320624247235     
  0.746711189148790        2.41315814001216     
  0.748260382487273        2.47386414947070     
  0.749809575825756        2.53532427084796     
  0.751358769164239        2.59753850414394     
  0.752907962502722        2.66050684935866     
  0.754457155841205        2.72422930649209     
  0.756006349179688        2.78870587554426     
  0.757555542518171        2.85393655651515     
  0.759104735856654        2.91992134940476     
  0.760653929195137        2.98666025421310     
  0.762203122533620        3.05415327094017     
  0.763752315872103        3.12240039958596     
  0.765301509210586        3.19140164015047     
  0.766850702549069        3.26115699263372     
  0.768399895887552        3.33166645703568     
  0.769949089226035        3.40293003335638     
  0.771498282564517        3.47494772159579     
  0.773047475903000        3.54771952175394     
  0.774596669241483        3.62124543383081     
  0.776145862579966        3.69552545782640     
  0.777695055918449        3.77055959374072     
  0.779244249256932        3.84634784157377     
  0.780793442595415        3.92289020132554     
  0.782342635933898        4.00018667299604     
  0.783891829272381        4.07823725658526     
  0.785441022610864        4.15704195209321     
  0.786990215949347        4.23660075951988     
  0.788539409287830        4.31691367886528     
  0.790088602626313        4.39798071012941     
  0.791637795964796        4.47980185331226     
  0.793186989303279        4.56237710841383     
  0.794736182641762        4.64570647543414     
  0.796285375980245        4.72978995437316     
  0.797834569318728        4.81462754523092     
  0.799383762657211        4.90021924800739     
  0.800932955995694        4.98656506270260     
  0.802482149334177        5.07366498931653     
  0.804031342672660        5.16151902784918     
  0.805580536011143        5.25012717830056     
  0.807129729349626        5.33948944067067     
  0.808678922688109        5.42960581495950     
  0.810228116026592        5.52047630116705     
  0.811777309365075        5.61210089929333     
  0.813326502703558        5.70447960933834     
  0.814875696042041        5.79761243130208     
  0.816424889380523        5.89149936518453     
  0.817974082719007        5.98614041098572     
  0.819523276057489        6.08153556870563     
  0.821072469395972        6.17768483834426     
  0.822621662734455        6.27458821990162     
  0.824170856072938        6.37224571337771     
  0.825720049411421        6.47065731877252     
  0.827269242749904        6.56982303608606     
  0.828818436088387        6.66974286531832     
  0.830367629426870        6.77041680646931     
  0.831916822765353        6.87184485953902     
  0.833466016103836        6.97402702452746     
  0.835015209442319        7.07696330143463     
  0.836564402780802        7.18065369026052     
  0.838113596119285        7.28509819100514     
  0.839662789457768        7.39029680366848     
  0.841211982796251        7.49624952825054     
  0.842761176134734        7.60295636475134     
  0.844310369473217        7.71041731317085     
  0.845859562811700        7.81863237350910     
  0.847408756150183        7.92760154576607     
  0.848957949488666        8.03732482994176     
  0.850507142827149        8.14780222603618     
  0.852056336165632        8.25903373404933     
  0.853605529504115        8.37101935398120     
  0.855154722842598        8.48375908583180     
  0.856703916181081        8.59725292960112     
  0.858253109519564        8.71150088528917     
  0.859802302858047        8.82650295289594     
  0.861351496196530        8.94225913242144     
  0.862900689535013        9.05876942386566     
  0.864449882873495        9.17603382722861     
  0.865999076211978        9.29405234251029     
  0.867548269550461        9.41282496971069     
  0.869097462888944        9.53235170882981     
  0.870646656227427        9.65263255986767     
  0.872195849565910        9.77366752282424     
  0.873745042904393        9.89545659769955     
  0.875294236242876        10.0179997844936     
  0.876843429581359        10.1412970832063     
  0.878392622919842        10.2653484938378     
  0.879941816258325        10.3901540163880     
  0.881491009596808        10.5157136508569     
  0.883040202935291        10.6420273972446     
  0.884589396273774        10.7690952555510     
  0.886138589612257        10.8969172257761     
  0.887687782950740        11.0254933079199     
  0.889236976289223        11.1548235019825     
  0.890786169627706        11.2849078079638     
  0.892335362966189        11.4157462258638     
  0.893884556304672        11.5473387556825     
  0.895433749643155        11.6796853974200     
  0.896982942981638        11.8127861510762     
  0.898532136320121        11.9466410166511     
  0.900081329658604        12.0812499941447     
  0.901630522997087        12.2166130835571     
  0.903179716335570        12.3527302848882     
  0.904728909674053        12.4896015981380     
  0.906278103012536        12.6272270233065     
  0.907827296351019        12.7656065603938     
  0.909376489689502        12.9047402093998     
  0.910925683027984        13.0446279703245     
  0.912474876366468        13.1852698431679     
  0.914024069704950        13.3266658279301     
  0.915573263043433        13.4688159246110     
  0.917122456381916        13.6117201332106     
  0.918671649720399        13.7553784537289     
  0.920220843058882        13.8997908861660     
  0.921770036397365        14.0449574305218     
  0.923319229735848        14.1908780867963     
  0.924868423074331        14.3375528549896     
  0.926417616412814        14.4849817351015     
  0.927966809751297        14.6331647271322     
  0.929516003089780        14.7821018310817     
  0.931065196428263        14.9317930469498     
  0.932614389766746        15.0822383747367     
  0.934163583105229        15.0822383745116     
  0.935712776443712        14.9317930467258     
  0.937261969782195        14.7821018308588     
  0.938811163120678        14.6331647269105     
  0.940360356459161        14.4849817348809     
  0.941909549797644        14.3375528547701     
  0.943458743136127        14.1908780865780     
  0.945007936474610        14.0449574303046     
  0.946557129813093        13.8997908859499     
  0.948106323151576        13.7553784535140     
  0.949655516490059        13.6117201329967     
  0.951204709828542        13.4688159243982     
  0.952753903167025        13.3266658277185     
  0.954303096505508        13.1852698429574     
  0.955852289843991        13.0446279701151     
  0.957401483182474        12.9047402091915     
  0.958950676520956        12.7656065601867     
  0.960499869859439        12.6272270231005     
  0.962049063197922        12.4896015979331     
  0.963598256536405        12.3527302846844     
  0.965147449874888        12.2166130833545     
  0.966696643213371        12.0812499939432     
  0.968245836551854        11.9466410164507     
  0.969795029890337        11.8127861508769     
  0.971344223228820        11.6796853972219     
  0.972893416567303        11.5473387554855     
  0.974442609905786        11.4157462256679     
  0.975991803244269        11.2849078077690     
  0.977540996582752        11.1548235017889     
  0.979090189921235        11.0254933077275     
  0.980639383259718        10.8969172255847     
  0.982188576598201        10.7690952553608     
  0.983737769936684        10.6420273970555     
  0.985286963275167        10.5157136506690     
  0.986836156613650        10.3901540162012     
  0.988385349952133        10.2653484936521     
  0.989934543290616        10.1412970830217     
  0.991483736629099        10.0179997843101     
  0.993032929967582        9.89545659751721     
  0.994582123306065        9.77366752264303     
  0.996131316644548        9.65263255968758     
  0.997680509983031        9.53235170865085     
  0.999229703321514        9.41282496953285     
   1.00077889666000        9.29405234233358     
   1.00232808999848        9.17603382705303     
   1.00387728333696        9.05876942369120     
   1.00542647667545        8.94225913224810     
   1.00697567001393        8.82650295272373     
   1.00852486335241        8.71150088511808     
   1.01007405669089        8.59725292943116     
   1.01162325002938        8.48375908566296     
   1.01317244336786        8.37101935381349     
   1.01472163670634        8.25903373388275     
   1.01627083004483        8.14780222587073     
   1.01782002338331        8.03732482977743     
   1.01936921672179        7.92760154560286     
   1.02091841006028        7.81863237334702     
   1.02246760339876        7.71041731300990     
   1.02401679673724        7.60295636459151     
   1.02556599007572        7.49624952809184     
   1.02711518341421        7.39029680351090     
   1.02866437675269        7.28509819084868     
   1.03021357009117        7.18065369010519     
   1.03176276342966        7.07696330128043     
   1.03331195676814        6.97402702437439     
   1.03486115010662        6.87184485938708     
   1.03641034344510        6.77041680631849     
   1.03795953678359        6.66974286516863     
   1.03950873012207        6.56982303593749     
   1.04105792346055        6.47065731862508     
   1.04260711679904        6.37224571323139     
   1.04415631013752        6.27458821975643     
   1.04570550347600        6.17768483820019     
   1.04725469681449        6.08153556856268     
   1.04880389015297        5.98614041084390     
   1.05035308349145        5.89149936504384     
   1.05190227682993        5.79761243116251     
   1.05345147016842        5.70447960919990     
   1.05500066350690        5.61210089915602     
   1.05654985684538        5.52047630103086     
   1.05809905018387        5.42960581482443     
   1.05964824352235        5.33948944053672     
   1.06119743686083        5.25012717816775     
   1.06274663019932        5.16151902771749     
   1.06429582353780        5.07366498918596     
   1.06584501687628        4.98656506257316     
   1.06739421021476        4.90021924787908     
   1.06894340355325        4.81462754510373     
   1.07049259689173        4.72978995424710     
   1.07204179023021        4.64570647530920     
   1.07359098356870        4.56237710829002     
   1.07514017690718        4.47980185318957     
   1.07668937024566        4.39798071000785     
   1.07823856358414        4.31691367874485     
   1.07978775692263        4.23660075940058     
   1.08133695026111        4.15704195197503     
   1.08288614359959        4.07823725646821     
   1.08443533693808        4.00018667288011     
   1.08598453027656        3.92289020121074     
   1.08753372361504        3.84634784146009     
   1.08908291695353        3.77055959362817     
   1.09063211029201        3.69552545771497     
   1.09218130363049        3.62124543372050     
   1.09373049696897        3.54771952164476     
   1.09527969030746        3.47494772148774     
   1.09682888364594        3.40293003324945     
   1.09837807698442        3.33166645692988     
   1.09992727032291        3.26115699252904     
   1.10147646366139        3.19140164004692     
   1.10302565699987        3.12240039948353     
   1.10457485033836        3.05415327083887     
   1.10612404367684        2.98666025411293     
   1.10767323701532        2.91992134930571     
   1.10922243035380        2.85393655641722     
   1.11077162369229        2.78870587544746     
   1.11232081703077        2.72422930639642     
   1.11387001036925        2.66050684926411     
   1.11541920370774        2.59753850405052     
   1.11696839704622        2.53532427075566     
   1.11851759038470        2.47386414937953     
   1.12006678372319        2.41315813992212     
   1.12161597706167        2.35320624238343     
   1.12316517040015        2.29400845676347     
   1.12471436373863        2.23556478306224     
   1.12626355707712        2.17787522127973     
   1.12781275041560        2.12093977141595     
   1.12936194375408        2.06475843347089     
   1.13091113709257        2.00933120744456     
   1.13246033043105        1.95465809333696     
   1.13400952376953        1.90073909114807     
   1.13555871710801        1.84757420087792     
   1.13710791044650        1.79516342252649     
   1.13865710378498        1.74350675609379     
   1.14020629712346        1.69260420157981     
   1.14175549046195        1.64245575898456     
   1.14330468380043        1.59306142830803     
   1.14485387713891        1.54442120955023     
   1.14640307047740        1.49653510271115     
   1.14795226381588        1.44940310779080     
   1.14950145715436        1.40302522478917     
   1.15105065049284        1.35740145370627     
   1.15259984383133        1.31253179454210     
   1.15414903716981        1.26841624729665     
   1.15569823050829        1.22505481196993     
   1.15724742384678        1.18244748856193     
   1.15879661718526        1.14059427707266     
   1.16034581052374        1.09949517750211     
   1.16189500386223        1.05915018985029     
   1.16344419720071        1.01955931411720     
   1.16499339053919       0.980722550302826     
   1.16654258387767       0.942639898407181     
   1.16809177721616       0.905311358430262     
   1.16964097055464       0.868736930372069     
   1.17119016389312       0.832916614232601     
   1.17273935723161       0.797850410011859     
   1.17428855057009       0.763538317709842     
   1.17583774390857       0.729980337326550     
   1.17738693724705       0.697176468861985     
   1.17893613058554       0.665126712316144     
   1.18048532392402       0.633831067689030     
   1.18203451726250       0.603289534980640     
   1.18358371060099       0.573502114190977     
   1.18513290393947       0.544468805320038     
   1.18668209727795       0.516189608367826     
   1.18823129061644       0.488664523334339     
   1.18978048395492       0.461893550219577     
   1.19132967729340       0.435876689023541     
   1.19287887063188       0.410613939746231     
   1.19442806397037       0.386105302387646     
   1.19597725730885       0.362350776947786     
   1.19752645064733       0.339350363426652     
   1.19907564398582       0.317104061824244     
   1.20062483732430       0.295611872140561     
   1.20217403066278       0.274873794375603     
   1.20372322400127       0.254889828529372     
   1.20527241733975       0.235659974601865     
   1.20682161067823       0.217184232593084     
   1.20837080401671       0.199462602503029     
   1.20991999735520       0.182495084331699     
   1.21146919069368       0.166281678079095     
   1.21301838403216       0.150822383745216     
   1.21456757737065       0.136117201330063     
   1.21611677070913       0.122166130833635     
   1.21766596404761       0.108969172255933     
   1.21921515738609       9.652632559695652E-002
   1.22076435072458       8.483759085670534E-002
   1.22231354406306       7.390296803517968E-002
   1.22386273740154       6.372245713237953E-002
   1.22541193074003       5.429605814830491E-002
   1.22696112407851       4.562377108295581E-002
   1.22851031741699       3.770559593633222E-002
   1.23005951075548       3.054153270843417E-002
   1.23160870409396       2.413158139926163E-002
   1.23315789743244       1.847574200881461E-002
   1.23470709077092       1.357401453709311E-002
   1.23625628410941       9.426398984097126E-003
   1.23780547744789       6.032895349826662E-003
   1.23935467078637       3.393503634281718E-003
   1.24090386412486       1.508223837462293E-003
   1.24245305746334       3.770559593683867E-004
   1.24400225080182       2.099446982367542E-026
   1.24555144414031       3.770559593571325E-004
   1.24710063747879       1.508223837439784E-003
   1.24864983081727       3.393503634247955E-003
   1.25019902415575       6.032895349781646E-003
   1.25174821749424       9.426398984040853E-003
   1.25329741083272       1.357401453702558E-002
   1.25484660417120       1.847574200873583E-002
   1.25639579750969       2.413158139917159E-002
   1.25794499084817       3.054153270833287E-002
   1.25949418418665       3.770559593621968E-002
   1.26104337752514       4.562377108283201E-002
   1.26259257086362       5.429605814816986E-002
   1.26414176420210       6.372245713223323E-002
   1.26569095754058       7.390296803502211E-002
   1.26724015087907       8.483759085653653E-002
   1.26878934421755       9.652632559677644E-002
   1.27033853755603       0.108969172255742     
   1.27188773089452       0.122166130833433     
   1.27343692423300       0.136117201329849     
   1.27498611757148       0.150822383744991     
   1.27653531090996       0.166281678078859     
   1.27808450424845       0.182495084331452     
   1.27963369758693       0.199462602502770     
   1.28118289092541       0.217184232592814     
   1.28273208426390       0.235659974601584     
   1.28428127760238       0.254889828529079     
   1.28583047094086       0.274873794375300     
   1.28737966427935       0.295611872140246     
   1.28892885761783       0.317104061823917     
   1.29047805095631       0.339350363426314     
   1.29202724429479       0.362350776947437     
   1.29357643763328       0.386105302387285     
   1.29512563097176       0.410613939745859     
   1.29667482431024       0.435876689023158     
   1.29822401764873       0.461893550219183     
   1.29977321098721       0.488664523333934     
   1.30132240432569       0.516189608367410     
   1.30287159766418       0.544468805319611     
   1.30442079100266       0.573502114190538     
   1.30596998434114       0.603289534980190     
   1.30751917767962       0.633831067688568     
   1.30906837101811       0.665126712315672     
   1.31061756435659       0.697176468861501     
   1.31216675769507       0.729980337326055     
   1.31371595103356       0.763538317709335     
   1.31526514437204       0.797850410011341     
   1.31681433771052       0.832916614232072     
   1.31836353104900       0.868736930371529     
   1.31991272438749       0.905311358429711     
   1.32146191772597       0.942639898406619     
   1.32301111106445       0.980722550302252     
   1.32456030440294        1.01955931411661     
   1.32610949774142        1.05915018984969     
   1.32765869107990        1.09949517750150     
   1.32920788441839        1.14059427707204     
   1.33075707775687        1.18244748856130     
   1.33230627109535        1.22505481196929     
   1.33385546443383        1.26841624729600     
   1.33540465777232        1.31253179454144     
   1.33695385111080        1.35740145370560     
   1.33850304444928        1.40302522478849     
   1.34005223778777        1.44940310779010     
   1.34160143112625        1.49653510271044     
   1.34315062446473        1.54442120954951     
   1.34469981780322        1.59306142830730     
   1.34624901114170        1.64245575898381     
   1.34779820448018        1.69260420157905     
   1.34934739781866        1.74350675609302     
   1.35089659115715        1.79516342252571     
   1.35244578449563        1.84757420087713     
   1.35399497783411        1.90073909114728     
   1.35554417117260        1.95465809333614     
   1.35709336451108        2.00933120744374     
   1.35864255784956        2.06475843347006     
   1.36019175118804        2.12093977141511     
   1.36174094452653        2.17787522127888     
   1.36329013786501        2.23556478306137     
   1.36483933120349        2.29400845676260     
   1.36638852454198        2.35320624238254     
   1.36793771788046        2.41315813992122     
   1.36948691121894        2.47386414937862     
   1.37103610455743        2.53532427075474     
   1.37258529789591        2.59753850404959     
   1.37413449123439        2.66050684926317     
   1.37568368457287        2.72422930639547     
   1.37723287791136        2.78870587544649     
   1.37878207124984        2.85393655641625     
   1.38033126458832        2.91992134930472     
   1.38188045792681        2.98666025411193     
   1.38342965126529        3.05415327083785     
   1.38497884460377        3.12240039948251     
   1.38652803794226        3.19140164004589     
   1.38807723128074        3.26115699252799     
   1.38962642461922        3.33166645692882     
   1.39117561795770        3.40293003324838     
   1.39272481129619        3.47494772148666     
   1.39427400463467        3.54771952164367     
   1.39582319797315        3.62124543371940     
   1.39737239131164        3.69552545771386     
   1.39892158465012        3.77055959362704     
   1.40047077798860        3.84634784145895     
   1.40201997132708        3.92289020120959     
   1.40356916466557        4.00018667287895     
   1.40511835800405        4.07823725646703     
   1.40666755134253        4.15704195197385     
   1.40821674468102        4.23660075939938     
   1.40976593801950        4.31691367874365     
   1.41131513135798        4.39798071000663     
   1.41286432469647        4.47980185318835     
   1.41441351803495        4.56237710828879     
   1.41596271137343        4.64570647530795     
   1.41751190471191        4.72978995424584     
   1.41906109805040        4.81462754510246     
   1.42061029138888        4.90021924787780     
   1.42215948472736        4.98656506257186     
   1.42370867806585        5.07366498918466     
   1.42525787140433        5.16151902771617     
   1.42680706474281        5.25012717816642     
   1.42835625808130        5.33948944053539     
   1.42990545141978        5.42960581482308     
   1.43145464475826        5.52047630102950     
   1.43300383809674        5.61210089915465     
   1.43455303143523        5.70447960919852     
   1.43610222477371        5.79761243116111     
   1.43765141811219        5.89149936504243     
   1.43920061145068        5.98614041084248     
   1.44074980478916        6.08153556856125     
   1.44229899812764        6.17768483819875     
   1.44384819146613        6.27458821975498     
   1.44539738480461        6.37224571322993     
   1.44694657814309        6.47065731862360     
   1.44849577148157        6.56982303593600     
   1.45004496482006        6.66974286516713     
   1.45159415815854        6.77041680631698     
   1.45314335149702        6.87184485938556     
   1.45469254483551        6.97402702437286     
   1.45624173817399        7.07696330127889     
   1.45779093151247        7.18065369010364     
   1.45934012485095        7.28509819084712     
   1.46088931818944        7.39029680350932     
   1.46243851152792        7.49624952809025     
   1.46398770486640        7.60295636458991     
   1.46553689820489        7.71041731300829     
   1.46708609154337        7.81863237334540     
   1.46863528488185        7.92760154560123     
   1.47018447822034        8.03732482977579     
   1.47173367155882        8.14780222586907     
   1.47328286489730        8.25903373388108     
   1.47483205823578        8.37101935381181     
   1.47638125157427        8.48375908566127     
   1.47793044491275        8.59725292942946     
   1.47947963825123        8.71150088511637     
   1.48102883158972        8.82650295272201     
   1.48257802492820        8.94225913224637     
   1.48412721826668        9.05876942368946     
   1.48567641160517        9.17603382705127     
   1.48722560494365        9.29405234233181     
   1.48877479828213        9.41282496953107     
   1.49032399162061        9.53235170864906     
   1.49187318495910        9.65263255968578     
   1.49342237829758        9.77366752264122     
   1.49497157163606        9.89545659751538     
   1.49652076497455        10.0179997843083     
   1.49806995831303        10.1412970830199     
   1.49961915165151        10.2653484936502     
   1.50116834498999        10.3901540161993     
   1.50271753832848        10.5157136506671     
   1.50426673166696        10.6420273970536     
   1.50581592500544        10.7690952553589     
   1.50736511834393        10.8969172255828     
   1.50891431168241        11.0254933077255     
   1.51046350502089        11.1548235017870     
   1.51201269835938        11.2849078077671     
   1.51356189169786        11.4157462256660     
   1.51511108503634        11.5473387554836     
   1.51666027837482        11.6796853972199     
   1.51820947171331        11.8127861508749     
   1.51975866505179        11.9466410164487     
   1.52130785839027        12.0812499939412     
   1.52285705172876        12.2166130833524     
   1.52440624506724        12.3527302846824     
   1.52595543840572        12.4896015979311     
   1.52750463174421        12.6272270230985     
   1.52905382508269        12.7656065601846     
   1.53060301842117        12.9047402091895     
   1.53215221175965        13.0446279701130     
   1.53370140509814        13.1852698429553     
   1.53525059843662        13.3266658277164     
   1.53679979177510        13.4688159243961     
   1.53834898511359        13.6117201329946     
   1.53989817845207        13.7553784535118     
   1.54144737179055        13.8997908859477     
   1.54299656512903        14.0449574303024     
   1.54454575846752        14.1908780865758     
   1.54609495180600        14.3375528547679     
   1.54764414514448        14.4849817348787     
   1.54919333848297        14.6331647269083     
   1.55074253182145        14.7821018308566     
   1.55229172515993        14.9317930467236     
   1.55384091849842        14.9317930465007     
   1.55539011183690        14.7821018306348     
   1.55693930517538        14.6331647266877     
   1.55848849851386        14.4849817346592     
   1.56003769185235        14.3375528545495     
   1.56158688519083        14.1908780863585     
   1.56313607852931        14.0449574300862     
   1.56468527186780        13.8997908857327     
   1.56623446520628        13.7553784532979     
   1.56778365854476        13.6117201327818     
   1.56933285188325        13.4688159241845     
   1.57088204522173        13.3266658275058     
   1.57243123856021        13.1852698427459     
   1.57398043189869        13.0446279699047     
   1.57552962523718        12.9047402089823     
   1.57707881857566        12.7656065599785     
   1.57862801191414        12.6272270228935     
   1.58017720525263        12.4896015977272     
   1.58172639859111        12.3527302844797     
   1.58327559192959        12.2166130831509     
   1.58482478526808        12.0812499937407     
   1.58637397860656        11.9466410162494     
   1.58792317194504        11.8127861506767     
   1.58947236528352        11.6796853970228     
   1.59102155862201        11.5473387552876     
   1.59257075196049        11.4157462254711     
   1.59411994529897        11.2849078075733     
   1.59566913863746        11.1548235015943     
   1.59721833197594        11.0254933075340     
   1.59876752531442        10.8969172253924     
   1.60031671865290        10.7690952551696     
   1.60186591199139        10.6420273968655     
   1.60341510532987        10.5157136504801     
   1.60496429866835        10.3901540160134     
   1.60651349200684        10.2653484934654     
   1.60806268534532        10.1412970828362     
   1.60961187868380        10.0179997841257     
   1.61116107202229        9.89545659733395     
   1.61271026536077        9.77366752246091     
   1.61425945869925        9.65263255950659     
   1.61580865203773        9.53235170847099     
   1.61735784537622        9.41282496935412     
   1.61890703871470        9.29405234215598     
   1.62045623205318        9.17603382687656     
   1.62200542539167        9.05876942351587     
   1.62355461873015        8.94225913207390     
   1.62510381206863        8.82650295255066     
   1.62665300540712        8.71150088494614     
   1.62820219874560        8.59725292926035     
   1.62975139208408        8.48375908549328     
   1.63130058542256        8.37101935364494     
   1.63284977876105        8.25903373371533     
   1.63439897209953        8.14780222570444     
   1.63594816543801        8.03732482961228     
   1.63749735877650        7.92760154543884     
   1.63904655211498        7.81863237318413     
   1.64059574545346        7.71041731284814     
   1.64214493879194        7.60295636443088     
   1.64369413213043        7.49624952793234     
   1.64524332546891        7.39029680335253     
   1.64679251880739        7.28509819069145     
   1.64834171214588        7.18065368994909     
   1.64989090548436        7.07696330112545     
   1.65144009882284        6.97402702422055     
   1.65298929216133        6.87184485923436     
   1.65453848549981        6.77041680616691     
   1.65608767883829        6.66974286501817     
   1.65763687217677        6.56982303578817     
   1.65918606551526        6.47065731847689     
   1.66073525885374        6.37224571308433     
   1.66228445219222        6.27458821961050     
   1.66383364553071        6.17768483805540     
   1.66538283886919        6.08153556841902     
   1.66693203220767        5.98614041070137     
   1.66848122554616        5.89149936490244     
   1.67003041888464        5.79761243102224     
   1.67157961222312        5.70447960906076     
   1.67312880556160        5.61210089901801     
   1.67467799890009        5.52047630089399     
   1.67622719223857        5.42960581468869     
   1.67777638557705        5.33948944040211     
   1.67932557891554        5.25012717803426     
   1.68087477225402        5.16151902758514     
   1.68242396559250        5.07366498905474     
   1.68397315893098        4.98656506244307     
   1.68552235226947        4.90021924775012     
   1.68707154560795        4.81462754497590     
   1.68862073894643        4.72978995412041     
   1.69016993228492        4.64570647518364     
   1.69171912562340        4.56237710816559     
   1.69326831896188        4.47980185306627     
   1.69481751230037        4.39798070988568     
   1.69636670563885        4.31691367862381     
   1.69791589897733        4.23660075928067     
   1.69946509231581        4.15704195185625     
   1.70101428565430        4.07823725635056     
   1.70256347899278        4.00018667276359     
   1.70411267233126        3.92289020109535     
   1.70566186566975        3.84634784134584     
   1.70721105900823        3.77055959351505     
   1.70876025234671        3.69552545760299     
   1.71030944568520        3.62124543360965     
   1.71185863902368        3.54771952153503     
   1.71340783236216        3.47494772137915     
   1.71495702570064        3.40293003314199     
   1.71650621903913        3.33166645682355     
   1.71805541237761        3.26115699242384     
   1.71960460571609        3.19140163994285     
   1.72115379905458        3.12240039938059     
   1.72270299239306        3.05415327073706     
   1.72425218573154        2.98666025401225     
   1.72580137907003        2.91992134920617     
   1.72735057240851        2.85393655631881     
   1.72889976574699        2.78870587535018     
   1.73044895908547        2.72422930630027     
   1.73199815242396        2.66050684916909     
   1.73354734576244        2.59753850395663     
   1.73509653910092        2.53532427066290     
   1.73664573243941        2.47386414928790     
   1.73819492577789        2.41315813983162     
   1.73974411911637        2.35320624229407     
   1.74129331245485        2.29400845667524     
   1.74284250579334        2.23556478297514     
   1.74439169913182        2.17787522119376     
   1.74594089247030        2.12093977133111     
   1.74749008580879        2.06475843338718     
   1.74903927914727        2.00933120736198     
   1.75058847248575        1.95465809325551     
   1.75213766582424        1.90073909106776     
   1.75368685916272        1.84757420079874     
   1.75523605250120        1.79516342244844     
   1.75678524583968        1.74350675601686     
   1.75833443917817        1.69260420150402     
   1.75988363251665        1.64245575890990     
   1.76143282585513        1.59306142823450     
   1.76298201919362        1.54442120947783     
   1.76453121253210        1.49653510263988     
   1.76608040587058        1.44940310772066     
   1.76762959920907        1.40302522472017     
   1.76917879254755        1.35740145363840     
   1.77072798588603        1.31253179447536     
   1.77227717922451        1.26841624723104     
   1.77382637256300        1.22505481190545     
   1.77537556590148        1.18244748849858     
   1.77692475923996        1.14059427701044     
   1.77847395257845        1.09949517744103     
   1.78002314591693        1.05915018979034     
   1.78157233925541        1.01955931405837     
   1.78312153259389       0.980722550245134     
   1.78467072593238       0.942639898350621     
   1.78621991927086       0.905311358374833     
   1.78776911260934       0.868736930317771     
   1.78931830594783       0.832916614179434     
   1.79086749928631       0.797850409959823     
   1.79241669262479       0.763538317658938     
   1.79396588596328       0.729980337276777     
   1.79551507930176       0.697176468813343     
   1.79706427264024       0.665126712268634     
   1.79861346597872       0.633831067642650     
   1.80016265931721       0.603289534935392     
   1.80171185265569       0.573502114146860     
   1.80326104599417       0.544468805277053     
   1.80481023933266       0.516189608325971     
   1.80635943267114       0.488664523293615     
   1.80790862600962       0.461893550179985     
   1.80945781934811       0.435876688985080     
   1.81100701268659       0.410613939708901     
   1.81255620602507       0.386105302351447     
   1.81410539936355       0.362350776912719     
   1.81565459270204       0.339350363392716     
   1.81720378604052       0.317104061791439     
   1.81875297937900       0.295611872108887     
   1.82030217271749       0.274873794345061     
   1.82185136605597       0.254889828499960     
   1.82340055939445       0.235659974573585     
   1.82494975273294       0.217184232565936     
   1.82649894607142       0.199462602477011     
   1.82804813940990       0.182495084306813     
   1.82959733274838       0.166281678055340     
   1.83114652608687       0.150822383722592     
   1.83269571942535       0.136117201308570     
   1.83424491276383       0.122166130813274     
   1.83579410610232       0.108969172236703     
   1.83734329944080       9.652632557885726E-002
   1.83889249277928       8.483759083973728E-002
   1.84044168611776       7.390296801934282E-002
   1.84199087945625       6.372245711767388E-002
   1.84354007279473       5.429605813473046E-002
   1.84508926613321       4.562377107051256E-002
   1.84663845947170       3.770559592502019E-002
   1.84818765281018       3.054153269825333E-002
   1.84973684614866       2.413158139021199E-002
   1.85128603948715       1.847574200089618E-002
   1.85283523282563       1.357401453030588E-002
   1.85438442616411       9.426398978441107E-003
   1.85593361950259       6.032895345301846E-003
   1.85748281284108       3.393503630888106E-003
   1.85903200617956       1.508223835199884E-003
   1.86058119951804       3.770559582371825E-004
   1.86213039285653       8.400103745392443E-022
   1.86367958619501       3.770559604883366E-004
   1.86522877953349       1.508223839702192E-003
   1.86677797287198       3.393503637641568E-003
   1.86832716621046       6.032895354306463E-003
   1.86987635954894       9.426398989696876E-003
   1.87142555288742       1.357401454381281E-002
   1.87297474622591       1.847574201665425E-002
   1.87452393956439       2.413158140822122E-002
   1.87607313290287       3.054153271851371E-002
   1.87762232624136       3.770559594753172E-002
   1.87917151957984       4.562377109527525E-002
   1.88072071291832       5.429605816174431E-002
   1.88226990625680       6.372245714693887E-002
   1.88381909959529       7.390296805085897E-002
   1.88536829293377       8.483759087350458E-002
   1.88691748627225       9.652632561487572E-002
   1.88846667961074       0.108969172274972     
   1.89001587294922       0.122166130853794     
   1.89156506628770       0.136117201351342     
   1.89311425962619       0.150822383767615     
   1.89466345296467       0.166281678102614     
   1.89621264630315       0.182495084356338     
   1.89776183964163       0.199462602528788     
   1.89931103298012       0.217184232619963     
   1.90086022631860       0.235659974629864     
   1.90240941965708       0.254889828558490     
   1.90395861299557       0.274873794405842     
   1.90550780633405       0.295611872171919     
   1.90705699967253       0.317104061856722     
   1.90860619301102       0.339350363460251     
   1.91015538634950       0.362350776982505     
   1.91170457968798       0.386105302423484     
   1.91325377302646       0.410613939783189     
   1.91480296636495       0.435876689061619     
   1.91635215970343       0.461893550258775     
   1.91790135304191       0.488664523374657     
   1.91945054638040       0.516189608409264     
   1.92099973971888       0.544468805362597     
   1.92254893305736       0.573502114234655     
   1.92409812639584       0.603289535025438     
   1.92564731973433       0.633831067734948     
   1.92719651307281       0.665126712363182     
   1.92874570641129       0.697176468910143     
   1.93029489974978       0.729980337375828     
   1.93184409308826       0.763538317760240     
   1.93339328642674       0.797850410063376     
   1.93494247976523       0.832916614285239     
   1.93649167310371       0.868736930425827     
   1.93804086644219       0.905311358485140     
   1.93959005978067       0.942639898463179     
   1.94113925311916       0.980722550359943     
   1.94268844645764        1.01955931417543     
   1.94423763979612        1.05915018990965     
   1.94578683313461        1.09949517756259     
   1.94733602647309        1.14059427713426     
   1.94888521981157        1.18244748862465     
   1.95043441315006        1.22505481203377     
   1.95198360648854        1.26841624736161     
   1.95353279982702        1.31253179460818     
   1.95508199316550        1.35740145377347     
   1.95663118650399        1.40302522485749     
   1.95818037984247        1.44940310786024     
   1.95972957318095        1.49653510278171     
   1.96127876651944        1.54442120962190     
   1.96282795985792        1.59306142838082     
   1.96437715319640        1.64245575905847     
   1.96592634653488        1.69260420165484     
   1.96747553987337        1.74350675616994     
   1.96902473321185        1.79516342260377     
   1.97057392655033        1.84757420095632     
   1.97212311988882        1.90073909122759     
   1.97367231322730        1.95465809341759     
   1.97522150656578        2.00933120752632     
   1.97677069990427        2.06475843355377     
   1.97831989324275        2.12093977149995     
   1.97986908658123        2.17787522136485     
   1.98141827991971        2.23556478314848     
   1.98296747325820        2.29400845685083     
   1.98451666659668        2.35320624247191     
   1.98606585993516        2.41315814001171     
   1.98761505327365        2.47386414947024     
   1.98916424661213        2.53532427084750     
   1.99071343995061        2.59753850414348     
   1.99226263328910        2.66050684935819     
   1.99381182662758        2.72422930649162     
   1.99536101996606        2.78870587554378     
   1.99691021330454        2.85393655651466     
   1.99845940664303        2.91992134940427     
   2.00000859998151        2.98666025421260     
   2.00155779331999        3.05415327093966     
   2.00310698665848        3.12240039958545     
   2.00465617999696        3.19140164014996     
   2.00620537333544        3.26115699263320     
   2.00775456667392        3.33166645703516     
   2.00930376001241        3.40293003335584     
   2.01085295335089        3.47494772159526     
   2.01240214668937        3.54771952175340     
   2.01395134002786        3.62124543383026     
   2.01550053336634        3.69552545782585     
   2.01704972670482        3.77055959374016     
   2.01859892004331        3.84634784157320     
   2.02014811338179        3.92289020132497     
   2.02169730672027        4.00018667299546     
   2.02324650005875        4.07823725658468     
   2.02479569339724        4.15704195209262     
   2.02634488673572        4.23660075951929     
   2.02789408007420        4.31691367886468     
   2.02944327341269        4.39798071012880     
   2.03099246675117        4.47980185331165     
   2.03254166008965        4.56237710841322     
   2.03409085342814        4.64570647543351     
   2.03564004676662        4.72978995437254     
   2.03718924010510        4.81462754523028     
   2.03873843344358        4.90021924800675     
   2.04028762678207        4.98656506270195     
   2.04183682012055        5.07366498931588     
   2.04338601345903        5.16151902784852     
   2.04493520679752        5.25012717829990     
   2.04648440013600        5.33948944067000     
   2.04803359347448        5.42960581495883     
   2.04958278681297        5.52047630116638     
   2.05113198015145        5.61210089929265     
   2.05268117348993        5.70447960933765     
   2.05423036682841        5.79761243130138     
   2.05577956016690        5.89149936518383     
   2.05732875350538        5.98614041098501     
   2.05887794684386        6.08153556870492     
   2.06042714018235        6.17768483834355     
   2.06197633352083        6.27458821990090     
   2.06352552685931        6.37224571337698     
   2.06507472019779        6.47065731877179     
   2.06662391353628        6.56982303608532     
   2.06817310687476        6.66974286531758     
   2.06972230021324        6.77041680646856     
   2.07127149355173        6.87184485953827     
   2.07282068689021        6.97402702452670     
   2.07436988022869        7.07696330143386     
   2.07591907356718        7.18065369025975     
   2.07746826690566        7.28509819100436     
   2.07901746024414        7.39029680366769     
   2.08056665358262        7.49624952824975     
   2.08211584692111        7.60295636475054     
   2.08366504025959        7.71041731317005     
   2.08521423359807        7.81863237350829     
   2.08676342693656        7.92760154576526     
   2.08831262027504        8.03732482994094     
   2.08986181361352        8.14780222603536     
   2.09141100695201        8.25903373404850     
   2.09296020029049        8.37101935398037     
   2.09450939362897        8.48375908583096     
   2.09605858696745        8.59725292960027     
   2.09760778030594        8.71150088528831     
   2.09915697364442        8.82650295289508     
   2.10070616698290        8.94225913242058     
   2.10225536032139        9.05876942386479     
   2.10380455365987        9.17603382722774     
   2.10535374699835        9.29405234250941     
   2.10690294033683        9.41282496970980     
   2.10845213367532        9.53235170882892     
   2.11000132701380        9.65263255986677     
   2.11155052035228        9.77366752282334     
   2.11309971369077        9.89545659769864     
   2.11464890702925        10.0179997844927     
   2.11619810036773        10.1412970832054     
   2.11774729370622        10.2653484938369     
   2.11929648704470        10.3901540163871     
   2.12084568038318        10.5157136508560     
   2.12239487372166        10.6420273972437     
   2.12394406706015        10.7690952555500     
   2.12549326039863        10.8969172257751     
   2.12704245373711        11.0254933079190     
   2.12859164707560        11.1548235019815     
   2.13014084041408        11.2849078079628     
   2.13169003375256        11.4157462258628     
   2.13323922709105        11.5473387556815     
   2.13478842042953        11.6796853974190     
   2.13633761376801        11.8127861510752     
   2.13788680710649        11.9466410166501     
   2.13943600044498        12.0812499941437     
   2.14098519378346        12.2166130835561     
   2.14253438712194        12.3527302848871     
   2.14408358046043        12.4896015981369     
   2.14563277379891        12.6272270233055     
   2.14718196713739        12.7656065603927     
   2.14873116047587        12.9047402093987     
   2.15028035381436        13.0446279703234     
   2.15182954715284        13.1852698431669     
   2.15337874049132        13.3266658279290     
   2.15492793382981        13.4688159246099     
   2.15647712716829        13.6117201332095     
   2.15802632050677        13.7553784537279     
   2.15957551384526        13.8997908861649     
   2.16112470718374        14.0449574305207     
   2.16267390052222        14.1908780867952     
   2.16422309386070        14.3375528549885     
   2.16577228719919        14.4849817351004     
   2.16732148053767        14.6331647271311     
   2.16887067387615        14.7821018310805     
   2.17041986721464        14.7821018308599     
   2.17196906055312        14.6331647269116     
   2.17351825389160        14.4849817348820     
   2.17506744723009        14.3375528547712     
   2.17661664056857        14.1908780865791     
   2.17816583390705        14.0449574303057     
   2.17971502724553        13.8997908859510     
   2.18126422058402        13.7553784535150     
   2.18281341392250        13.6117201329978     
   2.18436260726098        13.4688159243993     
   2.18591180059947        13.3266658277195     
   2.18746099393795        13.1852698429585     
   2.18901018727643        13.0446279701162     
   2.19055938061492        12.9047402091926     
   2.19210857395340        12.7656065601877     
   2.19365776729188        12.6272270231016     
   2.19520696063036        12.4896015979341     
   2.19675615396885        12.3527302846854     
   2.19830534730733        12.2166130833555     
   2.19985454064581        12.0812499939442     
   2.20140373398430        11.9466410164517     
   2.20295292732278        11.8127861508779     
   2.20450212066126        11.6796853972229     
   2.20605131399974        11.5473387554865     
   2.20760050733823        11.4157462256689     
   2.20914970067671        11.2849078077700     
   2.21069889401519        11.1548235017899     
   2.21224808735368        11.0254933077284     
   2.21379728069216        10.8969172255857     
   2.21534647403064        10.7690952553617     
   2.21689566736913        10.6420273970565     
   2.21844486070761        10.5157136506699     
   2.21999405404609        10.3901540162021     
   2.22154324738457        10.2653484936530     
   2.22309244072306        10.1412970830227     
   2.22464163406154        10.0179997843110     
   2.22619082740002        9.89545659751812     
   2.22774002073851        9.77366752264394     
   2.22928921407699        9.65263255968848     
   2.23083840741547        9.53235170865175     
   2.23238760075396        9.41282496953374     
   2.23393679409244        9.29405234233446     
   2.23548598743092        9.17603382705390     
   2.23703518076940        9.05876942369208     
   2.23858437410789        8.94225913224897     
   2.24013356744637        8.82650295272459     
   2.24168276078485        8.71150088511894     
   2.24323195412334        8.59725292943201     
   2.24478114746182        8.48375908566381     
   2.24633034080030        8.37101935381433     
   2.24787953413878        8.25903373388358     
   2.24942872747727        8.14780222587155     
   2.25097792081575        8.03732482977825     
   2.25252711415423        7.92760154560368     
   2.25407630749272        7.81863237334783     
   2.25562550083120        7.71041731301071     
   2.25717469416968        7.60295636459231     
   2.25872388750817        7.49624952809264     
   2.26027308084665        7.39029680351169     
   2.26182227418513        7.28509819084947     
   2.26337146752361        7.18065369010597     
   2.26492066086210        7.07696330128120     
   2.26646985420058        6.97402702437515     
   2.26801904753906        6.87184485938783     
   2.26956824087755        6.77041680631924     
   2.27111743421603        6.66974286516937     
   2.27266662755451        6.56982303593823     
   2.27421582089300        6.47065731862581     
   2.27576501423148        6.37224571323212     
   2.27731420756996        6.27458821975715     
   2.27886340090844        6.17768483820091     
   2.28041259424693        6.08153556856340     
   2.28196178758541        5.98614041084461     
   2.28351098092389        5.89149936504454     
   2.28506017426238        5.79761243116320     
   2.28660936760086        5.70447960920059     
   2.28815856093934        5.61210089915670     
   2.28970775427783        5.52047630103154     
   2.29125694761631        5.42960581482511     
   2.29280614095479        5.33948944053739     
   2.29435533429327        5.25012717816841     
   2.29590452763176        5.16151902771815     
   2.29745372097024        5.07366498918661     
   2.29900291430872        4.98656506257380     
   2.30055210764721        4.90021924787972     
   2.30210130098569        4.81462754510436     
   2.30365049432417        4.72978995424773     
   2.30519968766265        4.64570647530982     
   2.30674888100114        4.56237710829064     
   2.30829807433962        4.47980185319019     
   2.30984726767810        4.39798071000846     
   2.31139646101659        4.31691367874545     
   2.31294565435507        4.23660075940117     
   2.31449484769355        4.15704195197562     
   2.31604404103204        4.07823725646879     
   2.31759323437052        4.00018667288069     
   2.31914242770900        3.92289020121131     
   2.32069162104748        3.84634784146066     
   2.32224081438597        3.77055959362873     
   2.32379000772445        3.69552545771553     
   2.32533920106293        3.62124543372106     
   2.32688839440142        3.54771952164531     
   2.32843758773990        3.47494772148828     
   2.32998678107838        3.40293003324998     
   2.33153597441687        3.33166645693041     
   2.33308516775535        3.26115699252956     
   2.33463436109383        3.19140164004744     
   2.33618355443231        3.12240039948404     
   2.33773274777080        3.05415327083937     
   2.33928194110928        2.98666025411343     
   2.34083113444776        2.91992134930621     
   2.34238032778625        2.85393655641771     
   2.34392952112473        2.78870587544794     
   2.34547871446321        2.72422930639690     
   2.34702790780169        2.66050684926458     
   2.34857710114018        2.59753850405099     
   2.35012629447866        2.53532427075612     
   2.35167548781714        2.47386414937998     
   2.35322468115563        2.41315813992257     
   2.35477387449411        2.35320624238388     
   2.35632306783259        2.29400845676391     
   2.35787226117108        2.23556478306267     
   2.35942145450956        2.17787522128016     
   2.36097064784804        2.12093977141637     
   2.36251984118652        2.06475843347131     
   2.36406903452501        2.00933120744497     
   2.36561822786349        1.95465809333736     
   2.36716742120197        1.90073909114847     
   2.36871661454046        1.84757420087831     
   2.37026580787894        1.79516342252688     
   2.37181500121742        1.74350675609417     
   2.37336419455591        1.69260420158018     
   2.37491338789439        1.64245575898493     
   2.37646258123287        1.59306142830839     
   2.37801177457135        1.54442120955059     
   2.37956096790984        1.49653510271150     
   2.38111016124832        1.44940310779115     
   2.38265935458680        1.40302522478952     
   2.38420854792529        1.35740145370661     
   2.38575774126377        1.31253179454243     
   2.38730693460225        1.26841624729698     
   2.38885612794073        1.22505481197025     
   2.39040532127922        1.18244748856225     
   2.39195451461770        1.14059427707297     
   2.39350370795618        1.09949517750242     
   2.39505290129467        1.05915018985059     
   2.39660209463315        1.01955931411749     
   2.39815128797163       0.980722550303112     
   2.39970048131012       0.942639898407462     
   2.40124967464860       0.905311358430538     
   2.40279886798708       0.868736930372339     
   2.40434806132556       0.832916614232865     
   2.40589725466405       0.797850410012117     
   2.40744644800253       0.763538317710095     
   2.40899564134101       0.729980337326798     
   2.41054483467950       0.697176468862226     
   2.41209402801798       0.665126712316380     
   2.41364322135646       0.633831067689260     
   2.41519241469495       0.603289534980865     
   2.41674160803343       0.573502114191196     
   2.41829080137191       0.544468805320252     
   2.41983999471039       0.516189608368034     
   2.42138918804888       0.488664523334541     
   2.42293838138736       0.461893550219774     
   2.42448757472584       0.435876689023732     
   2.42603676806433       0.410613939746416     
   2.42758596140281       0.386105302387825     
   2.42913515474129       0.362350776947960     
   2.43068434807978       0.339350363426821     
   2.43223354141826       0.317104061824407     
   2.43378273475674       0.295611872140718     
   2.43533192809522       0.274873794375755     
   2.43688112143371       0.254889828529518     
   2.43843031477219       0.235659974602006     
   2.43997950811067       0.217184232593219     
   2.44152870144916       0.199462602503158     
   2.44307789478764       0.182495084331823     
   2.44462708812612       0.166281678079213     
   2.44617628146460       0.150822383745329     
   2.44772547480309       0.136117201330170     
   2.44927466814157       0.122166130833737     
   2.45082386148005       0.108969172256029     
   2.45237305481854       9.652632559704646E-002
   2.45392224815702       8.483759085678966E-002
   2.45547144149550       7.390296803525838E-002
   2.45702063483399       6.372245713245260E-002
   2.45856982817247       5.429605814837237E-002
   2.46011902151095       4.562377108301764E-002
   2.46166821484943       3.770559593638843E-002
   2.46321740818792       3.054153270848475E-002
   2.46476660152640       2.413158139930659E-002
   2.46631579486488       1.847574200885396E-002
   2.46786498820337       1.357401453712683E-002
   2.46941418154185       9.426398984125232E-003
   2.47096337488033       6.032895349849147E-003
   2.47251256821882       3.393503634298581E-003
   2.47406176155730       1.508223837473535E-003
   2.47561095489578       3.770559593740078E-004
   2.47716014823426       8.388795003124385E-026
   2.47870934157275       3.770559593515114E-004
   2.48025853491123       1.508223837428542E-003
   2.48180772824971       3.393503634231092E-003
   2.48335692158820       6.032895349759161E-003
   2.48490611492668       9.426398984012749E-003
   2.48645530826516       1.357401453699185E-002
   2.48800450160364       1.847574200869648E-002
   2.48955369494213       2.413158139912662E-002
   2.49110288828061       3.054153270828228E-002
   2.49265208161909       3.770559593616347E-002
   2.49420127495758       4.562377108277017E-002
   2.49575046829606       5.429605814810240E-002
   2.49729966163454       6.372245713216015E-002
   2.49884885497303       7.390296803494342E-002
   2.50039804831151       8.483759085645221E-002
   2.50194724164999       9.652632559668652E-002
   2.50349643498847       0.108969172255646     
   2.50504562832696       0.122166130833332     
   2.50659482166544       0.136117201329742     
   2.50814401500392       0.150822383744879     
   2.50969320834241       0.166281678078741     
   2.51124240168089       0.182495084331328     
   2.51279159501937       0.199462602502641     
   2.51434078835786       0.217184232592679     
   2.51588998169634       0.235659974601443     
   2.51743917503482       0.254889828528933     
   2.51898836837330       0.274873794375148     
   2.52053756171179       0.295611872140088     
   2.52208675505027       0.317104061823754     
   2.52363594838875       0.339350363426146     
   2.52518514172724       0.362350776947263     
   2.52673433506572       0.386105302387105     
   2.52828352840420       0.410613939745674     
   2.52983272174269       0.435876689022967     
   2.53138191508117       0.461893550218987     
   2.53293110841965       0.488664523333731     
   2.53448030175813       0.516189608367202     
   2.53602949509662       0.544468805319397     
   2.53757868843510       0.573502114190319     
   2.53912788177358       0.603289534979966     
   2.54067707511207       0.633831067688338     
   2.54222626845055       0.665126712315436     
   2.54377546178903       0.697176468861259     
   2.54532465512751       0.729980337325808     
   2.54687384846600       0.763538317709082     
   2.54842304180448       0.797850410011082     
   2.54997223514296       0.832916614231808     
   2.55152142848145       0.868736930371259     
   2.55307062181993       0.905311358429435     
   2.55461981515841       0.942639898406338     
   2.55616900849690       0.980722550301965     
   2.55771820183538        1.01955931411632     
   2.55926739517386        1.05915018984940     
   2.56081658851234        1.09949517750120     
   2.56236578185083        1.14059427707173     
   2.56391497518931        1.18244748856099     
   2.56546416852779        1.22505481196897     
   2.56701336186628        1.26841624729567     
   2.56856255520476        1.31253179454110     
   2.57011174854324        1.35740145370526     
   2.57166094188173        1.40302522478814     
   2.57321013522021        1.44940310778975     
   2.57475932855869        1.49653510271009     
   2.57630852189717        1.54442120954915     
   2.57785771523566        1.59306142830693     
   2.57940690857414        1.64245575898344     
   2.58095610191262        1.69260420157868     
   2.58250529525111        1.74350675609264     
   2.58405448858959        1.79516342252533     
   2.58560368192807        1.84757420087674     
   2.58715287526655        1.90073909114688     
   2.58870206860504        1.95465809333574     
   2.59025126194352        2.00933120744333     
   2.59180045528200        2.06475843346964     
   2.59334964862049        2.12093977141468     
   2.59489884195897        2.17787522127845     
   2.59644803529745        2.23556478306094     
   2.59799722863594        2.29400845676216     
   2.59954642197442        2.35320624238210     
   2.60109561531290        2.41315813992077     
   2.60264480865138        2.47386414937816     
   2.60419400198987        2.53532427075428     
   2.60574319532835        2.59753850404912     
   2.60729238866683        2.66050684926269     
   2.60884158200532        2.72422930639499     
   2.61039077534380        2.78870587544601     
   2.61193996868228        2.85393655641576     
   2.61348916202077        2.91992134930423     
   2.61503835535925        2.98666025411143     
   2.61658754869773        3.05415327083735     
   2.61813674203621        3.12240039948200     
   2.61968593537470        3.19140164004537     
   2.62123512871318        3.26115699252747     
   2.62278432205166        3.33166645692830     
   2.62433351539015        3.40293003324785     
   2.62588270872863        3.47494772148612     
   2.62743190206711        3.54771952164312     
   2.62898109540559        3.62124543371885     
   2.63053028874408        3.69552545771330     
   2.63207948208256        3.77055959362648     
   2.63362867542104        3.84634784145839     
   2.63517786875953        3.92289020120901     
   2.63672706209801        4.00018667287837     
   2.63827625543649        4.07823725646645     
   2.63982544877498        4.15704195197326     
   2.64137464211346        4.23660075939879     
   2.64292383545194        4.31691367874304     
   2.64447302879042        4.39798071000603     
   2.64602222212891        4.47980185318773     
   2.64757141546739        4.56237710828817     
   2.64912060880587        4.64570647530733     
   2.65066980214436        4.72978995424521     
   2.65221899548284        4.81462754510182     
   2.65376818882132        4.90021924787716     
   2.65531738215981        4.98656506257122     
   2.65686657549829        5.07366498918400     
   2.65841576883677        5.16151902771552     
   2.65996496217525        5.25012717816575     
   2.66151415551374        5.33948944053472     
   2.66306334885222        5.42960581482241     
   2.66461254219070        5.52047630102882     
   2.66616173552919        5.61210089915396     
   2.66771092886767        5.70447960919782     
   2.66926012220615        5.79761243116042     
   2.67080931554463        5.89149936504173     
   2.67235850888312        5.98614041084177     
   2.67390770222160        6.08153556856054     
   2.67545689556008        6.17768483819803     
   2.67700608889857        6.27458821975425     
   2.67855528223705        6.37224571322920     
   2.68010447557553        6.47065731862287     
   2.68165366891402        6.56982303593526     
   2.68320286225250        6.66974286516638     
   2.68475205559098        6.77041680631623     
   2.68630124892946        6.87184485938480     
   2.68785044226795        6.97402702437209     
   2.68939963560643        7.07696330127812     
   2.69094882894491        7.18065369010286     
   2.69249802228340        7.28509819084634     
   2.69404721562188        7.39029680350854     
   2.69559640896036        7.49624952808946     
   2.69714560229885        7.60295636458911     
   2.69869479563733        7.71041731300749     
   2.70024398897581        7.81863237334459     
   2.70179318231429        7.92760154560042     
   2.70334237565278        8.03732482977497     
   2.70489156899126        8.14780222586825     
   2.70644076232974        8.25903373388025     
   2.70798995566823        8.37101935381098     
   2.70953914900671        8.48375908566043     
   2.71108834234519        8.59725292942861     
   2.71263753568367        8.71150088511552     
   2.71418672902216        8.82650295272115     
   2.71573592236064        8.94225913224550     
   2.71728511569912        9.05876942368859     
   2.71883430903761        9.17603382705039     
   2.72038350237609        9.29405234233093     
   2.72193269571457        9.41282496953019     
   2.72348188905306        9.53235170864817     
   2.72503108239154        9.65263255968488     
   2.72658027573002        9.77366752264031     
   2.72812946906850        9.89545659751447     
   2.72967866240699        10.0179997843074     
   2.73122785574547        10.1412970830190     
   2.73277704908395        10.2653484936493     
   2.73432624242244        10.3901540161984     
   2.73587543576092        10.5157136506662     
   2.73742462909940        10.6420273970527     
   2.73897382243789        10.7690952553579     
   2.74052301577637        10.8969172255819     
   2.74207220911485        11.0254933077246     
   2.74362140245333        11.1548235017860     
   2.74517059579182        11.2849078077661     
   2.74671978913030        11.4157462256650     
   2.74826898246878        11.5473387554826     
   2.74981817580727        11.6796853972189     
   2.75136736914575        11.8127861508739     
   2.75291656248423        11.9466410164477     
   2.75446575582272        12.0812499939402     
   2.75601494916120        12.2166130833514     
   2.75756414249968        12.3527302846814     
   2.75911333583816        12.4896015979300     
   2.76066252917665        12.6272270230974     
   2.76221172251513        12.7656065601836     
   2.76376091585361        12.9047402091884     
   2.76531010919210        13.0446279701120     
   2.76685930253058        13.1852698429543     
   2.76840849586906        13.3266658277153     
   2.76995768920754        13.4688159243951     
   2.77150688254603        13.6117201329935     
   2.77305607588451        13.7553784535107     
   2.77460526922299        13.8997908859467     
   2.77615446256148        14.0449574303013     
   2.77770365589996        14.1908780865747     
   2.77925284923844        14.3375528547668     
   2.78080204257693        14.4849817348776     
   2.78235123591541        14.6331647269072     
   2.78390042925389        14.6331647266888     
   2.78544962259237        14.4849817346603     
   2.78699881593086        14.3375528545506     
   2.78854800926934        14.1908780863596     
   2.79009720260782        14.0449574300873     
   2.79164639594631        13.8997908857338     
   2.79319558928479        13.7553784532990     
   2.79474478262327        13.6117201327829     
   2.79629397596176        13.4688159241855     
   2.79784316930024        13.3266658275069     
   2.79939236263872        13.1852698427470     
   2.80094155597720        13.0446279699058     
   2.80249074931569        12.9047402089833     
   2.80403994265417        12.7656065599796     
   2.80558913599265        12.6272270228945     
   2.80713832933114        12.4896015977283     
   2.80868752266962        12.3527302844807     
   2.81023671600810        12.2166130831519     
   2.81178590934658        12.0812499937417     
   2.81333510268507        11.9466410162504     
   2.81488429602355        11.8127861506777     
   2.81643348936203        11.6796853970238     
   2.81798268270052        11.5473387552886     
   2.81953187603900        11.4157462254721     
   2.82108106937748        11.2849078075743     
   2.82263026271597        11.1548235015953     
   2.82417945605445        11.0254933075350     
   2.82572864939293        10.8969172253934     
   2.82727784273141        10.7690952551705     
   2.82882703606990        10.6420273968664     
   2.83037622940838        10.5157136504810     
   2.83192542274686        10.3901540160143     
   2.83347461608535        10.2653484934664     
   2.83502380942383        10.1412970828371     
   2.83657300276231        10.0179997841266     
   2.83812219610080        9.89545659733486     
   2.83967138943928        9.77366752246181     
   2.84122058277776        9.65263255950748     
   2.84276977611624        9.53235170847188     
   2.84431896945473        9.41282496935501     
   2.84586816279321        9.29405234215686     
   2.84741735613169        9.17603382687743     
   2.84896654947018        9.05876942351674     
   2.85051574280866        8.94225913207476     
   2.85206493614714        8.82650295255151     
   2.85361412948562        8.71150088494699     
   2.85516332282411        8.59725292926119     
   2.85671251616259        8.48375908549412     
   2.85826170950107        8.37101935364578     
   2.85981090283956        8.25903373371616     
   2.86136009617804        8.14780222570526     
   2.86290928951652        8.03732482961309     
   2.86445848285501        7.92760154543965     
   2.86600767619349        7.81863237318493     
   2.86755686953197        7.71041731284894     
   2.86910606287045        7.60295636443167     
   2.87065525620894        7.49624952793313     
   2.87220444954742        7.39029680335332     
   2.87375364288590        7.28509819069223     
   2.87530283622439        7.18065368994986     
   2.87685202956287        7.07696330112622     
   2.87840122290135        6.97402702422131     
   2.87995041623984        6.87184485923512     
   2.88149960957832        6.77041680616766     
   2.88304880291680        6.66974286501892     
   2.88459799625528        6.56982303578891     
   2.88614718959377        6.47065731847762     
   2.88769638293225        6.37224571308506     
   2.88924557627073        6.27458821961123     
   2.89079476960922        6.17768483805612     
   2.89234396294770        6.08153556841973     
   2.89389315628618        5.98614041070207     
   2.89544234962466        5.89149936490314     
   2.89699154296315        5.79761243102293     
   2.89854073630163        5.70447960906145     
   2.90008992964011        5.61210089901869     
   2.90163912297860        5.52047630089466     
   2.90318831631708        5.42960581468936     
   2.90473750965556        5.33948944040278     
   2.90628670299405        5.25012717803492     
   2.90783589633253        5.16151902758580     
   2.90938508967101        5.07366498905539     
   2.91093428300949        4.98656506244371     
   2.91248347634798        4.90021924775076     
   2.91403266968646        4.81462754497653     
   2.91558186302494        4.72978995412103     
   2.91713105636343        4.64570647518426     
   2.91868024970191        4.56237710816621     
   2.92022944304039        4.47980185306688     
   2.92177863637888        4.39798070988628     
   2.92332782971736        4.31691367862441     
   2.92487702305584        4.23660075928126     
   2.92642621639432        4.15704195185684     
   2.92797540973281        4.07823725635114     
   2.92952460307129        4.00018667276417     
   2.93107379640977        3.92289020109592     
   2.93262298974826        3.84634784134640     
   2.93417218308674        3.77055959351561     
   2.93572137642522        3.69552545760354     
   2.93727056976370        3.62124543361020     
   2.93881976310219        3.54771952153558     
   2.94036895644067        3.47494772137968     
   2.94191814977915        3.40293003314252     
   2.94346734311764        3.33166645682408     
   2.94501653645612        3.26115699242436     
   2.94656572979460        3.19140163994337     
   2.94811492313309        3.12240039938110     
   2.94966411647157        3.05415327073756     
   2.95121330981005        2.98666025401275     
   2.95276250314853        2.91992134920666     
   2.95431169648702        2.85393655631930     
   2.95586088982550        2.78870587535066     
   2.95741008316398        2.72422930630075     
   2.95895927650247        2.66050684916956     
   2.96050846984095        2.59753850395710     
   2.96205766317943        2.53532427066336     
   2.96360685651792        2.47386414928835     
   2.96515604985640        2.41315813983207     
   2.96670524319488        2.35320624229451     
   2.96825443653336        2.29400845667568     
   2.96980362987185        2.23556478297557     
   2.97135282321033        2.17787522119419     
   2.97290201654881        2.12093977133153     
   2.97445120988730        2.06475843338760     
   2.97600040322578        2.00933120736239     
   2.97754959656426        1.95465809325591     
   2.97909878990275        1.90073909106816     
   2.98064798324123        1.84757420079913     
   2.98219717657971        1.79516342244882     
   2.98374636991819        1.74350675601725     
   2.98529556325668        1.69260420150439     
   2.98684475659516        1.64245575891027     
   2.98839394993364        1.59306142823486     
   2.98994314327213        1.54442120947819     
   2.99149233661061        1.49653510264024     
   2.99304152994909        1.44940310772101     
   2.99459072328757        1.40302522472051     
   2.99613991662606        1.35740145363874     
   2.99768910996454        1.31253179447569     
   2.99923830330302        1.26841624723137     
   3.00078749664151        1.22505481190577     
   3.00233668997999        1.18244748849890     
   3.00388588331847        1.14059427701075     
   3.00543507665696        1.09949517744133     
   3.00698426999544        1.05915018979063     
   3.00853346333392        1.01955931405866     
   3.01008265667240       0.980722550245420     
   3.01163185001089       0.942639898350901     
   3.01318104334937       0.905311358375108     
   3.01473023668785       0.868736930318040     
   3.01627943002634       0.832916614179698     
   3.01782862336482       0.797850409960081     
   3.01937781670330       0.763538317659190     
   3.02092701004179       0.729980337277024     
   3.02247620338027       0.697176468813584     
   3.02402539671875       0.665126712268869     
   3.02557459005723       0.633831067642880     
   3.02712378339572       0.603289534935616     
   3.02867297673420       0.573502114147078     
   3.03022217007268       0.544468805277265     
   3.03177136341117       0.516189608326178     
   3.03332055674965       0.488664523293817     
   3.03486975008813       0.461893550180181     
   3.03641894342661       0.435876688985270     
   3.03796813676510       0.410613939709086     
   3.03951733010358       0.386105302351626     
   3.04106652344206       0.362350776912892     
   3.04261571678055       0.339350363392884     
   3.04416491011903       0.317104061791601     
   3.04571410345751       0.295611872109044     
   3.04726329679600       0.274873794345212     
   3.04881249013448       0.254889828500106     
   3.05036168347296       0.235659974573725     
   3.05191087681144       0.217184232566070     
   3.05346007014993       0.199462602477140     
   3.05500926348841       0.182495084306936     
   3.05655845682689       0.166281678055457     
   3.05810765016538       0.150822383722704     
   3.05965684350386       0.136117201308677     
   3.06120603684234       0.122166130813375     
   3.06275523018083       0.108969172236798     
   3.06430442351931       9.652632557894684E-002
   3.06585361685779       8.483759083982127E-002
   3.06740281019627       7.390296801942121E-002
   3.06895200353476       6.372245711774667E-002
   3.07050119687324       5.429605813479765E-002
   3.07205039021172       4.562377107057415E-002
   3.07359958355021       3.770559592507618E-002
   3.07514877688869       3.054153269830372E-002
   3.07669797022717       2.413158139025678E-002
   3.07824716356565       1.847574200093537E-002
   3.07979635690414       1.357401453033948E-002
   3.08134555024262       9.426398978469102E-003
   3.08289474358110       6.032895345324242E-003
   3.08444393691959       3.393503630904903E-003
   3.08599313025807       1.508223835211082E-003
   3.08754232359655       3.770559582427816E-004
   3.08909151693504       8.316741126480117E-022
   3.09064071027352       3.770559604827376E-004
   3.09218990361200       1.508223839690994E-003
   3.09373909695048       3.393503637624770E-003
   3.09528829028897       6.032895354284066E-003
