  0.000000000000000E+000  0.000000000000000E+000
  1.549193338482967E-003  3.770559593627596E-004
  3.098386676965934E-003  1.508223837451038E-003
  4.647580015448901E-003  3.393503634264836E-003
  6.196773353931867E-003  6.032895349804153E-003
  7.745966692414834E-003  9.426398984068990E-003
  9.295160030897802E-003  1.357401453705934E-002
  1.084435336938077E-002  1.847574200877522E-002
  1.239354670786373E-002  2.413158139921661E-002
  1.394274004634670E-002  3.054153270838353E-002
  1.549193338482967E-002  3.770559593627596E-002
  1.704112672331264E-002  4.562377108289391E-002
  1.859032006179560E-002  5.429605814823740E-002
  2.013951340027857E-002  6.372245713230638E-002
  2.168870673876154E-002  7.390296803510091E-002
  2.323790007724450E-002  8.483759085662093E-002
  2.478709341572747E-002  9.652632559686650E-002
  2.633628675421044E-002  0.108969172255838     
  2.788548009269340E-002  0.122166130833534     
  2.943467343117637E-002  0.136117201329956     
  3.098386676965934E-002  0.150822383745104     
  3.253306010814230E-002  0.166281678078977     
  3.408225344662527E-002  0.182495084331576     
  3.563144678510824E-002  0.199462602502900     
  3.718064012359121E-002  0.217184232592949     
  3.872983346207417E-002  0.235659974601725     
  4.027902680055714E-002  0.254889828529225     
  4.182822013904011E-002  0.274873794375452     
  4.337741347752307E-002  0.295611872140403     
  4.492660681600604E-002  0.317104061824081     
  4.647580015448900E-002  0.339350363426483     
  4.802499349297197E-002  0.362350776947612     
  4.957418683145494E-002  0.386105302387465     
  5.112338016993791E-002  0.410613939746045     
  5.267257350842088E-002  0.435876689023350     
  5.422176684690384E-002  0.461893550219380     
  5.577096018538680E-002  0.488664523334136     
  5.732015352386977E-002  0.516189608367618     
  5.886934686235274E-002  0.544468805319825     
  6.041854020083571E-002  0.573502114190757     
  6.196773353931867E-002  0.603289534980415     
  6.351692687780164E-002  0.633831067688799     
  6.506612021628461E-002  0.665126712315908     
  6.661531355476757E-002  0.697176468861743     
  6.816450689325054E-002  0.729980337326303     
  6.971370023173351E-002  0.763538317709589     
  7.126289357021648E-002  0.797850410011600     
  7.281208690869945E-002  0.832916614232337     
  7.436128024718242E-002  0.868736930371799     
  7.591047358566537E-002  0.905311358429987     
  7.745966692414834E-002  0.942639898406900     
  7.900886026263131E-002  0.980722550302539     
  8.055805360111427E-002   1.01955931411690     
  8.210724693959724E-002   1.05915018984999     
  8.365644027808021E-002   1.09949517750181     
  8.520563361656318E-002   1.14059427707235     
  8.675482695504615E-002   1.18244748856162     
  8.830402029352911E-002   1.22505481196961     
  8.985321363201208E-002   1.26841624729633     
  9.140240697049504E-002   1.31253179454177     
  9.295160030897801E-002   1.35740145370594     
  9.450079364746097E-002   1.40302522478883     
  9.604998698594394E-002   1.44940310779045     
  9.759918032442691E-002   1.49653510271080     
  9.914837366290988E-002   1.54442120954987     
  0.100697567001393        1.59306142830766     
  0.102246760339876        1.64245575898418     
  0.103795953678359        1.69260420157943     
  0.105345147016842        1.74350675609340     
  0.106894340355325        1.79516342252610     
  0.108443533693808        1.84757420087753     
  0.109992727032291        1.90073909114767     
  0.111541920370774        1.95465809333655     
  0.113091113709257        2.00933120744415     
  0.114640307047740        2.06475843347048     
  0.116189500386223        2.12093977141553     
  0.117738693724705        2.17787522127930     
  0.119287887063188        2.23556478306181     
  0.120837080401671        2.29400845676303     
  0.122386273740154        2.35320624238299     
  0.123935467078637        2.41315813992167     
  0.125484660417120        2.47386414937907     
  0.127033853755603        2.53532427075520     
  0.128583047094086        2.59753850405006     
  0.130132240432569        2.66050684926364     
  0.131681433771052        2.72422930639594     
  0.133230627109535        2.78870587544698     
  0.134779820448018        2.85393655641673     
  0.136329013786501        2.91992134930522     
  0.137878207124984        2.98666025411243     
  0.139427400463467        3.05415327083836     
  0.140976593801950        3.12240039948302     
  0.142525787140433        3.19140164004641     
  0.144074980478916        3.26115699252852     
  0.145624173817399        3.33166645692935     
  0.147173367155882        3.40293003324891     
  0.148722560494365        3.47494772148720     
  0.150271753832848        3.54771952164421     
  0.151820947171331        3.62124543371995     
  0.153370140509814        3.69552545771442     
  0.154919333848297        3.77055959362761     
  0.156468527186780        3.84634784145952     
  0.158017720525263        3.92289020121016     
  0.159566913863746        4.00018667287953     
  0.161116107202229        4.07823725646762     
  0.162665300540712        4.15704195197444     
  0.164214493879194        4.23660075939998     
  0.165763687217677        4.31691367874425     
  0.167312880556160        4.39798071000724     
  0.168862073894643        4.47980185318896     
  0.170411267233126        4.56237710828940     
  0.171960460571609        4.64570647530858     
  0.173509653910092        4.72978995424647     
  0.175058847248575        4.81462754510309     
  0.176608040587058        4.90021924787844     
  0.178157233925541        4.98656506257251     
  0.179706427264024        5.07366498918531     
  0.181255620602507        5.16151902771683     
  0.182804813940990        5.25012717816708     
  0.184354007279473        5.33948944053606     
  0.185903200617956        5.42960581482376     
  0.187452393956439        5.52047630103018     
  0.189001587294922        5.61210089915533     
  0.190550780633405        5.70447960919921     
  0.192099973971888        5.79761243116181     
  0.193649167310371        5.89149936504314     
  0.195198360648854        5.98614041084319     
  0.196747553987337        6.08153556856197     
  0.198296747325820        6.17768483819947     
  0.199845940664303        6.27458821975570     
  0.201395134002786        6.37224571323066     
  0.202944327341269        6.47065731862434     
  0.204493520679752        6.56982303593674     
  0.206042714018235        6.66974286516788     
  0.207591907356718        6.77041680631773     
  0.209141100695201        6.87184485938631     
  0.210690294033684        6.97402702437362     
  0.212239487372166        7.07696330127966     
  0.213788680710649        7.18065369010442     
  0.215337874049132        7.28509819084790     
  0.216887067387615        7.39029680351011     
  0.218436260726098        7.49624952809105     
  0.219985454064581        7.60295636459071     
  0.221534647403064        7.71041731300910     
  0.223083840741547        7.81863237334621     
  0.224633034080030        7.92760154560205     
  0.226182227418513        8.03732482977661     
  0.227731420756996        8.14780222586990     
  0.229280614095479        8.25903373388191     
  0.230829807433962        8.37101935381265     
  0.232379000772445        8.48375908566212     
  0.233928194110928        8.59725292943031     
  0.235477387449411        8.71150088511722     
  0.237026580787894        8.82650295272287     
  0.238575774126377        8.94225913224724     
  0.240124967464860        9.05876942369033     
  0.241674160803343        9.17603382705215     
  0.243223354141826        9.29405234233269     
  0.244772547480309        9.41282496953196     
  0.246321740818792        9.53235170864996     
  0.247870934157275        9.65263255968668     
  0.249420127495758        9.77366752264212     
  0.250969320834241        9.89545659751630     
  0.252518514172724        10.0179997843092     
  0.254067707511207        10.1412970830208     
  0.255616900849690        10.2653484936512     
  0.257166094188172        10.3901540162002     
  0.258715287526655        10.5157136506680     
  0.260264480865138        10.6420273970546     
  0.261813674203621        10.7690952553598     
  0.263362867542104        10.8969172255838     
  0.264912060880587        11.0254933077265     
  0.266461254219070        11.1548235017879     
  0.268010447557553        11.2849078077681     
  0.269559640896036        11.4157462256669     
  0.271108834234519        11.5473387554846     
  0.272658027573002        11.6796853972209     
  0.274207220911485        11.8127861508759     
  0.275756414249968        11.9466410164497     
  0.277305607588451        12.0812499939422     
  0.278854800926934        12.2166130833535     
  0.280403994265417        12.3527302846834     
  0.281953187603900        12.4896015979321     
  0.283502380942383        12.6272270230995     
  0.285051574280866        12.7656065601856     
  0.286600767619349        12.9047402091905     
  0.288149960957832        13.0446279701141     
  0.289699154296315        13.1852698429564     
  0.291248347634798        13.3266658277174     
  0.292797540973281        13.4688159243972     
  0.294346734311764        13.6117201329957     
  0.295895927650247        13.7553784535129     
  0.297445120988730        13.8997908859488     
  0.298994314327213        14.0449574303035     
  0.300543507665696        14.1908780865769     
  0.302092701004179        14.3375528547690     
  0.303641894342661        14.4849817348798     
  0.305191087681144        14.6331647269094     
  0.306740281019627        14.7821018308577     
  0.308289474358110        14.9317930467247     
  0.309838667696593        15.0822383745104     
  0.311387861035076        15.2334378142149     
  0.312937054373559        9.74939876369443     
  0.314486247712042        9.62851463206181     
  0.316035441050525        9.50838461234790     
  0.317584634389008        9.38900870455273     
  0.319133827727491        9.27038690867628     
  0.320683021065974        9.15251922471855     
  0.322232214404457        9.03540565267955     
  0.323781407742940        8.91904619255928     
  0.325330601081423        8.80344084435773     
  0.326879794419906        8.68858960807491     
  0.328428987758389        8.57449248371081     
  0.329978181096872        8.46114947126544     
  0.331527374435355        8.34856057073880     
  0.333076567773838        8.23672578213088     
  0.334625761112321        8.12564510544168     
  0.336174954450804        8.01531854067121     
  0.337724147789287        7.90574608781947     
  0.339273341127770        7.79692774688645     
  0.340822534466253        7.68886351787215     
  0.342371727804736        7.58155340077659     
  0.343920921143219        7.47499739559974     
  0.345470114481702        7.36919550234163     
  0.347019307820185        7.26414772100224     
  0.348568501158668        7.15985405158157     
  0.350117694497151        7.05631449407963     
  0.351666887835633        6.95352904849642     
  0.353216081174116        6.85149771483193     
  0.354765274512599        6.75022049308617     
  0.356314467851082        6.64969738325913     
  0.357863661189565        6.54992838535082     
  0.359412854528048        6.45091349936123     
  0.360962047866531        6.35265272529037     
  0.362511241205014        6.25514606313823     
  0.364060434543497        6.15839351290482     
  0.365609627881980        6.06239507459014     
  0.367158821220463        5.96715074819418     
  0.368708014558946        5.87266053371695     
  0.370257207897429        5.77892443115844     
  0.371806401235912        5.68594244051866     
  0.373355594574395        5.59371456179760     
  0.374904787912878        5.50224079499527     
  0.376453981251361        5.41152114011166     
  0.378003174589844        5.32155559714678     
  0.379552367928327        5.23234416610063     
  0.381101561266810        5.14388684697320     
  0.382650754605293        5.05618363976449     
  0.384199947943776        4.96923454447451     
  0.385749141282259        4.88303956110326     
  0.387298334620742        4.79759868965073     
  0.388847527959225        4.71291193011693     
  0.390396721297708        4.62897928250185     
  0.391945914636191        4.54580074680550     
  0.393495107974674        4.46337632302788     
  0.395044301313157        4.38170601116898     
  0.396593494651640        4.30078981122880     
  0.398142687990122        4.22062772320736     
  0.399691881328605        4.14121974710463     
  0.401241074667088        4.06256588292064     
  0.402790268005571        3.98466613065536     
  0.404339461344054        3.90752049030882     
  0.405888654682537        3.83112896188100     
  0.407437848021020        3.75549154537190     
  0.408987041359503        3.68060824078153     
  0.410536234697986        3.60647904810989     
  0.412085428036469        3.53310396735697     
  0.413634621374952        3.46048299852277     
  0.415183814713435        3.38861614160731     
  0.416733008051918        3.31750339661056     
  0.418282201390401        3.24714476353255     
  0.419831394728884        3.17754024237326     
  0.421380588067367        3.10868983313269     
  0.422929781405850        3.04059353581085     
  0.424478974744333        2.97325135040774     
  0.426028168082816        2.90666327692335     
  0.427577361421299        2.84082931535768     
  0.429126554759782        2.77574946571074     
  0.430675748098265        2.71142372798253     
  0.432224941436748        2.64785210217304     
  0.433774134775231        2.58503458828228     
  0.435323328113714        2.52297118631025     
  0.436872521452197        2.46166189625694     
  0.438421714790680        2.40110671812235     
  0.439970908129163        2.34130565190649     
  0.441520101467646        2.28225869760936     
  0.443069294806128        2.22396585523095     
  0.444618488144611        2.16642712477127     
  0.446167681483094        2.10964250623031     
  0.447716874821577        2.05361199960808     
  0.449266068160060        1.99833560490457     
  0.450815261498543        1.94381332211979     
  0.452364454837026        1.89004515125373     
  0.453913648175509        1.83703109230640     
  0.455462841513992        1.78477114527780     
  0.457012034852475        1.73326531016792     
  0.458561228190958        1.68251358697677     
  0.460110421529441        1.63251597570434     
  0.461659614867924        1.58327247635064     
  0.463208808206407        1.53478308891566     
  0.464758001544890        1.48704781339941     
  0.466307194883373        1.44006664980189     
  0.467856388221856        1.39383959812308     
  0.469405581560339        1.34836665836301     
  0.470954774898822        1.30364783052166     
  0.472503968237305        1.25968311459904     
  0.474053161575788        1.21647251059514     
  0.475602354914271        1.17401601850997     
  0.477151548252754        1.13231363834352     
  0.478700741591237        1.09136537009580     
  0.480249934929720        1.05117121376680     
  0.481799128268203        1.01173116935653     
  0.483348321606686       0.973045236864988     
  0.484897514945169       0.935113416292168     
  0.486446708283652       0.897935707638075     
  0.487995901622135       0.861512110902706     
  0.489545094960618       0.825842626086063     
  0.491094288299101       0.790927253188146     
  0.492643481637583       0.756765992208954     
  0.494192674976066       0.723358843148488     
  0.495741868314549       0.690705806006747     
  0.497291061653032       0.658806880783732     
  0.498840254991515       0.627662067479443     
  0.500389448329998       0.597271366093879     
  0.501938641668481       0.567634776627040     
  0.503487835006964       0.538752299078927     
  0.505037028345447       0.510623933449539     
  0.506586221683930       0.483249679738877     
  0.508135415022413       0.456629537946941     
  0.509684608360896       0.430763508073730     
  0.511233801699379       0.405651590119244     
  0.512782995037862       0.381293784083485     
  0.514332188376345       0.357690089966450     
  0.515881381714828       0.334840507768141     
  0.517430575053311       0.312745037488558     
  0.518979768391794       0.291403679127700     
  0.520528961730277       0.270816432685568     
  0.522078155068760       0.250983298162161     
  0.523627348407243       0.231904275557480     
  0.525176541745726       0.213579364871524     
  0.526725735084209       0.196008566104294     
  0.528274928422692       0.179191879255789     
  0.529824121761175       0.163129304326010     
  0.531373315099658       0.147820841314957     
  0.532922508438141       0.133266490222629     
  0.534471701776624       0.119466251049026     
  0.536020895115107       0.106420123794149     
  0.537570088453589       9.412810845799724E-002
  0.539119281792072       8.259020504057116E-002
  0.540668475130555       7.180641354187060E-002
  0.542217668469038       6.177673396189556E-002
  0.543766861807521       5.250116630064604E-002
  0.545316055146004       4.397971055812205E-002
  0.546865248484487       3.621236673432356E-002
  0.548414441822970       2.919913482925060E-002
  0.549963635161453       2.294001484290317E-002
  0.551512828499936       1.743500677528126E-002
  0.553062021838419       1.268411062638486E-002
  0.554611215176902       8.687326396213979E-003
  0.556160408515385       5.444654084768617E-003
  0.557709601853868       2.956093692048775E-003
  0.559258795192351       1.221645218054453E-003
  0.560807988530834       2.413086627856496E-004
  0.562357181869317       1.508402624236563E-005
  0.563906375207800       5.429713084246007E-004
  0.565455568546283       1.824970509332355E-003
  0.567004761884766       3.861081628965629E-003
  0.568553955223249       6.651304667324423E-003
  0.570103148561732       1.019563962440873E-002
  0.571652341900215       1.449408650021856E-002
  0.573201535238698       1.954664529475391E-002
  0.574750728577181       2.535331600801478E-002
  0.576299921915664       3.191409864000117E-002
  0.577849115254147       3.922899319071307E-002
  0.579398308592630       4.729799966015050E-002
  0.580947501931113       5.612111804831346E-002
  0.582496695269596       6.569834835520193E-002
  0.584045888608078       7.602969058081592E-002
  0.585595081946562       8.711514472515543E-002
  0.587144275285044       9.895471078822046E-002
  0.588693468623527       0.111548388770011     
  0.590242661962010       0.124896178670527     
  0.591791855300493       0.138998080489769     
  0.593341048638976       0.153854094227736     
  0.594890241977459       0.169464219884428     
  0.596439435315942       0.185828457459846     
  0.597988628654425       0.202946806953990     
  0.599537821992908       0.220819268366859     
  0.601087015331391       0.239445841698454     
  0.602636208669874       0.258826526948774     
  0.604185402008357       0.278961324117820     
  0.605734595346840       0.299850233205591     
  0.607283788685323       0.321493254212088     
  0.608832982023806       0.343890387137310     
  0.610382175362289       0.367041631981258     
  0.611931368700772       0.390946988743931     
  0.613480562039255       0.415606457425330     
  0.615029755377738       0.441020038025454     
  0.616578948716221       0.467187730544304     
  0.618128142054704       0.494109534981880     
  0.619677335393187       0.521785451338181     
  0.621226528731670       0.550215479613207     
  0.622775722070153       0.579399619806959     
  0.624324915408636       0.609337871919437     
  0.625874108747119       0.640030235950640     
  0.627423302085602       0.671476711900568     
  0.628972495424085       0.703677299769222     
  0.630521688762568       0.736631999556602     
  0.632070882101050       0.770340811262707     
  0.633620075439533       0.804803734887538     
  0.635169268778016       0.840020770431094     
  0.636718462116499       0.875991917893376     
  0.638267655454982       0.912717177274383     
  0.639816848793465       0.950196548574116     
  0.641366042131948       0.988430031792574     
  0.642915235470431        1.02741762692976     
  0.644464428808914        1.06715933398567     
  0.646013622147397        1.10765515296030     
  0.647562815485880        1.14890508385366     
  0.649112008824363        1.19090912666575     
  0.650661202162846        1.23366728139656     
  0.652210395501329        1.27717954804610     
  0.653759588839812        1.32144592661436     
  0.655308782178295        1.36646641710135     
  0.656857975516778        1.41224101950706     
  0.658407168855261        1.45876973383150     
  0.659956362193744        1.50605256007466     
  0.661505555532227        1.55408949823655     
  0.663054748870710        1.60288054831717     
  0.664603942209193        1.65242571031651     
  0.666153135547676        1.70272498423458     
  0.667702328886159        1.75377837007137     
  0.669251522224642        1.80558586782689     
  0.670800715563125        1.85814747750113     
  0.672349908901608        1.91146319909410     
  0.673899102240091        1.96553303260579     
  0.675448295578574        2.02035697803621     
  0.676997488917056        2.07593503538536     
  0.678546682255539        2.13226720465323     
  0.680095875594022        2.18935348583983     
  0.681645068932505        2.24719387894515     
  0.683194262270988        2.30578838396920     
  0.684743455609471        2.36513700091197     
  0.686292648947954        2.42523972977347     
  0.687841842286437        2.48609657055369     
  0.689391035624920        2.54770752325264     
  0.690940228963403        2.61007258787032     
  0.692489422301886        2.67319176440672     
  0.694038615640369        2.73706505286184     
  0.695587808978852        2.80169245323569     
  0.697137002317335        2.86707396552827     
  0.698686195655818        2.93320958973957     
  0.700235388994301        3.00009932586960     
  0.701784582332784        3.06774317391836     
  0.703333775671267        3.13614113388583     
  0.704882969009750        3.20529320577204     
  0.706432162348233        3.27519938957697     
  0.707981355686716        3.34585968530063     
  0.709530549025199        3.41727409294301     
  0.711079742363682        3.48944261250411     
  0.712628935702165        3.56236524398395     
  0.714178129040648        3.63604198738250     
  0.715727322379131        3.71047284269979     
  0.717276515717614        3.78565780993580     
  0.718825709056097        3.86159688909053     
  0.720374902394580        3.93829008016399     
  0.721924095733063        4.01573738315618     
  0.723473289071546        4.09393879806709     
  0.725022482410029        4.17289432489672     
  0.726571675748511        4.25260396364509     
  0.728120869086994        4.33306771431217     
  0.729670062425477        4.41428557689799     
  0.731219255763960        4.49625755140252     
  0.732768449102443        4.57898363782579     
  0.734317642440926        4.66246383616778     
  0.735866835779409        4.74669814642849     
  0.737416029117892        4.83168656860793     
  0.738965222456375        4.91742910270610     
  0.740514415794858        5.00392574872299     
  0.742063609133341        5.09117650665861     
  0.743612802471824        5.17918137651295     
  0.745161995810307        5.26794035828602     
  0.746711189148790        5.35745345197781     
  0.748260382487273        5.44772065758833     
  0.749809575825756        5.53874197511758     
  0.751358769164239        5.63051740456555     
  0.752907962502722        5.72304694593225     
  0.754457155841205        5.81633059921767     
  0.756006349179688        5.91036836442181     
  0.757555542518171        6.00516024154469     
  0.759104735856654        6.10070623058628     
  0.760653929195137        6.19700633154661     
  0.762203122533620        6.29406054442566     
  0.763752315872103        6.39186886922343     
  0.765301509210586        6.49043130593993     
  0.766850702549069        6.58974785457516     
  0.768399895887552        6.68981851512911     
  0.769949089226035        6.79064328760178     
  0.771498282564517        6.89222217199319     
  0.773047475903000        6.99455516830331     
  0.774596669241483        7.09764227653217     
  0.776145862579966        7.20148349667975     
  0.777695055918449        7.30607882874605     
  0.779244249256932        7.41142827273108     
  0.780793442595415        7.51753182863484     
  0.782342635933898        7.62438949645732     
  0.783891829272381        7.73200127619852     
  0.785441022610864        7.84036716785846     
  0.786990215949347        7.94948717143711     
  0.788539409287830        8.05936128693450     
  0.790088602626313        8.16998951435060     
  0.791637795964796        8.28137185368544     
  0.793186989303279        8.39350830493900     
  0.794736182641762        8.50639886811128     
  0.796285375980245        8.62004354320229     
  0.797834569318728        8.73444233021203     
  0.799383762657211        8.84959522914049     
  0.800932955995694        8.96550223998768     
  0.802482149334177        9.08216336275359     
  0.804031342672660        9.19957859743823     
  0.805580536011143        9.31774794404159     
  0.807129729349626        9.43667140256368     
  0.808678922688109        9.55634897300450     
  0.810228116026592        9.67678065536404     
  0.811777309365075        6.19313870570629     
  0.813326502703558        6.09686877814010     
  0.814875696042041        6.00135296249265     
  0.816424889380523        5.90659125876392     
  0.817974082719007        5.81258366695391     
  0.819523276057489        5.71933018706263     
  0.821072469395972        5.62683081909008     
  0.822621662734455        5.53508556303625     
  0.824170856072938        5.44409441890114     
  0.825720049411421        5.35385738668477     
  0.827269242749904        5.26437446638711     
  0.828818436088387        5.17564565800819     
  0.830367629426870        5.08767096154799     
  0.831916822765353        5.00045037700651     
  0.833466016103836        4.91398390438376     
  0.835015209442319        4.82827154367973     
  0.836564402780802        4.74331329489444     
  0.838113596119285        4.65910915802786     
  0.839662789457768        4.57565913308001     
  0.841211982796251        4.49296322005089     
  0.842761176134734        4.41102141894049     
  0.844310369473217        4.32983372974882     
  0.845859562811700        4.24940015247588     
  0.847408756150183        4.16972068712166     
  0.848957949488666        4.09079533368616     
  0.850507142827149        4.01262409216939     
  0.852056336165632        3.93520696257135     
  0.853605529504115        3.85854394489203     
  0.855154722842598        3.78263503913144     
  0.856703916181081        3.70748024528957     
  0.858253109519564        3.63307956336643     
  0.859802302858047        3.55943299336201     
  0.861351496196530        3.48654053527632     
  0.862900689535013        3.41440218910935     
  0.864449882873495        3.34301795486111     
  0.865999076211978        3.27238783253160     
  0.867548269550461        3.20251182212081     
  0.869097462888944        3.13338992362875     
  0.870646656227427        3.06502213705541     
  0.872195849565910        2.99740846240080     
  0.873745042904393        2.93054889966491     
  0.875294236242876        2.86444344884775     
  0.876843429581359        2.79909210994931     
  0.878392622919842        2.73449488296960     
  0.879941816258325        2.67065176790862     
  0.881491009596808        2.60756276476636     
  0.883040202935291        2.54522787354283     
  0.884589396273774        2.48364709423802     
  0.886138589612257        2.42282042685194     
  0.887687782950740        2.36274787138458     
  0.889236976289223        2.30342942783595     
  0.890786169627706        2.24486509620604     
  0.892335362966189        2.18705487649486     
  0.893884556304672        2.12999876870241     
  0.895433749643155        2.07369677282868     
  0.896982942981638        2.01814888887367     
  0.898532136320121        1.96335511683739     
  0.900081329658604        1.90931545671984     
  0.901630522997087        1.85602990852101     
  0.903179716335570        1.80349847224091     
  0.904728909674053        1.75172114787954     
  0.906278103012536        1.70069793543689     
  0.907827296351019        1.65042883491296     
  0.909376489689502        1.60091384630776     
  0.910925683027984        1.55215296962129     
  0.912474876366468        1.50414620485354     
  0.914024069704950        1.45689355200452     
  0.915573263043433        1.41039501107422     
  0.917122456381916        1.36465058206265     
  0.918671649720399        1.31966026496980     
  0.920220843058882        1.27542405979568     
  0.921770036397365        1.23194196654028     
  0.923319229735848        1.18921398520361     
  0.924868423074331        1.14724011578567     
  0.926417616412814        1.10602035828645     
  0.927966809751297        1.06555471270596     
  0.929516003089780        1.02584317904419     
  0.931065196428263       0.986885757301146     
  0.932614389766746       0.948682447476829     
  0.934163583105229       0.911233249571238     
  0.935712776443712       0.874538163584372     
  0.937261969782195       0.838597189516231     
  0.938811163120678       0.803410327366817     
  0.940360356459161       0.768977577136127     
  0.941909549797644       0.735298938824164     
  0.943458743136127       0.702374412430926     
  0.945007936474610       0.670203997956413     
  0.946557129813093       0.638787695400626     
  0.948106323151576       0.608125504763564     
  0.949655516490059       0.578217426045228     
  0.951204709828542       0.549063459245618     
  0.952753903167025       0.520663604364733     
  0.954303096505508       0.493017861402573     
  0.955852289843991       0.466126230359139     
  0.957401483182474       0.439988711234431     
  0.958950676520956       0.414605304028448     
  0.960499869859439       0.389976008741190     
  0.962049063197922       0.366100825372658     
  0.963598256536405       0.342979753922852     
  0.965147449874888       0.320612794391771     
  0.966696643213371       0.298999946779416     
  0.968245836551854       0.278141211085786     
  0.969795029890337       0.258036587310882     
  0.971344223228820       0.238686075454703     
  0.972893416567303       0.220089675517250     
  0.974442609905786       0.202247387498523     
  0.975991803244269       0.185159211398520     
  0.977540996582752       0.168825147217244     
  0.979090189921235       0.153245194954693     
  0.980639383259718       0.138419354610867     
  0.982188576598201       0.124347626185767     
  0.983737769936684       0.111030009679392     
  0.985286963275167       9.846650509174330E-002
  0.986836156613650       8.665711242281975E-002
  0.988385349952133       7.560183167262170E-002
  0.989934543290616       6.530066284114919E-002
  0.991483736629099       5.575360592840219E-002
  0.993032929967582       4.696066093438071E-002
  0.994582123306065       3.892182785908476E-002
  0.996131316644548       3.163710670251432E-002
  0.997680509983031       2.510649746466941E-002
  0.999229703321514       1.933000014555002E-002
   1.00077889666000       1.430761474515614E-002
   1.00232808999848       1.003934126348779E-002
   1.00387728333696       6.525179700544953E-003
   1.00542647667545       3.765130056327635E-003
   1.00697567001393       1.759192330835835E-003
   1.00852486335241       5.073665240695548E-004
   1.01007405669089       9.652636028793868E-006
   1.01162325002938       2.660506667135522E-004
   1.01317244336786       1.276560616123830E-003
   1.01472163670634       3.041182484259626E-003
   1.01627083004483       5.559916271120942E-003
   1.01782002338331       8.832761976707779E-003
   1.01936921672179       1.285971960102013E-002
   1.02091841006028       1.764078914405800E-002
   1.02246760339876       2.317597060582139E-002
   1.02401679673724       2.946526398631030E-002
   1.02556599007572       3.650866928552474E-002
   1.02711518341421       4.430618650346469E-002
   1.02866437675269       5.285781564013017E-002
   1.03021357009117       6.216355669552116E-002
   1.03176276342966       7.222340966963768E-002
   1.03331195676814       8.303737456247971E-002
   1.03486115010662       9.460545137404726E-002
   1.03641034344510       0.106927640104340     
   1.03795953678359       0.120003940753359     
   1.03950873012207       0.133834353321103     
   1.04105792346055       0.148418877807573     
   1.04260711679904       0.163757514212768     
   1.04415631013752       0.179850262536688     
   1.04570550347600       0.196697122779334     
   1.04725469681449       0.214298094940706     
   1.04880389015297       0.232653179020803     
   1.05035308349145       0.251762375019626     
   1.05190227682993       0.271625682937174     
   1.05345147016842       0.292243102773448     
   1.05500066350690       0.313614634528447     
   1.05654985684538       0.335740278202172     
   1.05809905018387       0.358620033794622     
   1.05964824352235       0.382253901305798     
   1.06119743686083       0.406641880735700     
   1.06274663019932       0.431783972084326     
   1.06429582353780       0.457680175351679     
   1.06584501687628       0.484330490537757     
   1.06739421021476       0.511734917642560     
   1.06894340355325       0.539893456666089     
   1.07049259689173       0.568806107608344     
   1.07204179023021       0.598472870469324     
   1.07359098356870       0.628893745249030     
   1.07514017690718       0.660068731947461     
   1.07668937024566       0.691997830564617     
   1.07823856358414       0.724681041100499     
   1.07978775692263       0.758118363555107     
   1.08133695026111       0.792309797928440     
   1.08288614359959       0.827255344220499     
   1.08443533693808       0.862955002431283     
   1.08598453027656       0.899408772560793     
   1.08753372361504       0.936616654609028     
   1.08908291695353       0.974578648575989     
   1.09063211029201        1.01329475446168     
   1.09218130363049        1.05276497226609     
   1.09373049696897        1.09298930198922     
   1.09527969030746        1.13396774363109     
   1.09682888364594        1.17570029719168     
   1.09837807698442        1.21818696267099     
   1.09992727032291        1.26142774006903     
   1.10147646366139        1.30542262938579     
   1.10302565699987        1.35017163062129     
   1.10457485033836        1.39567474377550     
   1.10612404367684        1.44193196884844     
   1.10767323701532        1.48894330584011     
   1.10922243035380        1.53670875475050     
   1.11077162369229        1.58522831557962     
   1.11232081703077        1.63450198832746     
   1.11387001036925        1.68452977299403     
   1.11541920370774        1.73531166957933     
   1.11696839704622        1.78684767808335     
   1.11851759038470        1.83913779850609     
   1.12006678372319        1.89218203084756     
   1.12161597706167        1.94598037510776     
   1.12316517040015        2.00053283128668     
   1.12471436373863        2.05583939938433     
   1.12626355707712        2.11190007940071     
   1.12781275041560        2.16871487133580     
   1.12936194375408        2.22628377518963     
   1.13091113709257        2.28460679096218     
   1.13246033043105        2.34368391865345     
   1.13400952376953        2.40351515826346     
   1.13555871710801        2.46410050979218     
   1.13710791044650        2.52543997323963     
   1.13865710378498        2.58753354860581     
   1.14020629712346        2.65038123589071     
   1.14175549046195        2.71398303509434     
   1.14330468380043        2.77833894621670     
   1.14485387713891        2.84344896925778     
   1.14640307047740        2.90931310421758     
   1.14795226381588        2.97593135109611     
   1.14950145715436        3.04330370989337     
   1.15105065049284        3.11143018060935     
   1.15259984383133        3.18031076324406     
   1.15414903716981        3.24994545779749     
   1.15569823050829        3.32033426426965     
   1.15724742384678        3.39147718266053     
   1.15879661718526        3.46337421297014     
   1.16034581052374        3.53602535519848     
   1.16189500386223        3.60943060934554     
   1.16344419720071        3.68358997541132     
   1.16499339053919        3.75850345339583     
   1.16654258387767        3.83417104329907     
   1.16809177721616        3.91059274512103     
   1.16964097055464        3.98776855886172     
   1.17119016389312        4.06569848452114     
   1.17273935723161        4.14438252209927     
   1.17428855057009        4.22382067159614     
   1.17583774390857        4.30401293301173     
   1.17738693724705        4.38495930634604     
   1.17893613058554        4.46665979159909     
   1.18048532392402        4.54911438877085     
   1.18203451726250        4.63232309786134     
   1.18358371060099        4.71628591887056     
   1.18513290393947        4.80100285179851     
   1.18668209727795        4.88647389664517     
   1.18823129061644        4.97269905341057     
   1.18978048395492        5.05967832209469     
   1.19132967729340        5.14741170269753     
   1.19287887063188        5.23589919521910     
   1.19442806397037        5.32514079965940     
   1.19597725730885        5.41513651601842     
   1.19752645064733        5.50588634429617     
   1.19907564398582        5.59739028449264     
   1.20062483732430        5.68964833660784     
   1.20217403066278        5.78266050064177     
   1.20372322400127        5.87642677659441     
   1.20527241733975        5.97094716446579     
   1.20682161067823        6.06622166425589     
   1.20837080401671        3.88238129179188     
   1.20991999735520        3.80623710880183     
   1.21146919069368        3.73084703773049     
   1.21301838403216        3.65621107857788     
   1.21456757737065        3.58232923134400     
   1.21611677070913        3.50920149602885     
   1.21766596404761        3.43682787263241     
   1.21921515738609        3.36520836115471     
   1.22076435072458        3.29434296159573     
   1.22231354406306        3.22423167395547     
   1.22386273740154        3.15487449823394     
   1.22541193074003        3.08627143443114     
   1.22696112407851        3.01842248254706     
   1.22851031741699        2.95132764258171     
   1.23005951075548        2.88498691453508     
   1.23160870409396        2.81940029840718     
   1.23315789743244        2.75456779419800     
   1.23470709077092        2.69048940190755     
   1.23625628410941        2.62716512153583     
   1.23780547744789        2.56459495308283     
   1.23935467078637        2.50277889654855     
   1.24090386412486        2.44171695193301     
   1.24245305746334        2.38140911923618     
   1.24400225080182        2.32185539845808     
   1.24555144414031        2.26305578959871     
   1.24710063747879        2.20501029265807     
   1.24864983081727        2.14771890763615     
   1.25019902415575        2.09118163453295     
   1.25174821749424        2.03539847334848     
   1.25329741083272        1.98036942408274     
   1.25484660417120        1.92609448673572     
   1.25639579750969        1.87257366130742     
   1.25794499084817        1.81980694779786     
   1.25949418418665        1.76779434620701     
   1.26104337752514        1.71653585653490     
   1.26259257086362        1.66603147878151     
   1.26414176420210        1.61628121294684     
   1.26569095754058        1.56728505903090     
   1.26724015087907        1.51904301703369     
   1.26878934421755        1.47155508695520     
   1.27033853755603        1.42482126879543     
   1.27188773089452        1.37884156255439     
   1.27343692423300        1.33361596823208     
   1.27498611757148        1.28914448582849     
   1.27653531090996        1.24542711534363     
   1.27808450424845        1.20246385677750     
   1.27963369758693        1.16025471013009     
   1.28118289092541        1.11879967540140     
   1.28273208426390        1.07809875259144     
   1.28428127760238        1.03815194170021     
   1.28583047094086       0.998959242727700     
   1.28737966427935       0.960520655673917     
   1.28892885761783       0.922836180538860     
   1.29047805095631       0.885905817322528     
   1.29202724429479       0.849729566024921     
   1.29357643763328       0.814307426646041     
   1.29512563097176       0.779639399185885     
   1.29667482431024       0.745725483644456     
   1.29822401764873       0.712565680021751     
   1.29977321098721       0.680159988317773     
   1.30132240432569       0.648508408532519     
   1.30287159766418       0.617610940665992     
   1.30442079100266       0.587467584718190     
   1.30596998434114       0.558078340689113     
   1.30751917767962       0.529443208578762     
   1.30906837101811       0.501562188387137     
   1.31061756435659       0.474435280114236     
   1.31216675769507       0.448062483760062     
   1.31371595103356       0.422443799324613     
   1.31526514437204       0.397579226807890     
   1.31681433771052       0.373468766209892     
   1.31836353104900       0.350112417530619     
   1.31991272438749       0.327510180770073     
   1.32146191772597       0.305662055928251     
   1.32301111106445       0.284568043005155     
   1.32456030440294       0.264228142000785     
   1.32610949774142       0.244642352915140     
   1.32765869107990       0.225810675748221     
   1.32920788441839       0.207733110500027     
   1.33075707775687       0.190409657170559     
   1.33230627109535       0.173840315759817     
   1.33385546443383       0.158025086267799     
   1.33540465777232       0.142963968694508     
   1.33695385111080       0.128656963039942     
   1.33850304444928       0.115104069304101     
   1.34005223778777       0.102305287486986     
   1.34160143112625       9.026061758859628E-002
   1.34315062446473       7.897005960893219E-002
   1.34469981780322       6.843361354799363E-002
   1.34624901114170       5.865127940578058E-002
   1.34779820448018       4.962305718229305E-002
   1.34934739781866       4.134894687753105E-002
   1.35089659115715       3.382894849149456E-002
   1.35244578449563       2.706306202418360E-002
   1.35399497783411       2.105128747559817E-002
   1.35554417117260       1.579362484573824E-002
   1.35709336451108       1.129007413460384E-002
   1.35864255784956       7.540635342194961E-003
   1.36019175118804       4.545308468511595E-003
   1.36174094452653       2.304093513553749E-003
   1.36329013786501       8.169904773214220E-004
   1.36483933120349       8.399935981461450E-005
   1.36638852454198       1.051201610333261E-004
   1.36793771788046       8.803528809775569E-004
   1.36948691121894       2.409697519647307E-003
   1.37103610455743       4.693154077042577E-003
   1.37258529789591       7.730722553163366E-003
   1.37413449123439       1.152240294800967E-002
   1.37568368457287       1.606819526158150E-002
   1.37723287791136       2.136809949387884E-002
   1.37878207124984       2.742211564490171E-002
   1.38033126458832       3.423024371465010E-002
   1.38188045792681       4.179248370312400E-002
   1.38342965126529       5.010883561032344E-002
   1.38497884460377       5.917929943624838E-002
   1.38652803794226       6.900387518089884E-002
   1.38807723128074       7.958256284427484E-002
   1.38962642461922       9.091536242637635E-002
   1.39117561795770       0.103002273927203     
   1.39272481129619       0.115843297346756     
   1.39427400463467       0.129438432685034     
   1.39582319797315       0.143787679942037     
   1.39737239131164       0.158891039117767     
   1.39892158465012       0.174748510212221     
   1.40047077798860       0.191360093225401     
   1.40201997132708       0.208725788157307     
   1.40356916466557       0.226845595007938     
   1.40511835800405       0.245719513777295     
   1.40666755134253       0.265347544465377     
   1.40821674468102       0.285729687072185     
   1.40976593801950       0.306865941597718     
   1.41131513135798       0.328756308041976     
   1.41286432469647       0.351400786404961     
   1.41441351803495       0.374799376686671     
   1.41596271137343       0.398952078887106     
   1.41751190471191       0.423858893006267     
   1.41906109805040       0.449519819044153     
   1.42061029138888       0.475934857000765     
   1.42215948472736       0.503104006876102     
   1.42370867806585       0.531027268670165     
   1.42525787140433       0.559704642382954     
   1.42680706474281       0.589136128014468     
   1.42835625808130       0.619321725564707     
   1.42990545141978       0.650261435033673     
   1.43145464475826       0.681955256421363     
   1.43300383809674       0.714403189727779     
   1.43455303143523       0.747605234952921     
   1.43610222477371       0.781561392096788     
   1.43765141811219       0.816271661159381     
   1.43920061145068       0.851736042140699     
   1.44074980478916       0.887954535040743     
   1.44229899812764       0.924927139859512     
   1.44384819146613       0.962653856597007     
   1.44539738480461        1.00113468525323     
   1.44694657814309        1.04036962582817     
   1.44849577148157        1.08035867832184     
   1.45004496482006        1.12110184273424     
   1.45159415815854        1.16259911906536     
   1.45314335149702        1.20485050731521     
   1.45469254483551        1.24785600748378     
   1.45624173817399        1.29161561957108     
   1.45779093151247        1.33612934357711     
   1.45934012485095        1.38139717950186     
   1.46088931818944        1.42741912734533     
   1.46243851152792        1.47419518710753     
   1.46398770486640        1.52172535878846     
   1.46553689820489        1.57000964238811     
   1.46708609154337        1.61904803790649     
   1.46863528488185        1.66884054534359     
   1.47018447822034        1.71938716469942     
   1.47173367155882        1.77068789597398     
   1.47328286489730        1.82274273916726     
   1.47483205823578        1.87555169427926     
   1.47638125157427        1.92911476130999     
   1.47793044491275        1.98343194025945     
   1.47947963825123        2.03850323112763     
   1.48102883158972        2.09432863391454     
   1.48257802492820        2.15090814862017     
   1.48412721826668        2.20824177524453     
   1.48567641160517        2.26632951378761     
   1.48722560494365        2.32517136424942     
   1.48877479828213        2.38476732662996     
   1.49032399162061        2.44511740092922     
   1.49187318495910        2.50622158714720     
   1.49342237829758        2.56807988528392     
   1.49497157163606        2.63069229533935     
   1.49652076497455        2.69405881731351     
   1.49806995831303        2.75817945120640     
   1.49961915165151        2.82305419701802     
   1.50116834498999        2.88868305474836     
   1.50271753832848        2.95506602439742     
   1.50426673166696        3.02220310596521     
   1.50581592500544        3.09009429945173     
   1.50736511834393        3.15873960485697     
   1.50891431168241        3.22813902218093     
   1.51046350502089        3.29829255142363     
   1.51201269835938        3.36920019258504     
   1.51356189169786        3.44086194566519     
   1.51511108503634        3.51327781066406     
   1.51666027837482        3.58644778758165     
   1.51820947171331        3.66037187641797     
   1.51975866505179        3.73505007717302     
   1.52130785839027        3.81048238984679     
   1.52285705172876        2.43870836895385     
   1.52440624506724        2.37843793448989     
   1.52595543840572        2.31892161194465     
   1.52750463174421        2.26015940131814     
   1.52905382508269        2.20215130261035     
   1.53060301842117        2.14489731582129     
   1.53215221175965        2.08839744095095     
   1.53370140509814        2.03265167799934     
   1.53525059843662        1.97766002696645     
   1.53679979177510        1.92342248785229     
   1.53834898511359        1.86993906065686     
   1.53989817845207        1.81720974538015     
   1.54144737179055        1.76523454202216     
   1.54299656512903        1.71401345058291     
   1.54454575846752        1.66354647106237     
   1.54609495180600        1.61383360346057     
   1.54764414514448        1.56487484777748     
   1.54919333848297        1.51667020401313     
   1.55074253182145        1.46921967216750     
   1.55229172515993        1.42252325224059     
   1.55384091849842        1.37658094423241     
   1.55539011183690        1.33139274814296     
   1.55693930517538        1.28695866397223     
   1.55848849851386        1.24327869172023     
   1.56003769185235        1.20035283138695     
   1.56158688519083        1.15818108297240     
   1.56313607852931        1.11676344647657     
   1.56468527186780        1.07609992189947     
   1.56623446520628        1.03619050924110     
   1.56778365854476       0.997035208501447     
   1.56933285188325       0.958634019680523     
   1.57088204522173       0.920986942778324     
   1.57243123856021       0.884093977794851     
   1.57398043189869       0.847955124730103     
   1.57552962523718       0.812570383584081     
   1.57707881857566       0.777939754356784     
   1.57862801191414       0.744063237048213     
   1.58017720525263       0.710940831658368     
   1.58172639859111       0.678572538187248     
   1.58327559192959       0.646958356634853     
   1.58482478526808       0.616098287001184     
   1.58637397860656       0.585992329286241     
   1.58792317194504       0.556640483490023     
   1.58947236528352       0.528042749612530     
   1.59102155862201       0.500199127653763     
   1.59257075196049       0.473109617613722     
   1.59411994529897       0.446774219492406     
   1.59566913863746       0.421192933289816     
   1.59721833197594       0.396365759005951     
   1.59876752531442       0.372292696640812     
   1.60031671865290       0.348973746194398     
   1.60186591199139       0.326408907666710     
   1.60341510532987       0.304598181057747     
   1.60496429866835       0.283541566367510     
   1.60651349200684       0.263239063595998     
   1.60806268534532       0.243690672743212     
   1.60961187868380       0.224896393809152     
   1.61116107202229       0.206856226793817     
   1.61271026536077       0.189570171697207     
   1.61425945869925       0.173038228519323     
   1.61580865203773       0.157260397260165     
   1.61735784537622       0.142236677919732     
   1.61890703871470       0.127967070498024     
   1.62045623205318       0.114451574995042     
   1.62200542539167       0.101690191410786     
   1.62355461873015       8.968291974525461E-002
   1.62510381206863       7.842975999844917E-002
   1.62665300540712       6.793071217036924E-002
   1.62820219874560       5.818577626101484E-002
   1.62975139208408       4.919495227038596E-002
   1.63130058542256       4.095824019848260E-002
   1.63284977876105       3.347564004530475E-002
   1.63439897209953       2.674715181085243E-002
   1.63594816543801       2.077277549512563E-002
   1.63749735877650       1.555251109812435E-002
   1.63904655211498       1.108635861984859E-002
   1.64059574545346       7.374318060298347E-003
   1.64214493879194       4.416389419473623E-003
   1.64369413213043       2.212572697374418E-003
   1.64524332546891       7.628678940007319E-004
   1.64679251880739       6.727500935256550E-005
   1.64834171214588       1.257940434299183E-004
   1.64989090548436       9.384249962327901E-004
   1.65144009882284       2.505167867761181E-003
   1.65298929216133       4.826022658015091E-003
   1.65453848549981       7.900989366994522E-003
   1.65608767883829       1.173006799469947E-002
   1.65763687217677       1.631325854112994E-002
   1.65918606551526       2.165056100628592E-002
   1.66073525885374       2.774197539016743E-002
   1.66228445219222       3.458750169277446E-002
   1.66383364553071       4.218713991410700E-002
   1.66538283886919       5.054089005416508E-002
   1.66693203220767       5.964875211294867E-002
   1.66848122554616       6.951072609045778E-002
   1.67003041888464       8.012681198669240E-002
   1.67157961222312       9.149700980165255E-002
   1.67312880556160       0.103621319535338     
   1.67467799890009       0.116499741187749     
   1.67622719223857       0.130132274758886     
   1.67777638557705       0.144518920248748     
   1.67932557891554       0.159659677657336     
   1.68087477225402       0.175554546984649     
   1.68242396559250       0.192203528230688     
   1.68397315893098       0.209606621395452     
   1.68552235226947       0.227763826478942     
   1.68707154560795       0.246675143481157     
   1.68862073894643       0.266340572402098     
   1.69016993228492       0.286760113241764     
   1.69171912562340       0.307933766000156     
   1.69326831896188       0.329861530677274     
   1.69481751230037       0.352543407273117     
   1.69636670563885       0.375979395787685     
   1.69791589897733       0.400169496220979     
   1.69946509231581       0.425113708572998     
   1.70101428565430       0.450812032843744     
   1.70256347899278       0.477264469033214     
   1.70411267233126       0.504471017141410     
   1.70566186566975       0.532431677168332     
   1.70721105900823       0.561146449113979     
   1.70876025234671       0.590615332978352     
   1.71030944568520       0.620838328761450     
   1.71185863902368       0.651815436463274     
   1.71340783236216       0.683546656083823     
   1.71495702570064       0.716031987623098     
   1.71650621903913       0.749271431081098     
   1.71805541237761       0.783264986457824     
   1.71960460571609       0.818012653753275     
   1.72115379905458       0.853514432967452     
   1.72270299239306       0.889770324100354     
   1.72425218573154       0.926780327151982     
   1.72580137907003       0.964544442122336     
   1.72735057240851        1.00306266901141     
   1.72889976574699        1.04233500781922     
   1.73044895908547        1.08236145854575     
   1.73199815242396        1.12314202119100     
   1.73354734576244        1.16467669575499     
   1.73509653910092        1.20696548223769     
   1.73664573243941        1.25000838063912     
   1.73819492577789        1.29380539095928     
   1.73974411911637        1.33835651319816     
   1.74129331245485        1.38366174735577     
   1.74284250579334        1.42972109343211     
   1.74439169913182        1.47653455142717     
   1.74594089247030        1.52410212134095     
   1.74749008580879        1.57242380317346     
   1.74903927914727        1.62149959692470     
   1.75058847248575        1.67132950259466     
   1.75213766582424        1.72191352018335     
   1.75368685916272        1.77325164969076     
   1.75523605250120        1.82534389111690     
   1.75678524583968        1.87819024446176     
   1.75833443917817        1.93179070972535     
   1.75988363251665        1.98614528690767     
   1.76143282585513        2.04125397600871     
   1.76298201919362        2.09711677702847     
   1.76453121253210        2.15373368996697     
   1.76608040587058        2.21110471482418     
   1.76762959920907        2.26922985160013     
   1.76917879254755        2.32810910029479     
   1.77072798588603        2.38774246090819     
   1.77227717922451        1.52815494872599     
   1.77382637256300        1.48052367498115     
   1.77537556590148        1.43364651315504     
   1.77692475923996        1.38752346324765     
   1.77847395257845        1.34215452525899     
   1.78002314591693        1.29753969918905     
   1.78157233925541        1.25367898503784     
   1.78312153259389        1.21057238280535     
   1.78467072593238        1.16821989249159     
   1.78621991927086        1.12662151409656     
   1.78776911260934        1.08577724762025     
   1.78931830594783        1.04568709306267     
   1.79086749928631        1.00635105042381     
   1.79241669262479       0.967769119703677     
   1.79396588596328       0.929941300902270     
   1.79551507930176       0.892867594019588     
   1.79706427264024       0.856547999055632     
   1.79861346597872       0.820982516010402     
   1.80016265931721       0.786171144883897     
   1.80171185265569       0.752113885676118     
   1.80326104599417       0.718810738387064     
   1.80481023933266       0.686261703016736     
   1.80635943267114       0.654466779565133     
   1.80790862600962       0.623425968032256     
   1.80945781934811       0.593139268418104     
   1.81100701268659       0.563606680722678     
   1.81255620602507       0.534828204945977     
   1.81410539936355       0.506803841088002     
   1.81565459270204       0.479533589148752     
   1.81720378604052       0.453017449128228     
   1.81875297937900       0.427255421026429     
   1.82030217271749       0.402247504843356     
   1.82185136605597       0.377993700579009     
   1.82340055939445       0.354494008233387     
   1.82494975273294       0.331748427806491     
   1.82649894607142       0.309756959298320     
   1.82804813940990       0.288519602708874     
   1.82959733274838       0.268036358038154     
   1.83114652608687       0.248307225286160     
   1.83269571942535       0.229332204452891     
   1.83424491276383       0.211111295538348     
   1.83579410610232       0.193644498542530     
   1.83734329944080       0.176931813465438     
   1.83889249277928       0.160973240307071     
   1.84044168611776       0.145768779067430     
   1.84199087945625       0.131318429746514     
   1.84354007279473       0.117622192344324     
   1.84508926613321       0.104680066860859     
   1.84663845947170       9.249205329611979E-002
   1.84818765281018       8.105815165010610E-002
   1.84973684614866       7.037836192281792E-002
   1.85128603948715       6.045268411425526E-002
   1.85283523282563       5.128111822441814E-002
   1.85438442616411       4.286366425330652E-002
   1.85593361950259       3.520032220092043E-002
   1.85748281284108       2.829109206725985E-002
   1.85903200617956       2.213597385232480E-002
   1.86058119951804       1.673496755611527E-002
   1.86213039285653       1.208807317863126E-002
   1.86367958619501       8.195290719872766E-003
   1.86522877953349       5.056620179839791E-003
   1.86677797287198       2.672061558532335E-003
   1.86832716621046       1.041614855950398E-003
   1.86987635954894       1.652800720939812E-004
   1.87142555288742       4.305720696308314E-005
   1.87297474622591       6.749462605577042E-004
   1.87452393956439       2.060947232877845E-003
   1.87607313290287       4.201060123923504E-003
   1.87762232624136       7.095284933694683E-003
   1.87917151957984       1.074362166219138E-002
   1.88072071291832       1.514607030941359E-002
   1.88226990625680       2.030263087536133E-002
   1.88381909959529       2.621330336003459E-002
   1.88536829293377       3.287808776343337E-002
   1.88691748627225       4.029698408555766E-002
   1.88846667961074       4.846999232640748E-002
   1.89001587294922       5.739711248598282E-002
   1.89156506628770       6.707834456428369E-002
   1.89311425962619       7.751368856131007E-002
   1.89466345296467       8.870314447706196E-002
   1.89621264630315       0.100646712311539     
   1.89776183964163       0.113344392064742     
   1.89931103298012       0.126796183736671     
   1.90086022631860       0.141002087327325     
   1.90240941965708       0.155962102836704     
   1.90395861299557       0.171676230264809     
   1.90550780633405       0.188144469611640     
   1.90705699967253       0.205366820877196     
   1.90860619301102       0.223343284061477     
   1.91015538634950       0.242073859164484     
   1.91170457968798       0.261558546186217     
   1.91325377302646       0.281797345126675     
   1.91480296636495       0.302790255985859     
   1.91635215970343       0.324537278763768     
   1.91790135304191       0.347038413460402     
   1.91945054638040       0.370293660075762     
   1.92099973971888       0.394303018609848     
   1.92254893305736       0.419066489062659     
   1.92409812639584       0.444584071434196     
   1.92564731973433       0.470855765724459     
   1.92719651307281       0.497881571933446     
   1.92874570641129       0.525661490061160     
   1.93029489974978       0.554195520107599     
   1.93184409308826       0.583483662072763     
   1.93339328642674       0.613525915956653     
   1.93494247976523       0.644322281759269     
   1.93649167310371       0.675872759480610     
   1.93804086644219       0.708177349120676     
   1.93959005978067       0.741236050679468     
   1.94113925311916       0.775048864156986     
   1.94268844645764       0.809615789553229     
   1.94423763979612       0.844936826868197     
   1.94578683313461       0.881011976101891     
   1.94733602647309       0.917841237254311     
   1.94888521981157       0.955424610325456     
   1.95043441315006       0.993762095315327     
   1.95198360648854        1.03285369222392     
   1.95353279982702        1.07269940105124     
   1.95508199316550        1.11329922179729     
   1.95663118650399        1.15465315446206     
   1.95818037984247        1.19676119904556     
   1.95972957318095        1.23962335554779     
   1.96127876651944        1.28323962396874     
   1.96282795985792        1.32761000430841     
   1.96437715319640        1.37273449656681     
   1.96592634653488        1.41861310074394     
   1.96747553987337        1.46524581683979     
   1.96902473321185       0.937757183669002     
   1.97057392655033       0.900526424773596     
   1.97212311988882       0.864049777796916     
   1.97367231322730       0.828327242738961     
   1.97522150656578       0.793358819599732     
   1.97677069990427       0.759144508379229     
   1.97831989324275       0.725684309077450     
   1.97986908658123       0.692978221694398     
   1.98141827991971       0.661026246230071     
   1.98296747325820       0.629828382684469     
   1.98451666659668       0.599384631057593     
   1.98606585993516       0.569694991349442     
   1.98761505327365       0.540759463560017     
   1.98916424661213       0.512578047689318     
   1.99071343995061       0.485150743737344     
   1.99226263328910       0.458477551704096     
   1.99381182662758       0.432558471589573     
   1.99536101996606       0.407393503393775     
   1.99691021330454       0.382982647116704     
   1.99845940664303       0.359325902758357     
   2.00000859998151       0.336423270318737     
   2.00155779331999       0.314274749797841     
   2.00310698665848       0.292880341195672     
   2.00465617999696       0.272240044512227     
   2.00620537333544       0.252353859747509     
   2.00775456667392       0.233221786901516     
   2.00930376001241       0.214843825974248     
   2.01085295335089       0.197219976965706     
   2.01240214668937       0.180350239875889     
   2.01395134002786       0.164234614704798     
   2.01550053336634       0.148873101452433     
   2.01704972670482       0.134265700118793     
   2.01859892004331       0.120412410703878     
   2.02014811338179       0.107313233207689     
   2.02169730672027       9.496816763022553E-002
   2.02324650005875       8.337721397148753E-002
   2.02479569339724       7.254037223147504E-002
   2.02634488673572       6.245764241018808E-002
   2.02789408007420       5.312902450762663E-002
   2.02944327341269       4.455451852379071E-002
   2.03099246675117       3.673412445868031E-002
   2.03254166008965       2.966784231229542E-002
   2.03409085342814       2.335567208463607E-002
   2.03564004676662       1.779761377570222E-002
   2.03718924010510       1.299366738549390E-002
   2.03873843344358       8.943832914011102E-003
   2.04028762678207       5.648110361253816E-003
   2.04183682012055       3.106499727222051E-003
   2.04338601345903       1.319001011915804E-003
   2.04493520679752       2.856142153350776E-004
   2.04648440013600       6.339337479869842E-006
   2.04803359347448       4.811763783501811E-004
   2.04958278681297       1.710125337946012E-003
   2.05113198015145       3.693186216267362E-003
   2.05268117348993       6.430359013314232E-003
   2.05423036682841       9.921643729086618E-003
   2.05577956016690       1.416704036358452E-002
   2.05732875350538       1.916654891680795E-002
   2.05887794684386       2.492016938875689E-002
   2.06042714018235       3.142790177943135E-002
   2.06197633352083       3.868974608883134E-002
   2.06352552685931       4.670570231695684E-002
   2.06507472019779       5.547577046380787E-002
   2.06662391353628       6.499995052938441E-002
   2.06817310687476       7.527824251368649E-002
   2.06972230021324       8.631064641671407E-002
   2.07127149355173       9.809716223846719E-002
   2.07282068689021       0.110637789978946     
   2.07436988022869       0.123932529638150     
   2.07591907356718       0.137981381216080     
   2.07746826690566       0.152784344712735     
   2.07901746024414       0.168341420128115     
   2.08056665358262       0.184652607462222     
   2.08211584692111       0.201717906715053     
   2.08366504025959       0.219537317886610     
   2.08521423359807       0.238110840976893     
   2.08676342693656       0.257438475985901     
   2.08831262027504       0.277520222913635     
   2.08986181361352       0.298356081760095     
   2.09141100695201       0.319946052525279     
   2.09296020029049       0.342290135209190     
   2.09450939362897       0.365388329811826     
   2.09605858696745       0.389240636333187     
   2.09760778030594       0.413847054773274     
   2.09915697364442       0.439207585132086     
   2.10070616698290       0.465322227409624     
   2.10225536032139       0.492190981605888     
   2.10380455365987       0.519813847720877     
   2.10535374699835       0.548190825754591     
   2.10690294033683       0.577321915707032     
   2.10845213367532       0.607207117578197     
   2.11000132701380       0.637846431368088     
   2.11155052035228       0.669239857076705     
   2.11309971369077       0.701387394704047     
   2.11464890702925       0.734289044250115     
   2.11619810036773       0.767944805714908     
   2.11774729370622       0.802354679098427     
   2.11929648704470       0.837518664400671     
   2.12084568038318       0.873436761621641     
   2.12239487372166       0.910108970761336     
   2.12394406706015       0.947535291819757     
   2.12549326039863       0.606422496609744     
   2.12704245373711       0.576556853202923     
   2.12859164707560       0.547445321714827     
   2.13014084041408       0.519087902145457     
   2.13169003375256       0.491484594494812     
   2.13323922709105       0.464635398762893     
   2.13478842042953       0.438540314949699     
   2.13633761376801       0.413199343055231     
   2.13788680710649       0.388612483079488     
   2.13943600044498       0.364779735022471     
   2.14098519378346       0.341701098884179     
   2.14253438712194       0.319376574664613     
   2.14408358046043       0.297806162363773     
   2.14563277379891       0.276989861981658     
   2.14718196713739       0.256927673518268     
   2.14873116047587       0.237619596973604     
   2.15028035381436       0.219065632347666     
   2.15182954715284       0.201265779640453     
   2.15337874049132       0.184220038851966     
   2.15492793382981       0.167928409982204     
   2.15647712716829       0.152390893031167     
   2.15802632050677       0.137607487998857     
   2.15957551384526       0.123578194885271     
   2.16112470718374       0.110303013690411     
   2.16267390052222       9.778194441427707E-002
   2.16422309386070       8.601498705686825E-002
   2.16577228719919       7.500214161818497E-002
   2.16732148053767       6.474340809822719E-002
   2.16887067387615       5.523878649699494E-002
   2.17041986721464       4.648827681448821E-002
   2.17196906055312       3.849187905070700E-002
   2.17351825389160       3.124959320565131E-002
   2.17506744723009       2.476141927932115E-002
   2.17661664056857       1.902735727171650E-002
   2.17816583390705       1.404740718283737E-002
   2.17971502724553       9.821569012683763E-003
   2.18126422058402       6.349842761255671E-003
   2.18281341392250       3.632228428553098E-003
   2.18436260726098       1.668726014576045E-003
   2.18591180059947       4.593355193245117E-004
   2.18746099393795       4.056942798497405E-006
   2.18901018727643       3.028902849980023E-004
   2.19055938061492       1.355835545923026E-003
   2.19210857395340       3.162892725573570E-003
   2.19365776729188       5.724061823949632E-003
   2.19520696063036       9.039342841051214E-003
   2.19675615396885       1.310873577687831E-002
   2.19830534730733       1.793224063143093E-002
   2.19985454064581       2.350985740470906E-002
   2.20140373398430       2.984158609671272E-002
   2.20295292732278       3.692742670744190E-002
   2.20450212066126       4.476737923689660E-002
   2.20605131399974       5.336144368507682E-002
   2.20760050733823       6.270962005198256E-002
   2.20914970067671       7.281190833761382E-002
   2.21069889401519       8.366830854197060E-002
   2.21224808735368       9.527882066505292E-002
   2.21379728069216       0.107643444706861     
   2.21534647403064       0.120762180667394     
   2.21689566736913       0.134635028546653     
   2.21844486070761       0.149261988344637     
   2.21999405404609       0.164643060061347     
   2.22154324738457       0.180778243696782     
   2.22309244072306       0.197667539250943     
   2.22464163406154       0.215310946723830     
   2.22619082740002       0.233708466115442     
   2.22774002073851       0.252860097425779     
   2.22928921407699       0.272765840654842     
   2.23083840741547       0.293425695802631     
   2.23238760075396       0.314839662869145     
   2.23393679409244       0.337007741854384     
   2.23548598743092       0.359929932758349     
   2.23703518076940       0.383606235581040     
   2.23858437410789       0.408036650322456     
   2.24013356744637       0.433221176982597     
   2.24168276078485       0.459159815561465     
   2.24323195412334       0.485852566059057     
   2.24478114746182       0.513299428475376     
   2.24633034080030       0.541500402810419     
   2.24787953413878       0.570455489064189     
   2.24942872747727       0.600164687236683     
   2.25097792081575       0.384105342567214     
   2.25252711415423       0.360413397015252     
   2.25407630749272       0.337475563382015     
   2.25562550083120       0.315291841667504     
   2.25717469416968       0.293862231871718     
   2.25872388750817       0.273186733994658     
   2.26027308084665       0.253265348036323     
   2.26182227418513       0.234098073996714     
   2.26337146752361       0.215684911875830     
   2.26492066086210       0.198025861673672     
   2.26646985420058       0.181120923390240     
   2.26801904753906       0.164970097025532     
   2.26956824087755       0.149573382579551     
   2.27111743421603       0.134930780052295     
   2.27266662755451       0.121042289443764     
   2.27421582089300       0.107907910753959     
   2.27576501423148       9.552764398287954E-002
   2.27731420756996       8.390148913052549E-002
   2.27886340090844       7.302944619689695E-002
   2.28041259424693       6.291151518199395E-002
   2.28196178758541       5.354769608581646E-002
   2.28351098092389       4.493798890836449E-002
   2.28506017426238       3.708239364963804E-002
   2.28660936760086       2.998091030963711E-002
   2.28815856093934       2.363353888836170E-002
   2.28970775427783       1.804027938581182E-002
   2.29125694761631       1.320113180198745E-002
   2.29280614095479       9.116096136888600E-003
   2.29435533429327       5.785172390515268E-003
   2.29590452763176       3.208360562867455E-003
   2.29745372097024       1.385660653945162E-003
   2.29900291430872       3.170726637483879E-004
   2.30055210764721       2.596592277133029E-006
   2.30210130098569       4.422324395313973E-004
   2.30365049432417       1.635980205511181E-003
   2.30519968766265       3.583839890216484E-003
   2.30674888100114       6.285811493647306E-003
   2.30829807433962       9.741895015803647E-003
   2.30984726767810       1.395209045668551E-002
   2.31139646101659       1.891639781629288E-002
   2.31294565435507       2.463481709462578E-002
   2.31449484769355       3.110734829168419E-002
   2.31604404103204       3.833399140746813E-002
   2.31759323437052       4.631474644197760E-002
   2.31914242770900       5.504961339521258E-002
   2.32069162104748       6.453859226717307E-002
   2.32224081438597       7.478168305785909E-002
   2.32379000772445       8.577888576727064E-002
   2.32533920106293       9.753020039540769E-002
   2.32688839440142       0.110035626942270     
   2.32843758773990       0.123295165407858     
   2.32998678107838       0.137308815792172     
   2.33153597441687       0.152076578095211     
   2.33308516775535       0.167598452316976     
   2.33463436109383       0.183874438457466     
   2.33618355443231       0.200904536516681     
   2.33773274777080       0.218688746494623     
   2.33928194110928       0.237227068391289     
   2.34083113444776       0.256519502206682     
   2.34238032778625       0.276566047940799     
   2.34392952112473       0.297366705593642     
   2.34547871446321       0.318921475165211     
   2.34702790780169       0.341230356655506     
   2.34857710114018       0.364293350064525     
   2.35012629447866       0.233147709147166     
   2.35167548781714       0.214772727015088     
   2.35322468115563       0.197151856801735     
   2.35477387449411       0.180285098507108     
   2.35632306783259       0.164172452131206     
   2.35787226117108       0.148813917674030     
   2.35942145450956       0.134209495135579     
   2.36097064784804       0.120359184515854     
   2.36251984118652       0.107262985814854     
   2.36406903452501       9.492089903258019E-002
   2.36561822786349       8.333292416903151E-002
   2.36716742120197       7.249906122420835E-002
   2.36871661454046       6.241931019811071E-002
   2.37026580787894       5.309367109073859E-002
   2.37181500121742       4.452214390209200E-002
   2.37336419455591       3.670472863217091E-002
   2.37491338789439       2.964142528097536E-002
   2.37646258123287       2.333223384850532E-002
   2.37801177457135       1.777715433476081E-002
   2.37956096790984       1.297618673974181E-002
   2.38111016124832       8.929331063448329E-003
   2.38265935458680       5.636587305880366E-003
   2.38420854792529       3.097955467037924E-003
   2.38575774126377       1.313435546921001E-003
   2.38730693460225       2.830275455295979E-004
   2.38885612794073       6.731462863713774E-006
   2.39040532127922       4.845472989233487E-004
   2.39195451461770       1.716475053708503E-003
   2.39350370795618       3.702514727219176E-003
   2.39505290129467       6.442666319455370E-003
   2.39660209463315       9.936929830417081E-003
   2.39815128797163       1.418530526010431E-002
   2.39970048131012       1.918779260851705E-002
   2.40124967464860       2.494439187565532E-002
   2.40279886798708       3.145510306151911E-002
   2.40434806132556       3.871992616610842E-002
   2.40589725466405       4.673886118942325E-002
   2.40744644800253       5.551190813146361E-002
   2.40899564134101       6.503906699222947E-002
   2.41054483467950       7.532033777172085E-002
   2.41209402801798       8.635572046993777E-002
   2.41364322135646       9.814521508688021E-002
   2.41519241469495       0.110688821622548     
   2.41674160803343       0.123986540076942     
   2.41829080137191       0.138038370450061     
   2.41983999471039       0.152844312741905     
   2.42138918804888       0.168404366952475     
   2.42293838138736       0.184718533081771     
   2.42448757472584       0.201786811129792     
   2.42603676806433       0.219609201096538     
   2.42758596140281       0.238185702982010     
   2.42913515474129       0.152438826996756     
   2.43068434807978       0.137653037819748     
   2.43223354141826       0.123621360561464     
   2.43378273475674       0.110343795221907     
   2.43533192809522       9.782034180107474E-002
   2.43688112143371       8.605100029896814E-002
   2.43843031477219       7.503577071558706E-002
   2.43997950811067       6.477465305093150E-002
   2.44152870144916       5.526764730500146E-002
   2.44307789478764       4.651475347779694E-002
   2.44462708812612       3.851597156931794E-002
   2.44617628146460       3.127130157956446E-002
   2.44772547480309       2.478074350853650E-002
   2.44927466814157       1.904429735623407E-002
   2.45082386148005       1.406196312265715E-002
   2.45237305481854       9.833740807805750E-003
   2.45392224815702       6.359630411679868E-003
   2.45547144149550       3.639631934279505E-003
   2.45702063483399       1.673745375604663E-003
   2.45856982817247       4.619707356553387E-004
   2.46011902151095       4.308014431534343E-006
   2.46166821484943       3.007572119332492E-004
   2.46321740818792       1.351318328160483E-003
   2.46476660152640       3.155991363113236E-003
   2.46631579486488       5.714776316791509E-003
   2.46786498820337       9.027673189195300E-003
   2.46941418154185       1.309468198032461E-002
   2.47096337488033       1.791580269017944E-002
   2.47251256821882       2.349103531875978E-002
   2.47406176155730       2.982037986606565E-002
   2.47561095489578       3.690383633209704E-002
   2.47716014823426       4.474140471685395E-002
   2.47870934157275       5.333308502033637E-002
   2.48025853491123       6.267887724254433E-002
   2.48180772824971       7.277878138347781E-002
   2.48335692158820       8.363279744313680E-002
   2.48490611492668       9.524092542152129E-002
   2.48645530826516       0.107603165318631     
   2.48800450160364       0.120719517134467     
   2.48955369494213       0.134589980869028     
   2.49110288828061       0.149214556522314     
   2.49265208161909       0.164593244094327     
   2.49420127495758       0.105339660318204     
   2.49575046829606       9.311212240386663E-002
   2.49729966163454       8.163869640825512E-002
   2.49884885497303       7.091938233136913E-002
   2.50039804831151       6.095418017320867E-002
   2.50194724164999       5.174308993377372E-002
   2.50349643498847       4.328611161306430E-002
   2.50504562832696       3.558324521108040E-002
   2.50659482166544       2.863449072782201E-002
   2.50814401500392       2.243984816328915E-002
   2.50969320834241       1.699931751748181E-002
   2.51124240168089       1.231289879039999E-002
   2.51279159501937       8.380591982043682E-003
   2.51434078835786       5.202397092412897E-003
   2.51588998169634       2.778314121507630E-003
   2.51743917503482       1.108343069327882E-003
   2.51898836837330       1.924839358736536E-004
   2.52053756171179       3.073672114494458E-005
   2.52208675505027       6.231014251417546E-004
   2.52363594838875       1.969578047864084E-003
   2.52518514172724       4.070166589311933E-003
   2.52673433506572       6.924867049485301E-003
   2.52828352840420       1.053367942838419E-002
   2.52983272174269       1.489660372600859E-002
   2.53138191508117       2.001363994235851E-002
   2.53293110841965       2.588478807743396E-002
   2.53448030175813       3.251004813123493E-002
   2.53602949509662       3.988942010376141E-002
   2.53757868843510       4.802290399501342E-002
   2.53912788177358       5.691049980499095E-002
   2.54067707511207       6.655220753369399E-002
   2.54222626845055       7.694802718112256E-002
   2.54377546178903       8.809795874727666E-002
   2.54532465512751       0.100002002232156     
   2.54687384846600       6.400127169608995E-002
   2.54842304180448       5.455344884707938E-002
   2.54997223514296       4.585973791679432E-002
   2.55152142848145       3.792013890523479E-002
   2.55307062181993       3.073465181240078E-002
   2.55461981515841       2.430327663829229E-002
   2.55616900849690       1.862601338290932E-002
   2.55771820183538       1.370286204625187E-002
   2.55926739517386       9.533822628319935E-003
   2.56081658851234       6.118895129113520E-003
   2.56236578185083       3.458079548632623E-003
   2.56391497518931       1.551375886877248E-003
   2.56546416852779       3.987841438473908E-004
   2.56701336186628       3.043195430531564E-007
   2.56856255520476       3.559364139642347E-004
   2.57011174854324       1.465680427110935E-003
   2.57166094188173       3.329536358983155E-003
   2.57321013522021       5.947504209580895E-003
   2.57475932855869       9.319583978904152E-003
   2.57630852189717       1.344577566695293E-002
   2.57785771523566       1.832607927372722E-002
   2.57940690857414       2.396049479922703E-002
   2.58095610191262       3.034902224345237E-002
   2.58250529525111       3.749166160640323E-002
   2.58405448858959       4.538841288807960E-002
   2.58560368192807       5.403927608848150E-002
   2.58715287526655       6.344425120760892E-002
   2.58870206860504       4.060431454625062E-002
   2.59025126194352       3.315574624284590E-002
   2.59180045528200       2.646128985816669E-002
   2.59334964862049       2.052094539221300E-002
   2.59489884195897       1.533471284498484E-002
   2.59644803529745       1.090259221648219E-002
   2.59799722863594       7.224583506705064E-003
   2.59954642197442       4.300686715653454E-003
   2.60109561531290       2.130901843327363E-003
   2.60264480865138       7.152288897267912E-004
   2.60419400198987       5.366785485173909E-005
   2.60574319532835       1.462187387022062E-004
   2.60729238866683       9.928815412781923E-004
   2.60884158200532       2.593656262579698E-003
   2.61039077534380       4.948542902606723E-003
   2.61193996868228       8.057541461359266E-003
   2.61348916202077       1.192065193883733E-002
   2.61503835535925       1.653787433504091E-002
   2.61658754869773       2.190920864997001E-002
   2.61813674203621       2.803465488362463E-002
   2.61968593537470       3.491421303600478E-002
   2.62123512871318       4.254788310711044E-002
   2.62278432205166       2.723064097398011E-002
   2.62433351539015       2.119911660490602E-002
   2.62588270872863       1.592170415455745E-002
   2.62743190206711       1.139840362293440E-002
   2.62898109540559       7.629215010036870E-003
   2.63053028874408       4.614138315864855E-003
   2.63207948208256       2.353173540418359E-003
   2.63362867542104       8.463206836973825E-004
   2.63517786875953       9.357974570192544E-005
   2.63672706209801       9.495072643198762E-005
   2.63827625543649       8.504336258875688E-004
   2.63982544877498       2.360028444068670E-003
   2.64137464211346       4.623735180975289E-003
   2.64292383545194       7.641553836607430E-003
   2.64447302879042       1.141348441096509E-002
   2.64602222212891       1.593952690404826E-002
   2.64757141546739       2.121968131585696E-002
   2.64912060880587       2.725394764639117E-002
   2.65066980214436       1.744252376058605E-002
   2.65221899548284       1.269052228987240E-002
   2.65376818882132       8.692632737884277E-003
   2.65531738215981       5.448855104621665E-003
   2.65686657549829       2.959189390084573E-003
   2.65841576883677       1.223635594273000E-003
   2.65996496217525       2.421937171869466E-004
   2.66151415551374       1.486375882641235E-005
   2.66306334885222       5.416457191913972E-004
   2.66461254219070       1.822539598281901E-003
   2.66616173552919       3.857545396097925E-003
   2.66771092886767       6.646663112639468E-003
   2.66926012220615       1.018989274790653E-002
   2.67080931554463       1.448723430189911E-002
   2.67235850888312       9.271828467281317E-003
   2.67390770222160       5.909366715613574E-003
   2.67545689556008       3.301016882671350E-003
   2.67700608889857       1.446778968454646E-003
   2.67855528223705       3.466529729634611E-004
   2.68010447557553       6.388961977953338E-007
   2.68165366891402       4.087367381576487E-004
   2.68320286225250       1.570946498843021E-003
   2.68475205559098       3.487268178253913E-003
   2.68630124892946       6.157701776390325E-003
   2.68785044226795       9.582247293252254E-003
   2.68939963560643       6.132637266284157E-003
   2.69094882894491       3.468412292972275E-003
   2.69249802228340       1.558299238385912E-003
   2.69404721562188       4.022981025250688E-004
   2.69559640896036       4.088853897448428E-007
   2.69714560229885       3.526315869799400E-004
   2.69869479563733       1.458966207295654E-003
   2.70024398897581       3.319412746336888E-003
   2.70179318231429       5.933971204103641E-003
   2.70334237565278       3.797740933532733E-003
   2.70489156899126       1.781505559936292E-003
   2.70644076232974       5.193821050653698E-004
   2.70798995566823       1.137056891996735E-005
   2.70953914900671       2.574709515000841E-004
   2.71108834234519       1.257683252805720E-003
   2.71263753568367       3.012007472836875E-003
   2.71418672902216       1.927684443202388E-003
   2.71573592236064       5.996364091614097E-004
   2.71728511569912       2.570029384595078E-005
   2.71883430903761       2.058760972560111E-004
   2.72038350237609       1.140163819391590E-003
   2.72193269571457       2.828563460252689E-003
   2.72348188905306       1.810280294148978E-003
   2.72503108239154       5.349719195637533E-004
   2.72658027573002       1.377546370404760E-005
   2.72812946906850       2.466909265698610E-004
   2.72967866240699       1.233718308161193E-003
   2.73122785574547       7.895795653532114E-004
   2.73277704908395       7.536895690133139E-005
   2.73432624242244       1.152702671749705E-004
   2.73587543576092       9.092834961741286E-004
   2.73742462909940       5.819413211635723E-004
   2.73897382243789       2.214202352200136E-005
   2.74052301577637       2.164546446059497E-004
   2.74207220911485       1.164879184415417E-003
   2.74362140245333       7.455225336487030E-004
   2.74517059579182       6.219419635016832E-005
   2.74671978913030       1.329777777771528E-004
   2.74826898246878       8.510575351356019E-005
   2.74981817580727       1.038901313164869E-004
   2.75136736914575       6.648966388262328E-005
   2.75291656248423       1.268734015209635E-004
   2.75446575582272       8.119895355741898E-005
   2.75601494916120       1.083032057784944E-004
   2.75756414249968       6.931403090440075E-005
   2.75911333583816       1.230418694984354E-004
   2.76066252917665       7.874677359850986E-005
   2.76221172251513       1.111757446628591E-004
   2.76376091585361       7.115245538015229E-005
   2.76531010919210       1.206205192133043E-004
   2.76685930253058       7.719710975584519E-005
   2.76840849586906       1.130339003779113E-004
   2.76995768920754       7.234167477337078E-005
   2.77150688254603       4.629867372056134E-005
   2.77305607588451       2.963113987011458E-005
   2.77460526922299       1.896393228023855E-005
   2.77615446256148       1.213691042826773E-005
   2.77770365589996       7.767625091137532E-006
   2.77925284923844       4.971276483303790E-006
   2.78080204257693       3.181618761846303E-006
   2.78235123591541       2.036233888677788E-006
   2.78390042925389       1.303190950952079E-006
   2.78544962259237       8.340409217790594E-007
   2.78699881593086       5.337870420768998E-007
   2.78854800926934       3.416229117301338E-007
   2.79009720260782       2.186392270339100E-007
   2.79164639594631       1.399286079956119E-007
   2.79319558928479       8.955467721178074E-008
   2.79474478262327       5.731467989975966E-008
   2.79629397596176       3.668163376279920E-008
   2.79784316930024       2.347604690785596E-008
   2.79939236263872       1.502482399009065E-008
   2.80094155597720       9.615760984082472E-009
   2.80249074931569       6.154186081121289E-009
   2.80403994265417       3.938598542525627E-009
   2.80558913599265       2.520766669409925E-009
   2.80713832933114       1.613239250818791E-009
   2.80868752266962       1.032513911687515E-009
   2.81023671600810       6.607760511144383E-010
   2.81178590934658       4.229228141932022E-010
   2.81333510268507       2.706495980677071E-010
   2.81488429602355       1.732324877106288E-010
   2.81643348936203       1.108553594300860E-010
   2.81798268270052       7.095815270882778E-011
   2.81953187603900       4.540462459143173E-011
   2.82108106937748       2.906582467845428E-011
   2.82263026271597       1.859662974496135E-011
   2.82417945605445       1.190623760254500E-011
   2.82572864939293       7.616473963582870E-012
   2.82727784273141       4.877356279546043E-012
   2.82882703606990       3.119256709329917E-012
   2.83037622940838       1.998124759230622E-012
   2.83192542274686       1.277359130378033E-012
   2.83347461608535       8.186622252116144E-013
   2.83502380942383       5.230218260488777E-013
   2.83657300276231       3.354715369584022E-013
   2.83812219610080       2.141117390107318E-013
   2.83967138943928       1.375035842351697E-013
   2.84122058277776       8.762468892592310E-014
   2.84276977611624       5.638194738454463E-014
   2.84431896945473       3.584279839579769E-014
   2.84586816279321       2.313278283530100E-014
   2.84741735613169       1.465034382210176E-014
   2.84896654947018       9.500007839031873E-015
   2.85051574280866       5.981053965910038E-015
   2.85206493614714       3.907115270980086E-015
   2.85361412948562       2.437241551642607E-015
   2.85516332282411       1.610565022186030E-015
   2.85671251616259       9.902581185638594E-016
   2.85826170950107       6.662489557809336E-016
   2.85981090283956       4.004933689909069E-016
   2.86136009617804       2.771216176896346E-016
   2.86290928951652       1.607942719676439E-016
   2.86445848285501       1.162403287283736E-016
   2.86600767619349       6.380937340638427E-017
   2.86755686953197       4.938671422936057E-017
   2.86910606287045       2.484969702915558E-017
   2.87065525620894       2.139122078744023E-017
   2.87220444954742       9.381627084467676E-018
   2.87375364288590       9.532423058910021E-018
   2.87530283622439       3.359385083528206E-018
   2.87685202956287       4.424278900146688E-018
   2.87840122290135       1.093301108332080E-018
   2.87995041623984       2.171483186413831E-018
   2.88149960957832       2.935137640131523E-019
   2.88304880291680       1.146018039863637E-018
   2.88459799625528       4.809719419697110E-020
   2.88614718959377       6.602466609766382E-019
   2.88769638293225       1.673761146735945E-022
   2.88924557627073       4.192005426607489E-019
   2.89079476960922       1.419470216343244E-020
   2.89234396294770       2.935405847509046E-019
   2.89389315628618       4.148228922815109E-020
   2.89544234962466       2.248366856526331E-019
   2.89699154296315       6.644615700133801E-020
   2.89854073630163       1.856660773764985E-019
   2.90008992964011       8.549495318269617E-020
   2.90163912297860       1.625629223167463E-019
   2.90318831631708       9.894444029578849E-020
   2.90473750965556       1.485821911311930E-019
   2.90628670299405       1.080674936577213E-019
   2.90783589633253       1.399643694883104E-019
   2.90938508967101       1.141173477127823E-019
   2.91093428300949       1.345840689211619E-019
   2.91248347634798       1.180757205843620E-019
   2.91403266968646       1.311960158411481E-019
   2.91558186302494       1.206444956586201E-019
   2.91713105636343       1.290503289454538E-019
   2.91868024970191       1.223030181847051E-019
   2.92022944304039       1.276863738352187E-019
   2.92177863637888       1.233704143959665E-019
   2.92332782971736       1.268172455418156E-019
   2.92487702305584       1.240559816928400E-019
   2.92642621639432       1.262625611623527E-019
   2.92797540973281       1.244957415914703E-019
   2.92952460307129       1.259082012236007E-019
   2.93107379640977       1.247775962124611E-019
   2.93262298974826       1.256816722257952E-019
   2.93417218308674       1.249581503941244E-019
   2.93572137642522       1.255368007291410E-019
   2.93727056976370       1.250737735592605E-019
   2.93881976310219       1.254441268287628E-019
   2.94036895644067       1.251478004340441E-019
   2.94191814977915       1.253848334996891E-019
   2.94346734311764       1.251951891202917E-019
   2.94501653645612       1.253468931304478E-019
   2.94656572979460       1.252255225827004E-019
   2.94811492313309       1.253226143106384E-019
   2.94966411647157       1.252449379240435E-019
   2.95121330981005       1.253070771023461E-019
   2.95276250314853       1.252573645304871E-019
   2.95431169648702       1.252971337959911E-019
   2.95586088982550       1.252653178809463E-019
   2.95741008316398       1.252907702879093E-019
   2.95895927650247       1.252704081569981E-019
   2.96050846984095       1.252866977281443E-019
   2.96205766317943       1.252736659874661E-019
   2.96360685651792       1.252840913250163E-019
   2.96515604985640       1.252757510208892E-019
   2.96670524319488       1.252824232414885E-019
   2.96825443653336       1.252770854511889E-019
   2.96980362987185       1.252813556740161E-019
   2.97135282321033       1.252779394901845E-019
   2.97290201654881       1.252806724333220E-019
   2.97445120988730       1.252784860765886E-019
   2.97600040322578       1.252802351603200E-019
   2.97754959656426       1.252788358924612E-019
   2.97909878990275       1.252799553060406E-019
   2.98064798324123       1.252790597748431E-019
   2.98219717657971       1.252797761994921E-019
   2.98374636991819       1.252792030596512E-019
   2.98529556325668       1.252796615713854E-019
   2.98684475659516       1.252792947619578E-019
   2.98839394993364       1.252795882094354E-019
   2.98994314327213       1.252793534514430E-019
   2.99149233661061       1.252795412578055E-019
   2.99304152994909       1.252793910127154E-019
   2.99459072328757       1.252795112087715E-019
   2.99613991662606       1.252794150519290E-019
   2.99768910996454       1.252794919773944E-019
   2.99923830330302       1.252794304370248E-019
   3.00078749664151       1.252794796693155E-019
   3.00233668997999       1.252794402834851E-019
   3.00388588331847       1.252794717921466E-019
   3.00543507665696       1.252794465852190E-019
   3.00698426999544       1.252794667507593E-019
   3.00853346333392       1.252794506183282E-019
   3.01008265667240       1.252794635242720E-019
   3.01163185001089       1.252794531995177E-019
   3.01318104334937       1.252794614593206E-019
   3.01473023668785       1.252794548514786E-019
   3.01627943002634       1.252794601377518E-019
   3.01782862336482       1.252794559087336E-019
   3.01937781670330       1.252794592919479E-019
   3.02092701004179       1.252794565853766E-019
   3.02247620338027       1.252794587506336E-019
   3.02402539671875       1.252794570184281E-019
   3.02557459005723       1.252794584041924E-019
   3.02712378339572       1.252794572955810E-019
   3.02867297673420       1.252794581824700E-019
   3.03022217007268       1.252794574729589E-019
   3.03177136341117       1.252794580405677E-019
   3.03332055674965       1.252794575864808E-019
   3.03486975008813       1.252794579497502E-019
   3.03641894342661       1.252794576591347E-019
   3.03796813676510       1.252794578916270E-019
   3.03951733010358       1.252794577056332E-019
   3.04106652344206       1.252794578544283E-019
   3.04261571678055       1.252794577353922E-019
   3.04416491011903       1.252794578306210E-019
   3.04571410345751       1.252794577544380E-019
   3.04726329679600       1.252794578153845E-019
   3.04881249013448       1.252794577666273E-019
   3.05036168347296       1.252794578056331E-019
   3.05191087681144       1.252794577744284E-019
   3.05346007014993       1.252794577993921E-019
   3.05500926348841       1.252794577794212E-019
   3.05655845682689       1.252794577953979E-019
   3.05810765016538       1.252794577826165E-019
   3.05965684350386       1.252794577928416E-019
   3.06120603684234       1.252794577846615E-019
   3.06275523018083       1.252794577912056E-019
   3.06430442351931       1.252794577859703E-019
   3.06585361685779       1.252794577901585E-019
   3.06740281019627       1.252794577868080E-019
   3.06895200353476       1.252794577894884E-019
   3.07050119687324       1.252794577873441E-019
   3.07205039021172       1.252794577890596E-019
   3.07359958355021       1.252794577876872E-019
   3.07514877688869       1.252794577887851E-019
   3.07669797022717       1.252794577879067E-019
   3.07824716356565       1.252794577886095E-019
   3.07979635690414       1.252794577880473E-019
   3.08134555024262       1.252794577884970E-019
   3.08289474358110       1.252794577881372E-019
   3.08444393691959       1.252794577884251E-019
   3.08599313025807       1.252794577881948E-019
   3.08754232359655       1.252794577883790E-019
   3.08909151693504       1.252794577882317E-019
   3.09064071027352       1.252794577883495E-019
   3.09218990361200       1.252794577882552E-019
   3.09373909695048       1.252794577883307E-019
   3.09528829028897       1.252794577882703E-019
