  0.000000000000000E+000  3.770559698552976E-004
  1.549193338482967E-003  1.508223879421190E-003
  3.098386676965934E-003  3.393503728697678E-003
  4.647580015448901E-003  6.032895517684761E-003
  6.196773353931867E-003  9.426399246382439E-003
  7.745966692414834E-003  1.357401491479071E-002
  9.295160030897802E-003  1.847574252290958E-002
  1.084435336938077E-002  2.413158207073904E-002
  1.239354670786373E-002  3.054153355827910E-002
  1.394274004634670E-002  3.770559698552976E-002
  1.549193338482967E-002  4.562377235249101E-002
  1.704112672331264E-002  5.429605965916286E-002
  1.859032006179560E-002  6.372245890554530E-002
  2.013951340027857E-002  7.390297009163835E-002
  2.168870673876154E-002  8.483759321744198E-002
  2.323790007724450E-002  9.652632828295622E-002
  2.478709341572747E-002  0.108969175288181     
  2.633628675421044E-002  0.122166134233116     
  2.788548009269340E-002  0.136117205117762     
  2.943467343117637E-002  0.150822387942119     
  3.098386676965934E-002  0.166281682706186     
  3.253306010814230E-002  0.182495089409964     
  3.408225344662527E-002  0.199462608053452     
  3.563144678510824E-002  0.217184238636651     
  3.718064012359121E-002  0.235659981159561     
  3.872983346207417E-002  0.254889835622181     
  4.027902680055714E-002  0.274873802024512     
  4.182822013904011E-002  0.295611880366553     
  4.337741347752307E-002  0.317104070648305     
  4.492660681600604E-002  0.339350372869767     
  4.647580015448900E-002  0.362350787030941     
  4.802499349297197E-002  0.386105313131824     
  4.957418683145494E-002  0.410613951172419     
  5.112338016993791E-002  0.435876701152724     
  5.267257350842088E-002  0.461893563072739     
  5.422176684690384E-002  0.488664536932465     
  5.577096018538680E-002  0.516189622731902     
  5.732015352386977E-002  0.544468820471049     
  5.886934686235274E-002  0.573502130149907     
  6.041854020083571E-002  0.603289551768476     
  6.196773353931867E-002  0.633831085326755     
  6.351692687780164E-002  0.665126730824745     
  6.506612021628461E-002  0.697176488262445     
  6.661531355476757E-002  0.729980357639856     
  6.816450689325054E-002  0.763538338956978     
  6.971370023173351E-002  0.797850432213810     
  7.126289357021648E-002  0.832916637410353     
  7.281208690869945E-002  0.868736954546606     
  7.436128024718242E-002  0.905311383622570     
  7.591047358566537E-002  0.942639924638245     
  7.745966692414834E-002  0.980722577593630     
  7.900886026263131E-002   1.01955934248873     
  8.055805360111427E-002   1.05915021932353     
  8.210724693959724E-002   1.09949520809805     
  8.365644027808021E-002   1.14059430881228     
  8.520563361656318E-002   1.18244752146621     
  8.675482695504615E-002   1.22505484605986     
  8.830402029352911E-002   1.26841628259322     
  8.985321363201208E-002   1.31253183106629     
  9.140240697049504E-002   1.35740149147907     
  9.295160030897801E-002   1.40302526383156     
  9.450079364746097E-002   1.44940314812377     
  9.604998698594394E-002   1.49653514435568     
  9.759918032442691E-002   1.54442125252730     
  9.914837366290988E-002   1.59306147263864     
  0.100697567001393        1.64245580468968     
  0.102246760339876        1.69260424868043     
  0.103795953678359        1.74350680461090     
  0.105345147016842        1.79516347248107     
  0.106894340355325        1.84757425229096     
  0.108443533693808        1.90073914404056     
  0.109992727032291        1.95465814772987     
  0.111541920370774        2.00933126335888     
  0.113091113709257        2.06475849092761     
  0.114640307047740        2.12093983043605     
  0.116189500386223        2.17787528188420     
  0.117738693724705        2.23556484527206     
  0.119287887063188        2.29400852059964     
  0.120837080401671        2.35320630786692     
  0.122386273740154        2.41315820707391     
  0.123935467078637        2.47386421822061     
  0.125484660417120        2.53532434130703     
  0.127033853755603        2.59753857633315     
  0.128583047094086        2.66050692329899     
  0.130132240432569        2.72422938220453     
  0.131681433771052        2.78870595304979     
  0.133230627109535        2.85393663583475     
  0.134779820448018        2.91992143055943     
  0.136329013786501        2.98666033722382     
  0.137878207124984        3.05415335582792     
  0.139427400463467        3.12240048637173     
  0.140976593801950        3.19140172885525     
  0.142525787140433        3.26115708327848     
  0.144074980478916        3.33166654964142     
  0.145624173817399        3.40293012794407     
  0.147173367155882        3.47494781818643     
  0.148722560494365        3.54771962036850     
  0.150271753832848        3.62124553449029     
  0.151820947171331        3.69552556055178     
  0.153370140509814        3.77055969855299     
  0.154919333848297        3.84634794849390     
  0.156468527186780        3.92289031037453     
  0.158017720525263        4.00018678419486     
  0.159566913863746        4.07823736995491     
  0.161116107202229        4.15704206765467     
  0.162665300540712        4.23660087729414     
  0.164214493879194        4.31691379887331     
  0.165763687217677        4.39798083239220     
  0.167312880556160        4.47980197785080     
  0.168862073894643        4.56237723524911     
  0.170411267233126        4.64570660458714     
  0.171960460571609        4.72979008586487     
  0.173509653910092        4.81462767908231     
  0.175058847248575        4.90021938423946     
  0.176608040587058        4.98656520133633     
  0.178157233925541        5.07366513037290     
  0.179706427264024        5.16151917134918     
  0.181255620602507        5.25012732426518     
  0.182804813940990        5.33948958912088     
  0.184354007279473        5.42960596591630     
  0.185903200617956        5.52047645465143     
  0.187452393956439        5.61210105532627     
  0.189001587294922        5.70447976794082     
  0.190550780633405        5.79761259249507     
  0.192099973971888        5.89149952898904     
  0.193649167310371        5.98614057742272     
  0.195198360648854        6.08153573779611     
  0.196747553987337        6.17768501010922     
  0.198296747325820        6.27458839436203     
  0.199845940664303        6.37224589055455     
  0.201395134002786        6.47065749868678     
  0.202944327341269        6.56982321875872     
  0.204493520679752        6.66974305077038     
  0.206042714018235        6.77041699472174     
  0.207591907356718        6.87184505061282     
  0.209141100695201        6.97402721844360     
  0.210690294033684        7.07696349821410     
  0.212239487372166        7.18065388992431     
  0.213788680710649        7.28509839357423     
  0.215337874049132        7.39029700916385     
  0.216887067387615        7.49624973669320     
  0.218436260726098        7.60295657616224     
  0.219985454064581        7.71041752757101     
  0.221534647403064        7.81863259091948     
  0.223083840741547        7.92760176620766     
  0.224633034080030        8.03732505343555     
  0.226182227418513        8.14780245260315     
  0.227731420756996        8.25903396371046     
  0.229280614095479        8.37101958675749     
  0.230829807433962        8.48375932174422     
  0.232379000772445        8.59725316867067     
  0.233928194110928        8.71150112753682     
  0.235477387449411        8.82650319834269     
  0.237026580787894        8.94225938108826     
  0.238575774126377        9.05876967577355     
  0.240124967464860        9.17603408239855     
  0.241674160803343        9.29405260096326     
  0.243223354141826        9.41282523146768     
  0.244772547480309        9.53235197391181     
  0.246321740818792        9.65263282829565     
  0.247870934157275        9.77366779461920     
  0.249420127495758        9.89545687288246     
  0.250969320834241        10.0180000630854     
  0.252518514172724        10.1412973652281     
  0.254067707511207        10.2653487793105     
  0.255616900849690        10.3901543053326     
  0.257166094188172        10.5157139432944     
  0.258715287526655        10.6420276931960     
  0.260264480865138        10.7690955550372     
  0.261813674203621        10.8969175288181     
  0.263362867542104        11.0254936145388     
  0.264912060880587        11.1548238121992     
  0.266461254219070        11.2849081217992     
  0.268010447557553        11.4157465433390     
  0.269559640896036        11.5473390768185     
  0.271108834234519        11.6796857222377     
  0.272658027573002        11.8127864795967     
  0.274207220911485        11.9466413488953     
  0.275756414249968        12.0812503301336     
  0.277305607588451        12.2166134233117     
  0.278854800926934        12.3527306284294     
  0.280403994265417        12.4896019454869     
  0.281953187603900        12.6272273744841     
  0.283502380942383        12.7656069154210     
  0.285051574280866        12.9047405682976     
  0.286600767619349        13.0446283331139     
  0.288149960957832        13.1852702098699     
  0.289699154296315        13.3266661985657     
  0.291248347634798        13.4688162992011     
  0.292797540973281        13.6117205117763     
  0.294346734311764        13.7553788362912     
  0.295895927650247        13.8997912727457     
  0.297445120988730        14.0449578211400     
  0.298994314327213        14.1908784814740     
  0.300543507665696        14.3375532537477     
  0.302092701004179        14.4849821379612     
  0.303641894342661        14.6331651341143     
  0.305191087681144        14.7821022422071     
  0.306740281019627        14.9317934622397     
  0.308289474358110        15.0822387942120     
  0.309838667696593        15.2334382381239     
  0.311387861035076        7.46438448230954     
  0.312937054373559        7.35865799017001     
  0.314486247712042        7.25368560997019     
  0.316035441050525        7.14946734171009     
  0.317584634389008        7.04600318538969     
  0.319133827727491        6.94329314100900     
  0.320683021065974        6.84133720856803     
  0.322232214404457        6.74013538806676     
  0.323781407742940        6.63968767950521     
  0.325330601081423        6.53999408288336     
  0.326879794419906        6.44105459820123     
  0.328428987758389        6.34286922545881     
  0.329978181096872        6.24543796465610     
  0.331527374435355        6.14876081579310     
  0.333076567773838        6.05283777886981     
  0.334625761112321        5.95766885388623     
  0.336174954450804        5.86325404084236     
  0.337724147789287        5.76959333973820     
  0.339273341127770        5.67668675057375     
  0.340822534466253        5.58453427334901     
  0.342371727804736        5.49313590806399     
  0.343920921143219        5.40249165471867     
  0.345470114481702        5.31260151331306     
  0.347019307820185        5.22346548384717     
  0.348568501158668        5.13508356632098     
  0.350117694497151        5.04745576073451     
  0.351666887835633        4.96058206708775     
  0.353216081174116        4.87446248538069     
  0.354765274512599        4.78909701561335     
  0.356314467851082        4.70448565778572     
  0.357863661189565        4.62062841189780     
  0.359412854528048        4.53752527794959     
  0.360962047866531        4.45517625594109     
  0.362511241205014        4.37358134587230     
  0.364060434543497        4.29274054774322     
  0.365609627881980        4.21265386155385     
  0.367158821220463        4.13332128730420     
  0.368708014558946        4.05474282499425     
  0.370257207897429        3.97691847462401     
  0.371806401235912        3.89984823619349     
  0.373355594574395        3.82353210970267     
  0.374904787912878        3.74797009515157     
  0.376453981251361        3.67316219254018     
  0.378003174589844        3.59910840186849     
  0.379552367928327        3.52580872313652     
  0.381101561266810        3.45326315634426     
  0.382650754605293        3.38147170149171     
  0.384199947943776        3.31043435857887     
  0.385749141282259        3.24015112760574     
  0.387298334620742        3.17062200857232     
  0.388847527959225        3.10184700147861     
  0.390396721297708        3.03382610632461     
  0.391945914636191        2.96655932311032     
  0.393495107974674        2.90004665183574     
  0.395044301313157        2.83428809250088     
  0.396593494651640        2.76928364510572     
  0.398142687990122        2.70503330965028     
  0.399691881328605        2.64153708613454     
  0.401241074667088        2.57879497455852     
  0.402790268005571        2.51680697492220     
  0.404339461344054        2.45557308722560     
  0.405888654682537        2.39509331146871     
  0.407437848021020        2.33536764765153     
  0.408987041359503        2.27639609577405     
  0.410536234697986        2.21817865583629     
  0.412085428036469        2.16071532783824     
  0.413634621374952        2.10400611177990     
  0.415183814713435        2.04805100766128     
  0.416733008051918        1.99285001548236     
  0.418282201390401        1.93840313524315     
  0.419831394728884        1.88471036694365     
  0.421380588067367        1.83177171058387     
  0.422929781405850        1.77958716616379     
  0.424478974744333        1.72815673368343     
  0.426028168082816        1.67748041314277     
  0.427577361421299        1.62755820454183     
  0.429126554759782        1.57839010788059     
  0.430675748098265        1.52997612315907     
  0.432224941436748        1.48231625037726     
  0.433774134775231        1.43541048953516     
  0.435323328113714        1.38925884063277     
  0.436872521452197        1.34386130367009     
  0.438421714790680        1.29921787864712     
  0.439970908129163        1.25532856556386     
  0.441520101467646        1.21219336442031     
  0.443069294806128        1.16981227521647     
  0.444618488144611        1.12818529795234     
  0.446167681483094        1.08731243262793     
  0.447716874821577        1.04719367924322     
  0.449266068160060        1.00782903779822     
  0.450815261498543       0.969218508292940     
  0.452364454837026       0.931362090727365     
  0.453913648175509       0.894259785101502     
  0.455462841513992       0.857911591415348     
  0.457012034852475       0.822317509668906     
  0.458561228190958       0.787477539862174     
  0.460110421529441       0.753391681995152     
  0.461659614867924       0.720059936067842     
  0.463208808206407       0.687482302080241     
  0.464758001544890       0.655658780032352     
  0.466307194883373       0.624589369924173     
  0.467856388221856       0.594274071755704     
  0.469405581560339       0.564712885526946     
  0.470954774898822       0.535905811237899     
  0.472503968237305       0.507852848888563     
  0.474053161575788       0.480553998478937     
  0.475602354914271       0.454009260009021     
  0.477151548252754       0.428218633478816     
  0.478700741591237       0.403182118888322     
  0.480249934929720       0.378899716237539     
  0.481799128268203       0.355371425526466     
  0.483348321606686       0.332597246755103     
  0.484897514945169       0.310577179923452     
  0.486446708283652       0.289311225031510     
  0.487995901622135       0.268799382079280     
  0.489545094960618       0.249041651066760     
  0.491094288299101       0.230038031993950     
  0.492643481637583       0.211788524860852     
  0.494192674976066       0.194293129667463     
  0.495741868314549       0.177551846413786     
  0.497291061653032       0.161564675099819     
  0.498840254991515       0.146331615725562     
  0.500389448329998       0.131852668291017     
  0.501938641668481       0.118127832796181     
  0.503487835006964       0.105157109241057     
  0.505037028345447       9.294049762564258E-002
  0.506586221683930       8.147799794993910E-002
  0.508135415022413       7.076961021394622E-002
  0.509684608360896       6.081533441766392E-002
  0.511233801699379       5.161517056109224E-002
  0.512782995037862       4.316911864423114E-002
  0.514332188376345       3.547717866708064E-002
  0.515881381714828       2.853935062964073E-002
  0.517430575053311       2.235563453191143E-002
  0.518979768391794       1.692603037389272E-002
  0.520528961730277       1.225053815558461E-002
  0.522078155068760       8.329157876987091E-003
  0.523627348407243       5.161889538100165E-003
  0.525176541745726       2.748733138923835E-003
  0.526725735084209       1.089688679458100E-003
  0.528274928422692       1.847561597029607E-004
  0.529824121761175       3.393557965841628E-005
  0.531373315099658       6.372269393244669E-004
  0.532922508438141       1.994630238701113E-003
  0.534471701776624       4.106145477788354E-003
  0.536020895115107       6.971772656586190E-003
  0.537570088453589       1.059151177509462E-002
  0.539119281792072       1.496536283331364E-002
  0.540668475130555       2.009332583124327E-002
  0.542217668469038       2.597540076888348E-002
  0.543766861807521       3.261158764623430E-002
  0.545316055146004       4.000188646329571E-002
  0.546865248484487       4.814629722006772E-002
  0.548414441822970       5.704481991655033E-002
  0.549963635161453       6.669745455274352E-002
  0.551512828499936       7.710420112864731E-002
  0.553062021838419       8.826505964426171E-002
  0.554611215176902       0.100180030099587     
  0.556160408515385       0.112849112494622     
  0.557709601853868       0.126272306829368     
  0.559258795192351       0.140449613103825     
  0.560807988530834       0.155381031317993     
  0.562357181869317       0.171066561471870     
  0.563906375207800       0.187506203565459     
  0.565455568546283       0.204699957598758     
  0.567004761884766       0.222647823571768     
  0.568553955223249       0.241349801484488     
  0.570103148561732       0.260805891336919     
  0.571652341900215       0.281016093129061     
  0.573201535238698       0.301980406860913     
  0.574750728577181       0.323698832532475     
  0.576299921915664       0.346171370143749     
  0.577849115254147       0.369398019694732     
  0.579398308592630       0.393378781185427     
  0.580947501931113       0.418113654615832     
  0.582496695269596       0.443602639985948     
  0.584045888608078       0.469845737295774     
  0.585595081946562       0.496842946545311     
  0.587144275285044       0.524594267734559     
  0.588693468623527       0.553099700863517     
  0.590242661962010       0.582359245932185     
  0.591791855300493       0.612372902940565     
  0.593341048638976       0.643140671888655     
  0.594890241977459       0.674662552776455     
  0.596439435315942       0.706938545603966     
  0.597988628654425       0.739968650371188     
  0.599537821992908       0.773752867078120     
  0.601087015331391       0.808291195724763     
  0.602636208669874       0.843583636311117     
  0.604185402008357       0.879630188837181     
  0.605734595346840       0.916430853302956     
  0.607283788685323       0.953985629708441     
  0.608832982023806       0.992294518053637     
  0.610382175362289        1.03135751833854     
  0.611931368700772        1.07117463056316     
  0.613480562039255        1.11174585472749     
  0.615029755377738        1.15307119083153     
  0.616578948716221        1.19515063887528     
  0.618128142054704        1.23798419885874     
  0.619677335393187        1.28157187078191     
  0.621226528731670        1.32591365464479     
  0.622775722070153        1.37100955044738     
  0.624324915408636        1.41685955818968     
  0.625874108747119        1.46346367787169     
  0.627423302085602        1.51082190949341     
  0.628972495424085        1.55893425305485     
  0.630521688762568        1.60780070855599     
  0.632070882101050        1.65742127599685     
  0.633620075439533        1.70779595537741     
  0.635169268778016        1.75892474669769     
  0.636718462116499        1.81080764995768     
  0.638267655454982        1.86344466515737     
  0.639816848793465        1.91683579229678     
  0.641366042131948        1.97098103137590     
  0.642915235470431        2.02588038239473     
  0.644464428808914        2.08153384535327     
  0.646013622147397        2.13794142025152     
  0.647562815485880        2.19510310708948     
  0.649112008824363        2.25301890586715     
  0.650661202162846        2.31168881658453     
  0.652210395501329        2.37111283924163     
  0.653759588839812        2.43129097383843     
  0.655308782178295        2.49222322037494     
  0.656857975516778        2.55390957885117     
  0.658407168855261        2.61635004926710     
  0.659956362193744        2.67954463162275     
  0.661505555532227        2.74349332591810     
  0.663054748870710        2.80819613215317     
  0.664603942209193        2.87365305032795     
  0.666153135547676        2.93986408044244     
  0.667702328886159        3.00682922249664     
  0.669251522224642        3.07454847649054     
  0.670800715563125        3.14302184242417     
  0.672349908901608        3.21224932029750     
  0.673899102240091        3.28223091011054     
  0.675448295578574        3.35296661186329     
  0.676997488917056        3.42445642555575     
  0.678546682255539        3.49670035118792     
  0.680095875594022        3.56969838875981     
  0.681645068932505        3.64345053827140     
  0.683194262270988        3.71795679972270     
  0.684743455609471        3.79321717311372     
  0.686292648947954        3.86923165844445     
  0.687841842286437        3.94600025571488     
  0.689391035624920        4.02352296492503     
  0.690940228963403        4.10179978607489     
  0.692489422301886        4.18083071916446     
  0.694038615640369        4.26061576419374     
  0.695587808978852        4.34115492116272     
  0.697137002317335        4.42244819007142     
  0.698686195655818        4.50449557091984     
  0.700235388994301        4.58729706370796     
  0.701784582332784        4.67085266843579     
  0.703333775671267        4.75516238510333     
  0.704882969009750        4.84022621371058     
  0.706432162348233        4.92604415425755     
  0.707981355686716        5.01261620674422     
  0.709530549025199        5.09994237117061     
  0.711079742363682        5.18802264753670     
  0.712628935702165        5.27685703584251     
  0.714178129040648        5.36644553608802     
  0.715727322379131        5.45678814827325     
  0.717276515717614        5.54788487239819     
  0.718825709056097        5.63973570846284     
  0.720374902394580        5.73234065646720     
  0.721924095733063        5.82569971641127     
  0.723473289071546        5.91981288829505     
  0.725022482410029        6.01468017211854     
  0.726571675748511        6.11030156788174     
  0.728120869086994        6.20667707558465     
  0.729670062425477        6.30380669522727     
  0.731219255763960        6.40169042680961     
  0.732768449102443        6.50032827033165     
  0.734317642440926        6.59972022579340     
  0.735866835779409        6.69986629319487     
  0.737416029117892        6.80076647253604     
  0.738965222456375        6.90242076381693     
  0.740514415794858        7.00482916703753     
  0.742063609133341        7.10799168219783     
  0.743612802471824        7.21190830929785     
  0.745161995810307        7.31657904833758     
  0.746711189148790        3.58512361151154     
  0.748260382487273        3.51196721222762     
  0.749809575825756        3.43956492488342     
  0.751358769164239        3.36791674947892     
  0.752907962502722        3.29702268601414     
  0.754457155841205        3.22688273448906     
  0.756006349179688        3.15749689490370     
  0.757555542518171        3.08886516725805     
  0.759104735856654        3.02098755155210     
  0.760653929195137        2.95386404778587     
  0.762203122533620        2.88749465595935     
  0.763752315872103        2.82187937607254     
  0.765301509210586        2.75701820812544     
  0.766850702549069        2.69291115211805     
  0.768399895887552        2.62955820805037     
  0.769949089226035        2.56695937592240     
  0.771498282564517        2.50511465573415     
  0.773047475903000        2.44402404748560     
  0.774596669241483        2.38368755117676     
  0.776145862579966        2.32410516680764     
  0.777695055918449        2.26527689437822     
  0.779244249256932        2.20720273388852     
  0.780793442595415        2.14988268533852     
  0.782342635933898        2.09331674872824     
  0.783891829272381        2.03750492405767     
  0.785441022610864        1.98244721132680     
  0.786990215949347        1.92814361053565     
  0.788539409287830        1.87459412168421     
  0.790088602626313        1.82179874477248     
  0.791637795964796        1.76975747980046     
  0.793186989303279        1.71847032676815     
  0.794736182641762        1.66793728567555     
  0.796285375980245        1.61815835652267     
  0.797834569318728        1.56913353930949     
  0.799383762657211        1.52086283403602     
  0.800932955995694        1.47334624070227     
  0.802482149334177        1.42658375930822     
  0.804031342672660        1.38057538985389     
  0.805580536011143        1.33532113233926     
  0.807129729349626        1.29082098676435     
  0.808678922688109        1.24707495312914     
  0.810228116026592        1.20408303143365     
  0.811777309365075        1.16184522167787     
  0.813326502703558        1.12036152386180     
  0.814875696042041        1.07963193798544     
  0.816424889380523        1.03965646404879     
  0.817974082719007        1.00043510205185     
  0.819523276057489       0.961967851994618     
  0.821072469395972       0.924254713877100     
  0.822621662734455       0.887295687699292     
  0.824170856072938       0.851090773461195     
  0.825720049411421       0.815639971162808     
  0.827269242749904       0.780943280804132     
  0.828818436088387       0.747000702385167     
  0.830367629426870       0.713812235905912     
  0.831916822765353       0.681377881366368     
  0.833466016103836       0.649697638766534     
  0.835015209442319       0.618771508106411     
  0.836564402780802       0.588599489385998     
  0.838113596119285       0.559181582605297     
  0.839662789457768       0.530517787764305     
  0.841211982796251       0.502608104863025     
  0.842761176134734       0.475452533901455     
  0.844310369473217       0.449051074879595     
  0.845859562811700       0.423403727797447     
  0.847408756150183       0.398510492655008     
  0.848957949488666       0.374371369452281     
  0.850507142827149       0.350986358189264     
  0.852056336165632       0.328355458865958     
  0.853605529504115       0.306478671482362     
  0.855154722842598       0.285355996038477     
  0.856703916181081       0.264987432534302     
  0.858253109519564       0.245372980969838     
  0.859802302858047       0.226512641345085     
  0.861351496196530       0.208406413660042     
  0.862900689535013       0.191054297914710     
  0.864449882873495       0.174456294109088     
  0.865999076211978       0.158612402243177     
  0.867548269550461       0.143522622316976     
  0.869097462888944       0.129186954330487     
  0.870646656227427       0.115605398283707     
  0.872195849565910       0.102777954176639     
  0.873745042904393       9.070462200928067E-002
  0.875294236242876       7.938540178163318E-002
  0.876843429581359       6.882029349369631E-002
  0.878392622919842       5.900929714547001E-002
  0.879941816258325       4.995241273695432E-002
  0.881491009596808       4.164964026814921E-002
  0.883040202935291       3.410097973905471E-002
  0.884589396273774       2.730643114967081E-002
  0.886138589612257       2.126599449999749E-002
  0.887687782950740       1.597966979003479E-002
  0.889236976289223       1.144745701978267E-002
  0.890786169627706       7.669356189241144E-003
  0.892335362966189       4.645367298410215E-003
  0.893884556304672       2.375490347289881E-003
  0.895433749643155       8.597253358801419E-004
  0.896982942981638       9.807226418099859E-005
  0.898532136320121       9.053113219245030E-005
  0.900081329658604       8.371019399144970E-004
  0.901630522997087       2.337784687347139E-003
  0.903179716335570       4.592579374490376E-003
  0.904728909674053       7.601486001344209E-003
  0.906278103012536       1.136450456790864E-002
  0.907827296351019       1.588163507418365E-002
  0.909376489689502       2.115287752016927E-002
  0.910925683027984       2.717823190586549E-002
  0.912474876366468       3.395769823127230E-002
  0.914024069704950       4.149127649638971E-002
  0.915573263043433       4.977896670121771E-002
  0.917122456381916       5.882076884575631E-002
  0.918671649720399       6.861668293000552E-002
  0.920220843058882       7.916670895396530E-002
  0.921770036397365       9.047084691763568E-002
  0.923319229735848       0.102529096821017     
  0.924868423074331       0.115341458664108     
  0.926417616412814       0.128907932446910     
  0.927966809751297       0.143228518169423     
  0.929516003089780       0.158303215831646     
  0.931065196428263       0.174132025433580     
  0.932614389766746       0.190714946975225     
  0.934163583105229       0.208051980456580     
  0.935712776443712       0.226143125877646     
  0.937261969782195       0.244988383238422     
  0.938811163120678       0.264587752538909     
  0.940360356459161       0.284941233779106     
  0.941909549797644       0.306048826959014     
  0.943458743136127       0.327910532078633     
  0.945007936474610       0.350526349137962     
  0.946557129813093       0.373896278137002     
  0.948106323151576       0.398020319075753     
  0.949655516490059       0.422898471954214     
  0.951204709828542       0.448530736772386     
  0.952753903167025       0.474917113530268     
  0.954303096505508       0.502057602227861     
  0.955852289843991       0.529952202865164     
  0.957401483182474       0.558600915442178     
  0.958950676520956       0.588003739958903     
  0.960499869859439       0.618160676415338     
  0.962049063197922       0.649071724811484     
  0.963598256536405       0.680736885147341     
  0.965147449874888       0.713156157422908     
  0.966696643213371       0.746329541638186     
  0.968245836551854       0.780257037793174     
  0.969795029890337       0.814938645887873     
  0.971344223228820       0.850374365922283     
  0.972893416567303       0.886564197896403     
  0.974442609905786       0.923508141810233     
  0.975991803244269       0.961206197663775     
  0.977540996582752       0.999658365457027     
  0.979090189921235        1.03886464518999     
  0.980639383259718        1.07882503686266     
  0.982188576598201        1.11953954047505     
  0.983737769936684        1.16100815602714     
  0.985286963275167        1.20323088351895     
  0.986836156613650        1.24620772295046     
  0.988385349952133        1.28993867432169     
  0.989934543290616        1.33442373763262     
  0.991483736629099        1.37966291288327     
  0.993032929967582        1.42565620007363     
  0.994582123306065        1.47240359920370     
  0.996131316644548        1.51990511027348     
  0.997680509983031        1.56816073328297     
  0.999229703321514        1.61717046823217     
   1.00077889666000        1.66693431512108     
   1.00232808999848        1.71745227394970     
   1.00387728333696        1.76872434471803     
   1.00542647667545        1.82075052742607     
   1.00697567001393        1.87353082207383     
   1.00852486335241        1.92706522866129     
   1.01007405669089        1.98135374718846     
   1.01162325002938        2.03639637765535     
   1.01317244336786        2.09219312006195     
   1.01472163670634        2.14874397440825     
   1.01627083004483        2.20604894069427     
   1.01782002338331        2.26410801892000     
   1.01936921672179        2.32292120908543     
   1.02091841006028        2.38248851119058     
   1.02246760339876        2.44280992523544     
   1.02401679673724        2.50388545122001     
   1.02556599007572        2.56571508914429     
   1.02711518341421        2.62829883900828     
   1.02866437675269        2.69163670081199     
   1.03021357009117        2.75572867455540     
   1.03176276342966        2.82057476023852     
   1.03331195676814        2.88617495786135     
   1.03486115010662        2.95252926742390     
   1.03641034344510        3.01963768892615     
   1.03795953678359        3.08750022236812     
   1.03950873012207        3.15611686774979     
   1.04105792346055        3.22548762507118     
   1.04260711679904        3.29561249433228     
   1.04415631013752        3.36649147553308     
   1.04570550347600        3.43812456867360     
   1.04725469681449        3.51051177375383     
   1.04880389015297        3.58365309077377     
   1.05035308349145        1.75598995463273     
   1.05190227682993        1.70490415038669     
   1.05345147016842        1.65457245808036     
   1.05500066350690        1.60499487771374     
   1.05654985684538        1.55617140928683     
   1.05809905018387        1.50810205279963     
   1.05964824352235        1.46078680825215     
   1.06119743686083        1.41422567564437     
   1.06274663019932        1.36841865497630     
   1.06429582353780        1.32336574624795     
   1.06584501687628        1.27906694945930     
   1.06739421021476        1.23552226461037     
   1.06894340355325        1.19273169170114     
   1.07049259689173        1.15069523073163     
   1.07204179023021        1.10941288170183     
   1.07359098356870        1.06888464461174     
   1.07514017690718        1.02911051946135     
   1.07668937024566       0.990090506250684     
   1.07823856358414       0.951824604979723     
   1.07978775692263       0.914312815648474     
   1.08133695026111       0.877555138256935     
   1.08288614359959       0.841551572805106     
   1.08443533693808       0.806302119292988     
   1.08598453027656       0.771806777720581     
   1.08753372361504       0.738065548087884     
   1.08908291695353       0.705078430394898     
   1.09063211029201       0.672845424641622     
   1.09218130363049       0.641366530828058     
   1.09373049696897       0.610641748954203     
   1.09527969030746       0.580671079020060     
   1.09682888364594       0.551454521025626     
   1.09837807698442       0.522992074970904     
   1.09992727032291       0.495283740855892     
   1.10147646366139       0.468329518680591     
   1.10302565699987       0.442129408445000     
   1.10457485033836       0.416683410149120     
   1.10612404367684       0.391991523792950     
   1.10767323701532       0.368053749376491     
   1.10922243035380       0.344870086899743     
   1.11077162369229       0.322440536362706     
   1.11232081703077       0.300765097765378     
   1.11387001036925       0.279843771107762     
   1.11541920370774       0.259676556389856     
   1.11696839704622       0.240263453611661     
   1.11851759038470       0.221604462773176     
   1.12006678372319       0.203699583874402     
   1.12161597706167       0.186548816915339     
   1.12316517040015       0.170152161895986     
   1.12471436373863       0.154509618816343     
   1.12626355707712       0.139621187676412     
   1.12781275041560       0.125486868476190     
   1.12936194375408       0.112106661215680     
   1.13091113709257       9.948056589487986E-002
   1.13246033043105       8.760858251379047E-002
   1.13400952376953       7.649071107241169E-002
   1.13555871710801       6.612695157074350E-002
   1.13710791044650       5.651730400878591E-002
   1.13865710378498       4.766176838653891E-002
   1.14020629712346       3.956034470400251E-002
   1.14175549046195       3.221303296117671E-002
   1.14330468380043       2.561983315806150E-002
   1.14485387713891       1.978074529465689E-002
   1.14640307047740       1.469576937096288E-002
   1.14795226381588       1.036490538697946E-002
   1.14950145715436       6.788153342706641E-003
   1.15105065049284       3.965513238144412E-003
   1.15259984383133       1.896985073292777E-003
   1.15414903716981       5.825688481517386E-004
   1.15569823050829       2.226456272129521E-005
   1.15724742384678       2.160722170014468E-004
   1.15879661718526       1.163991810992193E-003
   1.16034581052374       2.866023344693536E-003
   1.16189500386223       5.322166818105473E-003
   1.16344419720071       8.532422231228005E-003
   1.16499339053919       1.249678958406113E-002
   1.16654258387767       1.721526887660485E-002
   1.16809177721616       2.268786010885917E-002
   1.16964097055464       2.891456328082408E-002
   1.17119016389312       3.589537839249959E-002
   1.17273935723161       4.363030544388571E-002
   1.17428855057009       5.211934443498241E-002
   1.17583774390857       6.136249536578971E-002
   1.17738693724705       7.135975823630759E-002
   1.17893613058554       8.211113304653608E-002
   1.18048532392402       9.361661979647519E-002
   1.18203451726250       0.105876218486125     
   1.18358371060099       0.118889929115485     
   1.18513290393947       0.132657751684556     
   1.18668209727795       0.147179686193337     
   1.18823129061644       0.162455732641829     
   1.18978048395492       0.178485891030032     
   1.19132967729340       0.195270161357945     
   1.19287887063188       0.212808543625569     
   1.19442806397037       0.231101037832904     
   1.19597725730885       0.250147643979949     
   1.19752645064733       0.269948362066704     
   1.19907564398582       0.290503192093170     
   1.20062483732430       0.311812134059347     
   1.20217403066278       0.333875187965234     
   1.20372322400127       0.356692353810832     
   1.20527241733975       0.380263631596141     
   1.20682161067823       0.404589021321160     
   1.20837080401671       0.429668522985890     
   1.20991999735520       0.455502136590330     
   1.21146919069368       0.482089862134481     
   1.21301838403216       0.509431699618343     
   1.21456757737065       0.537527649041915     
   1.21611677070913       0.566377710405198     
   1.21766596404761       0.595981883708192     
   1.21921515738609       0.626340168950896     
   1.22076435072458       0.657452566133310     
   1.22231354406306       0.689319075255435     
   1.22386273740154       0.721939696317271     
   1.22541193074003       0.755314429318818     
   1.22696112407851       0.789443274260075     
   1.22851031741699       0.824326231141042     
   1.23005951075548       0.859963299961721     
   1.23160870409396       0.896354480722109     
   1.23315789743244       0.933499773422209     
   1.23470709077092       0.971399178062019     
   1.23625628410941        1.01005269464154     
   1.23780547744789        1.04946032316077     
   1.23935467078637        1.08962206361971     
   1.24090386412486        1.13053791601836     
   1.24245305746334        1.17220788035673     
   1.24400225080182        1.21463195663480     
   1.24555144414031        1.25781014485259     
   1.24710063747879        1.30174244501008     
   1.24864983081727        1.34642885710729     
   1.25019902415575        1.39186938114420     
   1.25174821749424        1.43806401712083     
   1.25329741083272        1.48501276503717     
   1.25484660417120        1.53271562489321     
   1.25639579750969        1.58117259668897     
   1.25794499084817        1.63038368042444     
   1.25949418418665        1.68034887609962     
   1.26104337752514       0.823370921227216     
   1.26259257086362       0.788508401646053     
   1.26414176420210       0.754399994004600     
   1.26569095754058       0.721045698302859     
   1.26724015087907       0.688445514540828     
   1.26878934421755       0.656599442718507     
   1.27033853755603       0.625507482835897     
   1.27188773089452       0.595169634892998     
   1.27343692423300       0.565585898889809     
   1.27498611757148       0.536756274826331     
   1.27653531090996       0.508680762702564     
   1.27808450424845       0.481359362518507     
   1.27963369758693       0.454792074274161     
   1.28118289092541       0.428978897969525     
   1.28273208426390       0.403919833604600     
   1.28428127760238       0.379614881179386     
   1.28583047094086       0.356064040693882     
   1.28737966427935       0.333267312148089     
   1.28892885761783       0.311224695542006     
   1.29047805095631       0.289936190875634     
   1.29202724429479       0.269401798148973     
   1.29357643763328       0.249621517362022     
   1.29512563097176       0.230595348514782     
   1.29667482431024       0.212323291607252     
   1.29822401764873       0.194805346639433     
   1.29977321098721       0.178041513611325     
   1.30132240432569       0.162031792522927     
   1.30287159766418       0.146776183374239     
   1.30442079100266       0.132274686165263     
   1.30596998434114       0.118527300895997     
   1.30751917767962       0.105534027566441     
   1.30906837101811       9.329486617659630E-002
   1.31061756435659       8.180981672646200E-002
   1.31216675769507       7.107887921603827E-002
   1.31371595103356       6.110205364532514E-002
   1.31526514437204       5.187934001432261E-002
   1.31681433771052       4.341073832303068E-002
   1.31836353104900       3.569624857144933E-002
   1.31991272438749       2.873587075957859E-002
   1.32146191772597       2.252960488741845E-002
   1.32301111106445       1.707745095496891E-002
   1.32456030440294       1.237940896222996E-002
   1.32610949774142       8.435478909201597E-003
   1.32765869107990       5.245660795883834E-003
   1.32920788441839       2.809954622276665E-003
   1.33075707775687       1.128360388380092E-003
   1.33230627109535       2.008780941941148E-004
   1.33385546443383       2.750773971873223E-005
   1.33540465777232       6.082493249539448E-004
   1.33695385111080       1.943102849899753E-003
   1.33850304444928       4.032068314556155E-003
   1.34005223778777       6.875145718923154E-003
   1.34160143112625       1.047233506300075E-002
   1.34315062446473       1.482363634678893E-002
   1.34469981780322       1.992904957028771E-002
   1.34624901114170       2.578857473349709E-002
   1.34779820448018       3.240221183641707E-002
   1.34934739781866       3.976996087904765E-002
   1.35089659115715       4.789182186138882E-002
   1.35244578449563       5.676779478344058E-002
   1.35399497783411       6.639787964520294E-002
   1.35554417117260       7.678207644667590E-002
   1.35709336451108       8.792038518785945E-002
   1.35864255784956       9.981280586875360E-002
   1.36019175118804       0.112459338489358     
   1.36174094452653       0.125859983049674     
   1.36329013786501       0.140014739549700     
   1.36483933120349       0.154923607989436     
   1.36638852454198       0.170586588368883     
   1.36793771788046       0.187003680688041     
   1.36948691121894       0.204174884946909     
   1.37103610455743       0.222100201145488     
   1.37258529789591       0.240779629283777     
   1.37413449123439       0.260213169361778     
   1.37568368457287       0.280400821379488     
   1.37723287791136       0.301342585336909     
   1.37878207124984       0.323038461234041     
   1.38033126458832       0.345488449070884     
   1.38188045792681       0.368692548847437     
   1.38342965126529       0.392650760563700     
   1.38497884460377       0.417363084219675     
   1.38652803794226       0.442829519815360     
   1.38807723128074       0.469050067350755     
   1.38962642461922       0.496024726825861     
   1.39117561795770       0.523753498240678     
   1.39272481129619       0.552236381595205     
   1.39427400463467       0.581473376889443     
   1.39582319797315       0.611464484123392     
   1.39737239131164       0.642209703297051     
   1.39892158465012       0.673709034410420     
   1.40047077798860       0.705962477463501     
   1.40201997132708       0.738970032456292     
   1.40356916466557       0.772731699388793     
   1.40511835800405       0.378638519792945     
   1.40666755134253       0.355118470138470     
   1.40821674468102       0.332352532423705     
   1.40976593801950       0.310340706648651     
   1.41131513135798       0.289082992813308     
   1.41286432469647       0.268579390917675     
   1.41441351803495       0.248829900961753     
   1.41596271137343       0.229834522945541     
   1.41751190471191       0.211593256869040     
   1.41906109805040       0.194106102732249     
   1.42061029138888       0.177373060535169     
   1.42215948472736       0.161394130277800     
   1.42370867806585       0.146169311960141     
   1.42525787140433       0.131698605582193     
   1.42680706474281       0.117982011143956     
   1.42835625808130       0.105019528645429     
   1.42990545141978       9.281115808661217E-002
   1.43145464475826       8.135689946750636E-002
   1.43300383809674       7.065675278811116E-002
   1.43455303143523       6.071071804842654E-002
   1.43610222477371       5.151879524845254E-002
   1.43765141811219       4.308098438818912E-002
   1.43920061145068       3.539728546763630E-002
   1.44074980478916       2.846769848679408E-002
   1.44229899812764       2.229222344566245E-002
   1.44384819146613       1.687086034424142E-002
   1.44539738480461       1.220360918253099E-002
   1.44694657814309       8.290469960531148E-003
   1.44849577148157       5.131442678241902E-003
   1.45004496482006       2.726527335663251E-003
   1.45159415815854       1.075723932795195E-003
   1.45314335149702       1.790324696377355E-004
   1.45469254483551       3.645294619087046E-005
   1.45624173817399       6.479853624546004E-004
   1.45779093151247       2.013629718428926E-003
   1.45934012485095       4.133386014113847E-003
   1.46088931818944       7.007254249509362E-003
   1.46243851152792       1.063523442461547E-002
   1.46398770486640       1.501732653943218E-002
   1.46553689820489       2.015353059395947E-002
   1.46708609154337       2.604384658819738E-002
   1.46863528488185       3.268827452214586E-002
   1.47018447822034       4.008681439580496E-002
   1.47173367155882       4.823946620917464E-002
   1.47328286489730       5.714622996225494E-002
   1.47483205823578       6.680710565504581E-002
   1.47638125157427       7.722209328754728E-002
   1.47793044491275       8.839119285975935E-002
   1.47947963825123       0.100314404371682     
   1.48102883158972       0.112991727823315     
   1.48257802492820       0.126423163214659     
   1.48412721826668       0.140608710545714     
   1.48567641160517       0.155548369816479     
   1.48722560494365       0.171242141026954     
   1.48877479828213       0.187690024177140     
   1.49032399162061       0.204892019267037     
   1.49187318495910       0.222848126296645     
   1.49342237829758       0.241558345265963     
   1.49497157163606       0.261022676174991     
   1.49652076497455       0.281241119023730     
   1.49806995831303       0.302213673812180     
   1.49961915165151       0.323940340540340     
   1.50116834498999       0.346421119208211     
   1.50271753832848       0.369656009815793     
   1.50426673166696       0.181131438635044     
   1.50581592500544       0.164980132282416     
   1.50736511834393       0.149582937869499     
   1.50891431168241       0.134939855396292     
   1.51046350502089       0.121050884862796     
   1.51201269835938       0.107916026269010     
   1.51356189169786       9.553527961493483E-002
   1.51511108503634       8.390864490057032E-002
   1.51666027837482       7.303612212591640E-002
   1.51820947171331       6.291771129097308E-002
   1.51975866505179       5.355341239574037E-002
   1.52130785839027       4.494322544021825E-002
   1.52285705172876       3.708715042440672E-002
   1.52440624506724       2.998518734830579E-002
   1.52595543840572       2.363733621191546E-002
   1.52750463174421       1.804359701523573E-002
   1.52905382508269       1.320396975826659E-002
   1.53060301842117       9.118454441008042E-003
   1.53215221175965       5.787051063460091E-003
   1.53370140509814       3.209759625622735E-003
   1.53525059843662       1.386580127495974E-003
   1.53679979177510       3.175125690798077E-004
   1.53834898511359       2.556950374237140E-006
   1.53989817845207       4.417132713792616E-004
   1.54144737179055       1.634981532094882E-003
   1.54299656512903       3.582361732521096E-003
   1.54454575846752       6.283853872657907E-003
   1.54609495180600       9.739457952505311E-003
   1.54764414514448       1.394917397206331E-002
   1.54919333848297       1.891300193133190E-002
   1.55074253182145       2.463094183031109E-002
   1.55229172515993       3.110299366900087E-002
   1.55384091849842       3.832915744740126E-002
   1.55539011183690       4.630943316551223E-002
   1.55693930517538       5.504382082333381E-002
   1.55848849851386       6.453232042086599E-002
   1.56003769185235       7.477493195810875E-002
   1.56158688519083       8.577165543506211E-002
   1.56313607852931       9.752249085172608E-002
   1.56468527186780       0.110027438208101     
   1.56623446520628       0.123286497504186     
   1.56778365854476       0.137299668739981     
   1.56933285188325       0.152066951915488     
   1.57088204522173       7.451280389845606E-002
   1.57243123856021       6.428882264725229E-002
   1.57398043189869       5.481895333575910E-002
   1.57552962523718       4.610319596397652E-002
   1.57707881857566       3.814155053190454E-002
   1.57862801191414       3.093401703954314E-002
   1.58017720525263       2.448059548689235E-002
   1.58172639859111       1.878128587395215E-002
   1.58327559192959       1.383608820072255E-002
   1.58482478526808       9.645002467203538E-003
   1.58637397860656       6.208028673395124E-003
   1.58792317194504       3.525166819297304E-003
   1.58947236528352       1.596416904910079E-003
   1.59102155862201       4.217789302334504E-004
   1.59257075196049       1.252895267416682E-006
   1.59411994529897       3.348388000119781E-004
   1.59566913863746       1.422536644467134E-003
   1.59721833197594       3.264346428632886E-003
   1.59876752531442       5.860268152509234E-003
   1.60031671865290       9.210301816096174E-003
   1.60186591199139       1.331444741939371E-002
   1.60341510532987       1.817270496240184E-002
   1.60496429866835       2.378507444512057E-002
   1.60651349200684       3.015155586754988E-002
   1.60806268534532       3.727214922968980E-002
   1.60961187868380       4.514685453154032E-002
   1.61116107202229       5.377567177310143E-002
   1.61271026536077       6.315860095437315E-002
   1.61425945869925       3.094771341200665E-002
   1.61580865203773       2.449277989259370E-002
   1.61735784537622       1.879195831289134E-002
   1.61890703871470       1.384524867289958E-002
   1.62045623205318       9.652650972618408E-003
   1.62200542539167       6.214165212047833E-003
   1.62355461873015       3.529791391187853E-003
   1.62510381206863       1.599529510038469E-003
   1.62665300540712       4.233795685996792E-004
   1.62820219874560       1.341566871485145E-006
   1.62975139208408       3.334155048538862E-004
   1.63130058542256       1.419601382546882E-003
   1.63284977876105       3.259899199950474E-003
   1.63439897209953       5.854308957064661E-003
   1.63594816543801       9.202830653889441E-003
   1.63749735877650       1.330546429042482E-002
   1.63904655211498       1.816220986667079E-002
   1.64059574545346       2.377306738262735E-002
   1.64214493879194       3.013803683829451E-002
   1.64369413213043       1.476763754702106E-002
   1.64524332546891       1.042527579950336E-002
   1.64679251880739       6.837025991696261E-003
   1.64834171214588       4.002888123599753E-003
   1.64989090548436       1.922862195213840E-003
   1.65144009882284       5.969482065385228E-004
   1.65298929216133       2.514615757380070E-005
   1.65453848549981       2.074560483196737E-004
   1.65608767883829       1.143877878776142E-003
   1.65763687217677       2.834411648943205E-003
   1.65918606551526       5.279057358820864E-003
   1.66073525885374       8.477815008409119E-003
   1.66228445219222       4.154129212189585E-003
   1.66383364553071       2.028115691194605E-003
   1.66538283886919       6.562141099102196E-004
   1.66693203220767       3.842446833642977E-005
   1.66848122554616       1.747467664732351E-004
   1.67003041888464       1.065181004320635E-003
   1.67157961222312       2.709727181878631E-003
   1.67312880556160       1.327766273743788E-003
   1.67467799890009       2.897007645908440E-004
   1.67622719223857       5.747195148494425E-006
   1.67777638557705       4.759055654167401E-004
   1.67932557891554       2.331937190380360E-004
   1.68087477225402       6.392990364251469E-005
   1.68242396559250       3.132565168131980E-005
   1.68397315893098       1.534956881933049E-005
   1.68552235226947       7.521288451143281E-006
   1.68707154560795       3.685431228886498E-006
   1.68862073894643       1.805861234614554E-006
   1.69016993228492       8.848719824189323E-007
   1.69171912562340       4.335872538783428E-007
   1.69326831896188       2.124577488334419E-007
   1.69481751230037       1.041042920925672E-007
   1.69636670563885       5.101110223141755E-008
   1.69791589897733       2.499543862243612E-008
   1.69946509231581       1.224776492727347E-008
   1.70101428565430       6.001404309346519E-009
   1.70256347899278       2.940688218415429E-009
   1.70411267233126       1.440937031367090E-009
   1.70566186566975       7.060592231023551E-010
   1.70721105900823       3.459689358861675E-010
   1.70876025234671       1.695248227675998E-010
   1.71030944568520       8.306712525975902E-011
   1.71185863902368       4.070291449041705E-011
   1.71340783236216       1.994441024809396E-011
   1.71495702570064       9.772772698335821E-012
   1.71650621903913       4.788650046755557E-012
   1.71805541237761       2.346444328882745E-012
   1.71960460571609       1.149753560526859E-012
   1.72115379905458       5.633821098386121E-013
   1.72270299239306       2.760552050390401E-013
   1.72425218573154       1.352684592707429E-013
   1.72580137907003       6.628055332273465E-014
   1.72735057240851       3.247816260882321E-014
   1.72889976574699       1.591381430802335E-014
   1.73044895908547       7.798108117123807E-015
   1.73199815242396       3.820835283649298E-015
   1.73354734576244       1.872375518657902E-015
   1.73509653910092       9.173475675268103E-016
   1.73664573243941       4.495817771166904E-016
   1.73819492577789       2.202380250986732E-016
   1.73974411911637       1.079565563335113E-016
   1.74129331245485       5.287076245065357E-017
   1.74284250579334       2.592623764134087E-017
   1.74439169913182       1.269016165870424E-017
   1.74594089247030       6.227766148301783E-018
   1.74749008580879       3.044895409911075E-018
   1.74903927914727       1.496696735140028E-018
   1.75058847248575       7.300938576235072E-019
   1.75213766582424       3.600483476756810E-019
   1.75368685916272       1.748131331893234E-019
   1.75523605250120       8.678692579119229E-020
   1.75678524583968       4.173675449347134E-020
   1.75833443917817       2.100430311060072E-020
   1.75988363251665       9.905910046729965E-021
   1.76143282585513       5.125342187924044E-021
   1.76298201919362       2.322512837713103E-021
   1.76453121253210       1.271372324196293E-021
   1.76608040587058       5.307414198046960E-022
   1.76762959920907       3.257327358519942E-022
   1.76917879254755       1.147481734288970E-022
   1.77072798588603       8.873695760544385E-023
   1.77227717922451       2.183161189244861E-023
   1.77382637256300       2.695988825051196E-023
   1.77537556590148       2.934417799941921E-024
   1.77692475923996       9.738765410421514E-024
   1.77847395257845       6.911644172995126E-026
   1.78002314591693       4.433633881388351E-024
   1.78157233925541       2.003957735335019E-025
   1.78312153259389       2.586405200894243E-024
   1.78467072593238       6.333426138454894E-025
   1.78621991927086       1.861886957752884E-024
   1.78776911260934       9.339922069417842E-025
   1.78931830594783       1.550240797226800E-024
   1.79086749928631       1.102560707248442E-024
   1.79241669262479       1.407946783825094E-024
   1.79396588596328       1.190261443360430E-024
   1.79551507930176       1.340722784749425E-024
   1.79706427264024       1.234459834419269E-024
   1.79861346597872       1.308383291925014E-024
   1.80016265931721       1.256411175416509E-024
   1.80171185265569       1.292681064745385E-024
   1.80326104599417       1.267237952772113E-024
   1.80481023933266       1.285021577804784E-024
   1.80635943267114       1.272560029507248E-024
   1.80790862600962       1.281276737780160E-024
   1.80945781934811       1.275171918156104E-024
   1.81100701268659       1.279443761089375E-024
   1.81255620602507       1.276452721030166E-024
   1.81410539936355       1.278546081507269E-024
   1.81565459270204       1.277080549109796E-024
   1.81720378604052       1.278106333526793E-024
   1.81875297937900       1.277388241207983E-024
   1.82030217271749       1.277890884635195E-024
   1.82185136605597       1.277539023860466E-024
   1.82340055939445       1.277785321311462E-024
   1.82494975273294       1.277612910606077E-024
   1.82649894607142       1.277733596876367E-024
   1.82804813940990       1.277649115890130E-024
   1.82959733274838       1.277708252286219E-024
   1.83114652608687       1.277666856665972E-024
   1.83269571942535       1.277695833529232E-024
   1.83424491276383       1.277675549690798E-024
   1.83579410610232       1.277689748360551E-024
   1.83734329944080       1.277679809283617E-024
   1.83889249277928       1.277686766633289E-024
   1.84044168611776       1.277681896486616E-024
   1.84199087945625       1.277685305588251E-024
   1.84354007279473       1.277682919216678E-024
   1.84508926613321       1.277684589676507E-024
   1.84663845947170       1.277683420354531E-024
   1.84818765281018       1.277684238879846E-024
   1.84973684614866       1.277683665912108E-024
   1.85128603948715       1.277684066989508E-024
   1.85283523282563       1.277683786235321E-024
   1.85438442616411       1.277683982763252E-024
   1.85593361950259       1.277683845193695E-024
   1.85748281284108       1.277683941492384E-024
   1.85903200617956       1.277683874083304E-024
   1.86058119951804       1.277683921269657E-024
   1.86213039285653       1.277683888239211E-024
   1.86367958619501       1.277683911360522E-024
   1.86522877953349       1.277683895175605E-024
   1.86677797287198       1.277683906505047E-024
   1.86832716621046       1.277683898574437E-024
   1.86987635954894       1.277683904125869E-024
   1.87142555288742       1.277683900239865E-024
   1.87297474622591       1.277683902960067E-024
   1.87452393956439       1.277683901055923E-024
   1.87607313290287       1.277683902388825E-024
   1.87762232624136       1.277683901455794E-024
   1.87917151957984       1.277683902108916E-024
   1.88072071291832       1.277683901651729E-024
   1.88226990625680       1.277683901971756E-024
   1.88381909959529       1.277683901747741E-024
   1.88536829293377       1.277683901904555E-024
   1.88691748627225       1.277683901794781E-024
   1.88846667961074       1.277683901871624E-024
   1.89001587294922       1.277683901817833E-024
   1.89156506628770       1.277683901855488E-024
   1.89311425962619       1.277683901829132E-024
   1.89466345296467       1.277683901847577E-024
   1.89621264630315       1.277683901834669E-024
   1.89776183964163       1.277683901843706E-024
   1.89931103298012       1.277683901837374E-024
   1.90086022631860       1.277683901841807E-024
   1.90240941965708       1.277683901838706E-024
   1.90395861299557       1.277683901840876E-024
   1.90550780633405       1.277683901839358E-024
   1.90705699967253       1.277683901840419E-024
   1.90860619301102       1.277683901839678E-024
   1.91015538634950       1.277683901840196E-024
   1.91170457968798       1.277683901839833E-024
   1.91325377302646       1.277683901840088E-024
   1.91480296636495       1.277683901839908E-024
   1.91635215970343       1.277683901840035E-024
   1.91790135304191       1.277683901839945E-024
   1.91945054638040       1.277683901840008E-024
   1.92099973971888       1.277683901839966E-024
   1.92254893305736       1.277683901839995E-024
   1.92409812639584       1.277683901839976E-024
   1.92564731973433       1.277683901839988E-024
   1.92719651307281       1.277683901839980E-024
   1.92874570641129       1.277683901839986E-024
   1.93029489974978       1.277683901839982E-024
   1.93184409308826       1.277683901839985E-024
   1.93339328642674       1.277683901839982E-024
   1.93494247976523       1.277683901839985E-024
   1.93649167310371       1.277683901839982E-024
   1.93804086644219       1.277683901839985E-024
   1.93959005978067       1.277683901839982E-024
   1.94113925311916       1.277683901839985E-024
   1.94268844645764       1.277683901839982E-024
   1.94423763979612       1.277683901839985E-024
   1.94578683313461       1.277683901839982E-024
   1.94733602647309       1.277683901839985E-024
   1.94888521981157       1.277683901839982E-024
   1.95043441315006       1.277683901839985E-024
   1.95198360648854       1.277683901839982E-024
   1.95353279982702       1.277683901839985E-024
   1.95508199316550       1.277683901839982E-024
   1.95663118650399       1.277683901839985E-024
   1.95818037984247       1.277683901839982E-024
   1.95972957318095       1.277683901839985E-024
   1.96127876651944       1.277683901839982E-024
   1.96282795985792       1.277683901839985E-024
   1.96437715319640       1.277683901839982E-024
   1.96592634653488       1.277683901839985E-024
   1.96747553987337       1.277683901839982E-024
   1.96902473321185       1.277683901839985E-024
   1.97057392655033       1.277683901839982E-024
   1.97212311988882       1.277683901839985E-024
   1.97367231322730       1.277683901839982E-024
   1.97522150656578       1.277683901839985E-024
   1.97677069990427       1.277683901839982E-024
   1.97831989324275       1.277683901839985E-024
   1.97986908658123       1.277683901839982E-024
   1.98141827991971       1.277683901839985E-024
   1.98296747325820       1.277683901839982E-024
   1.98451666659668       1.277683901839985E-024
   1.98606585993516       1.277683901839982E-024
   1.98761505327365       1.277683901839985E-024
   1.98916424661213       1.277683901839982E-024
   1.99071343995061       1.277683901839985E-024
   1.99226263328910       1.277683901839982E-024
   1.99381182662758       1.277683901839985E-024
   1.99536101996606       1.277683901839982E-024
   1.99691021330454       1.277683901839985E-024
   1.99845940664303       1.277683901839982E-024
   2.00000859998151       1.277683901839985E-024
   2.00155779331999       1.277683901839982E-024
   2.00310698665848       1.277683901839985E-024
   2.00465617999696       1.277683901839982E-024
   2.00620537333544       1.277683901839985E-024
   2.00775456667392       1.277683901839982E-024
   2.00930376001241       1.277683901839985E-024
   2.01085295335089       1.277683901839982E-024
   2.01240214668937       1.277683901839985E-024
   2.01395134002786       1.277683901839982E-024
   2.01550053336634       1.277683901839985E-024
   2.01704972670482       1.277683901839982E-024
   2.01859892004331       1.277683901839985E-024
   2.02014811338179       1.277683901839982E-024
   2.02169730672027       1.277683901839985E-024
   2.02324650005875       1.277683901839982E-024
   2.02479569339724       1.277683901839985E-024
   2.02634488673572       1.277683901839982E-024
   2.02789408007420       1.277683901839985E-024
   2.02944327341269       1.277683901839982E-024
   2.03099246675117       1.277683901839985E-024
   2.03254166008965       1.277683901839982E-024
   2.03409085342814       1.277683901839985E-024
   2.03564004676662       1.277683901839982E-024
   2.03718924010510       1.277683901839985E-024
   2.03873843344358       1.277683901839982E-024
   2.04028762678207       1.277683901839985E-024
   2.04183682012055       1.277683901839982E-024
   2.04338601345903       1.277683901839985E-024
   2.04493520679752       1.277683901839982E-024
   2.04648440013600       1.277683901839985E-024
   2.04803359347448       1.277683901839982E-024
   2.04958278681297       1.277683901839985E-024
   2.05113198015145       1.277683901839982E-024
   2.05268117348993       1.277683901839985E-024
   2.05423036682841       1.277683901839982E-024
   2.05577956016690       1.277683901839985E-024
   2.05732875350538       1.277683901839982E-024
   2.05887794684386       1.277683901839985E-024
   2.06042714018235       1.277683901839982E-024
   2.06197633352083       1.277683901839985E-024
   2.06352552685931       1.277683901839982E-024
   2.06507472019779       1.277683901839985E-024
   2.06662391353628       1.277683901839982E-024
   2.06817310687476       1.277683901839985E-024
   2.06972230021324       1.277683901839982E-024
   2.07127149355173       1.277683901839985E-024
   2.07282068689021       1.277683901839982E-024
   2.07436988022869       1.277683901839985E-024
   2.07591907356718       1.277683901839982E-024
   2.07746826690566       1.277683901839985E-024
   2.07901746024414       1.277683901839982E-024
   2.08056665358262       1.277683901839985E-024
   2.08211584692111       1.277683901839982E-024
   2.08366504025959       1.277683901839985E-024
   2.08521423359807       1.277683901839982E-024
   2.08676342693656       1.277683901839985E-024
   2.08831262027504       1.277683901839982E-024
   2.08986181361352       1.277683901839985E-024
   2.09141100695201       1.277683901839982E-024
   2.09296020029049       1.277683901839985E-024
   2.09450939362897       1.277683901839982E-024
   2.09605858696745       1.277683901839985E-024
   2.09760778030594       1.277683901839982E-024
   2.09915697364442       1.277683901839985E-024
   2.10070616698290       1.277683901839982E-024
   2.10225536032139       1.277683901839985E-024
   2.10380455365987       1.277683901839982E-024
   2.10535374699835       1.277683901839985E-024
   2.10690294033683       1.277683901839982E-024
   2.10845213367532       1.277683901839985E-024
   2.11000132701380       1.277683901839982E-024
   2.11155052035228       1.277683901839985E-024
   2.11309971369077       1.277683901839982E-024
   2.11464890702925       1.277683901839985E-024
   2.11619810036773       1.277683901839982E-024
   2.11774729370622       1.277683901839985E-024
   2.11929648704470       1.277683901839982E-024
   2.12084568038318       1.277683901839985E-024
   2.12239487372166       1.277683901839982E-024
   2.12394406706015       1.277683901839985E-024
   2.12549326039863       1.277683901839982E-024
   2.12704245373711       1.277683901839985E-024
   2.12859164707560       1.277683901839982E-024
   2.13014084041408       1.277683901839985E-024
   2.13169003375256       1.277683901839982E-024
   2.13323922709105       1.277683901839985E-024
   2.13478842042953       1.277683901839982E-024
   2.13633761376801       1.277683901839985E-024
   2.13788680710649       1.277683901839982E-024
   2.13943600044498       1.277683901839985E-024
   2.14098519378346       1.277683901839982E-024
   2.14253438712194       1.277683901839985E-024
   2.14408358046043       1.277683901839982E-024
   2.14563277379891       1.277683901839985E-024
   2.14718196713739       1.277683901839982E-024
   2.14873116047587       1.277683901839985E-024
   2.15028035381436       1.277683901839982E-024
   2.15182954715284       1.277683901839985E-024
   2.15337874049132       1.277683901839982E-024
   2.15492793382981       1.277683901839985E-024
   2.15647712716829       1.277683901839982E-024
   2.15802632050677       1.277683901839985E-024
   2.15957551384526       1.277683901839982E-024
   2.16112470718374       1.277683901839985E-024
   2.16267390052222       1.277683901839982E-024
   2.16422309386070       1.277683901839985E-024
   2.16577228719919       1.277683901839982E-024
   2.16732148053767       1.277683901839985E-024
   2.16887067387615       1.277683901839982E-024
   2.17041986721464       1.277683901839985E-024
   2.17196906055312       1.277683901839982E-024
   2.17351825389160       1.277683901839985E-024
   2.17506744723009       1.277683901839982E-024
   2.17661664056857       1.277683901839985E-024
   2.17816583390705       1.277683901839982E-024
   2.17971502724553       1.277683901839985E-024
   2.18126422058402       1.277683901839982E-024
   2.18281341392250       1.277683901839985E-024
   2.18436260726098       1.277683901839982E-024
   2.18591180059947       1.277683901839985E-024
   2.18746099393795       1.277683901839982E-024
   2.18901018727643       1.277683901839985E-024
   2.19055938061492       1.277683901839982E-024
   2.19210857395340       1.277683901839985E-024
   2.19365776729188       1.277683901839982E-024
   2.19520696063036       1.277683901839985E-024
   2.19675615396885       1.277683901839982E-024
   2.19830534730733       1.277683901839985E-024
   2.19985454064581       1.277683901839982E-024
   2.20140373398430       1.277683901839985E-024
   2.20295292732278       1.277683901839982E-024
   2.20450212066126       1.277683901839985E-024
   2.20605131399974       1.277683901839982E-024
   2.20760050733823       1.277683901839985E-024
   2.20914970067671       1.277683901839982E-024
   2.21069889401519       1.277683901839985E-024
   2.21224808735368       1.277683901839982E-024
   2.21379728069216       1.277683901839985E-024
   2.21534647403064       1.277683901839982E-024
   2.21689566736913       1.277683901839985E-024
   2.21844486070761       1.277683901839982E-024
   2.21999405404609       1.277683901839985E-024
   2.22154324738457       1.277683901839982E-024
   2.22309244072306       1.277683901839985E-024
   2.22464163406154       1.277683901839982E-024
   2.22619082740002       1.277683901839985E-024
   2.22774002073851       1.277683901839982E-024
   2.22928921407699       1.277683901839985E-024
   2.23083840741547       1.277683901839982E-024
   2.23238760075396       1.277683901839985E-024
   2.23393679409244       1.277683901839982E-024
   2.23548598743092       1.277683901839985E-024
   2.23703518076940       1.277683901839982E-024
   2.23858437410789       1.277683901839985E-024
   2.24013356744637       1.277683901839982E-024
   2.24168276078485       1.277683901839985E-024
   2.24323195412334       1.277683901839982E-024
   2.24478114746182       1.277683901839985E-024
   2.24633034080030       1.277683901839982E-024
   2.24787953413878       1.277683901839985E-024
   2.24942872747727       1.277683901839982E-024
   2.25097792081575       1.277683901839985E-024
   2.25252711415423       1.277683901839982E-024
   2.25407630749272       1.277683901839985E-024
   2.25562550083120       1.277683901839982E-024
   2.25717469416968       1.277683901839985E-024
   2.25872388750817       1.277683901839982E-024
   2.26027308084665       1.277683901839985E-024
   2.26182227418513       1.277683901839982E-024
   2.26337146752361       1.277683901839985E-024
   2.26492066086210       1.277683901839982E-024
   2.26646985420058       1.277683901839985E-024
   2.26801904753906       1.277683901839982E-024
   2.26956824087755       1.277683901839985E-024
   2.27111743421603       1.277683901839982E-024
   2.27266662755451       1.277683901839985E-024
   2.27421582089300       1.277683901839982E-024
   2.27576501423148       1.277683901839985E-024
   2.27731420756996       1.277683901839982E-024
   2.27886340090844       1.277683901839985E-024
   2.28041259424693       1.277683901839982E-024
   2.28196178758541       1.277683901839985E-024
   2.28351098092389       1.277683901839982E-024
   2.28506017426238       1.277683901839985E-024
   2.28660936760086       1.277683901839982E-024
   2.28815856093934       1.277683901839985E-024
   2.28970775427783       1.277683901839982E-024
   2.29125694761631       1.277683901839985E-024
   2.29280614095479       1.277683901839982E-024
   2.29435533429327       1.277683901839985E-024
   2.29590452763176       1.277683901839982E-024
   2.29745372097024       1.277683901839985E-024
   2.29900291430872       1.277683901839982E-024
   2.30055210764721       1.277683901839985E-024
   2.30210130098569       1.277683901839982E-024
   2.30365049432417       1.277683901839985E-024
   2.30519968766265       1.277683901839982E-024
   2.30674888100114       1.277683901839985E-024
   2.30829807433962       1.277683901839982E-024
   2.30984726767810       1.277683901839985E-024
   2.31139646101659       1.277683901839982E-024
   2.31294565435507       1.277683901839985E-024
   2.31449484769355       1.277683901839982E-024
   2.31604404103204       1.277683901839985E-024
   2.31759323437052       1.277683901839982E-024
   2.31914242770900       1.277683901839985E-024
   2.32069162104748       1.277683901839982E-024
   2.32224081438597       1.277683901839985E-024
   2.32379000772445       1.277683901839982E-024
   2.32533920106293       1.277683901839985E-024
   2.32688839440142       1.277683901839982E-024
   2.32843758773990       1.277683901839985E-024
   2.32998678107838       1.277683901839982E-024
   2.33153597441687       1.277683901839985E-024
   2.33308516775535       1.277683901839982E-024
   2.33463436109383       1.277683901839985E-024
   2.33618355443231       1.277683901839982E-024
   2.33773274777080       1.277683901839985E-024
   2.33928194110928       1.277683901839982E-024
   2.34083113444776       1.277683901839985E-024
   2.34238032778625       1.277683901839982E-024
   2.34392952112473       1.277683901839985E-024
   2.34547871446321       1.277683901839982E-024
   2.34702790780169       1.277683901839985E-024
   2.34857710114018       1.277683901839982E-024
   2.35012629447866       1.277683901839985E-024
   2.35167548781714       1.277683901839982E-024
   2.35322468115563       1.277683901839985E-024
   2.35477387449411       1.277683901839982E-024
   2.35632306783259       1.277683901839985E-024
   2.35787226117108       1.277683901839982E-024
   2.35942145450956       1.277683901839985E-024
   2.36097064784804       1.277683901839982E-024
   2.36251984118652       1.277683901839985E-024
   2.36406903452501       1.277683901839982E-024
   2.36561822786349       1.277683901839985E-024
   2.36716742120197       1.277683901839982E-024
   2.36871661454046       1.277683901839985E-024
   2.37026580787894       1.277683901839982E-024
   2.37181500121742       1.277683901839985E-024
   2.37336419455591       1.277683901839982E-024
   2.37491338789439       1.277683901839985E-024
   2.37646258123287       1.277683901839982E-024
   2.37801177457135       1.277683901839985E-024
   2.37956096790984       1.277683901839982E-024
   2.38111016124832       1.277683901839985E-024
   2.38265935458680       1.277683901839982E-024
   2.38420854792529       1.277683901839985E-024
   2.38575774126377       1.277683901839982E-024
   2.38730693460225       1.277683901839985E-024
   2.38885612794073       1.277683901839982E-024
   2.39040532127922       1.277683901839985E-024
   2.39195451461770       1.277683901839982E-024
   2.39350370795618       1.277683901839985E-024
   2.39505290129467       1.277683901839982E-024
   2.39660209463315       1.277683901839985E-024
   2.39815128797163       1.277683901839982E-024
   2.39970048131012       1.277683901839985E-024
   2.40124967464860       1.277683901839982E-024
   2.40279886798708       1.277683901839985E-024
   2.40434806132556       1.277683901839982E-024
   2.40589725466405       1.277683901839985E-024
   2.40744644800253       1.277683901839982E-024
   2.40899564134101       1.277683901839985E-024
   2.41054483467950       1.277683901839982E-024
   2.41209402801798       1.277683901839985E-024
   2.41364322135646       1.277683901839982E-024
   2.41519241469495       1.277683901839985E-024
   2.41674160803343       1.277683901839982E-024
   2.41829080137191       1.277683901839985E-024
   2.41983999471039       1.277683901839982E-024
   2.42138918804888       1.277683901839985E-024
   2.42293838138736       1.277683901839982E-024
   2.42448757472584       1.277683901839985E-024
   2.42603676806433       1.277683901839982E-024
   2.42758596140281       1.277683901839985E-024
   2.42913515474129       1.277683901839982E-024
   2.43068434807978       1.277683901839985E-024
   2.43223354141826       1.277683901839982E-024
   2.43378273475674       1.277683901839985E-024
   2.43533192809522       1.277683901839982E-024
   2.43688112143371       1.277683901839985E-024
   2.43843031477219       1.277683901839982E-024
   2.43997950811067       1.277683901839985E-024
   2.44152870144916       1.277683901839982E-024
   2.44307789478764       1.277683901839985E-024
   2.44462708812612       1.277683901839982E-024
   2.44617628146460       1.277683901839985E-024
   2.44772547480309       1.277683901839982E-024
   2.44927466814157       1.277683901839985E-024
   2.45082386148005       1.277683901839982E-024
   2.45237305481854       1.277683901839985E-024
   2.45392224815702       1.277683901839982E-024
   2.45547144149550       1.277683901839985E-024
   2.45702063483399       1.277683901839982E-024
   2.45856982817247       1.277683901839985E-024
   2.46011902151095       1.277683901839982E-024
   2.46166821484943       1.277683901839985E-024
   2.46321740818792       1.277683901839982E-024
   2.46476660152640       1.277683901839985E-024
   2.46631579486488       1.277683901839982E-024
   2.46786498820337       1.277683901839985E-024
   2.46941418154185       1.277683901839982E-024
   2.47096337488033       1.277683901839985E-024
   2.47251256821882       1.277683901839982E-024
   2.47406176155730       1.277683901839985E-024
   2.47561095489578       1.277683901839982E-024
   2.47716014823426       1.277683901839985E-024
   2.47870934157275       1.277683901839982E-024
   2.48025853491123       1.277683901839985E-024
   2.48180772824971       1.277683901839982E-024
   2.48335692158820       1.277683901839985E-024
   2.48490611492668       1.277683901839982E-024
   2.48645530826516       1.277683901839985E-024
   2.48800450160364       1.277683901839982E-024
   2.48955369494213       1.277683901839985E-024
   2.49110288828061       1.277683901839982E-024
   2.49265208161909       1.277683901839985E-024
   2.49420127495758       1.277683901839982E-024
   2.49575046829606       1.277683901839985E-024
   2.49729966163454       1.277683901839982E-024
   2.49884885497303       1.277683901839985E-024
   2.50039804831151       1.277683901839982E-024
   2.50194724164999       1.277683901839985E-024
   2.50349643498847       1.277683901839982E-024
   2.50504562832696       1.277683901839985E-024
   2.50659482166544       1.277683901839982E-024
   2.50814401500392       1.277683901839985E-024
   2.50969320834241       1.277683901839982E-024
   2.51124240168089       1.277683901839985E-024
   2.51279159501937       1.277683901839982E-024
   2.51434078835786       1.277683901839985E-024
   2.51588998169634       1.277683901839982E-024
   2.51743917503482       1.277683901839985E-024
   2.51898836837330       1.277683901839982E-024
   2.52053756171179       1.277683901839985E-024
   2.52208675505027       1.277683901839982E-024
   2.52363594838875       1.277683901839985E-024
   2.52518514172724       1.277683901839982E-024
   2.52673433506572       1.277683901839985E-024
   2.52828352840420       1.277683901839982E-024
   2.52983272174269       1.277683901839985E-024
   2.53138191508117       1.277683901839982E-024
   2.53293110841965       1.277683901839985E-024
   2.53448030175813       1.277683901839982E-024
   2.53602949509662       1.277683901839985E-024
   2.53757868843510       1.277683901839982E-024
   2.53912788177358       1.277683901839985E-024
   2.54067707511207       1.277683901839982E-024
   2.54222626845055       1.277683901839985E-024
   2.54377546178903       1.277683901839982E-024
   2.54532465512751       1.277683901839985E-024
   2.54687384846600       1.277683901839982E-024
   2.54842304180448       1.277683901839985E-024
   2.54997223514296       1.277683901839982E-024
   2.55152142848145       1.277683901839985E-024
   2.55307062181993       1.277683901839982E-024
   2.55461981515841       1.277683901839985E-024
   2.55616900849690       1.277683901839982E-024
   2.55771820183538       1.277683901839985E-024
   2.55926739517386       1.277683901839982E-024
   2.56081658851234       1.277683901839985E-024
   2.56236578185083       1.277683901839982E-024
   2.56391497518931       1.277683901839985E-024
   2.56546416852779       1.277683901839982E-024
   2.56701336186628       1.277683901839985E-024
   2.56856255520476       1.277683901839982E-024
   2.57011174854324       1.277683901839985E-024
   2.57166094188173       1.277683901839982E-024
   2.57321013522021       1.277683901839985E-024
   2.57475932855869       1.277683901839982E-024
   2.57630852189717       1.277683901839985E-024
   2.57785771523566       1.277683901839982E-024
   2.57940690857414       1.277683901839985E-024
   2.58095610191262       1.277683901839982E-024
   2.58250529525111       1.277683901839985E-024
   2.58405448858959       1.277683901839982E-024
   2.58560368192807       1.277683901839985E-024
   2.58715287526655       1.277683901839982E-024
   2.58870206860504       1.277683901839985E-024
   2.59025126194352       1.277683901839982E-024
   2.59180045528200       1.277683901839985E-024
   2.59334964862049       1.277683901839982E-024
   2.59489884195897       1.277683901839985E-024
   2.59644803529745       1.277683901839982E-024
   2.59799722863594       1.277683901839985E-024
   2.59954642197442       1.277683901839982E-024
   2.60109561531290       1.277683901839985E-024
   2.60264480865138       1.277683901839982E-024
   2.60419400198987       1.277683901839985E-024
   2.60574319532835       1.277683901839982E-024
   2.60729238866683       1.277683901839985E-024
   2.60884158200532       1.277683901839982E-024
   2.61039077534380       1.277683901839985E-024
   2.61193996868228       1.277683901839982E-024
   2.61348916202077       1.277683901839985E-024
   2.61503835535925       1.277683901839982E-024
   2.61658754869773       1.277683901839985E-024
   2.61813674203621       1.277683901839982E-024
   2.61968593537470       1.277683901839985E-024
   2.62123512871318       1.277683901839982E-024
   2.62278432205166       1.277683901839985E-024
   2.62433351539015       1.277683901839982E-024
   2.62588270872863       1.277683901839985E-024
   2.62743190206711       1.277683901839982E-024
   2.62898109540559       1.277683901839985E-024
   2.63053028874408       1.277683901839982E-024
   2.63207948208256       1.277683901839985E-024
   2.63362867542104       1.277683901839982E-024
   2.63517786875953       1.277683901839985E-024
   2.63672706209801       1.277683901839982E-024
   2.63827625543649       1.277683901839985E-024
   2.63982544877498       1.277683901839982E-024
   2.64137464211346       1.277683901839985E-024
   2.64292383545194       1.277683901839982E-024
   2.64447302879042       1.277683901839985E-024
   2.64602222212891       1.277683901839982E-024
   2.64757141546739       1.277683901839985E-024
   2.64912060880587       1.277683901839982E-024
   2.65066980214436       1.277683901839985E-024
   2.65221899548284       1.277683901839982E-024
   2.65376818882132       1.277683901839985E-024
   2.65531738215981       1.277683901839982E-024
   2.65686657549829       1.277683901839985E-024
   2.65841576883677       1.277683901839982E-024
   2.65996496217525       1.277683901839985E-024
   2.66151415551374       1.277683901839982E-024
   2.66306334885222       1.277683901839985E-024
   2.66461254219070       1.277683901839982E-024
   2.66616173552919       1.277683901839985E-024
   2.66771092886767       1.277683901839982E-024
   2.66926012220615       1.277683901839985E-024
   2.67080931554463       1.277683901839982E-024
   2.67235850888312       1.277683901839985E-024
   2.67390770222160       1.277683901839982E-024
   2.67545689556008       1.277683901839985E-024
   2.67700608889857       1.277683901839982E-024
   2.67855528223705       1.277683901839985E-024
   2.68010447557553       1.277683901839982E-024
   2.68165366891402       1.277683901839985E-024
   2.68320286225250       1.277683901839982E-024
   2.68475205559098       1.277683901839985E-024
   2.68630124892946       1.277683901839982E-024
   2.68785044226795       1.277683901839985E-024
   2.68939963560643       1.277683901839982E-024
   2.69094882894491       1.277683901839985E-024
   2.69249802228340       1.277683901839982E-024
   2.69404721562188       1.277683901839985E-024
   2.69559640896036       1.277683901839982E-024
   2.69714560229885       1.277683901839985E-024
   2.69869479563733       1.277683901839982E-024
   2.70024398897581       1.277683901839985E-024
   2.70179318231429       1.277683901839982E-024
   2.70334237565278       1.277683901839985E-024
   2.70489156899126       1.277683901839982E-024
   2.70644076232974       1.277683901839985E-024
   2.70798995566823       1.277683901839982E-024
   2.70953914900671       1.277683901839985E-024
   2.71108834234519       1.277683901839982E-024
   2.71263753568367       1.277683901839985E-024
   2.71418672902216       1.277683901839982E-024
   2.71573592236064       1.277683901839985E-024
   2.71728511569912       1.277683901839982E-024
   2.71883430903761       1.277683901839985E-024
   2.72038350237609       1.277683901839982E-024
   2.72193269571457       1.277683901839985E-024
   2.72348188905306       1.277683901839982E-024
   2.72503108239154       1.277683901839985E-024
   2.72658027573002       1.277683901839982E-024
   2.72812946906850       1.277683901839985E-024
   2.72967866240699       1.277683901839982E-024
   2.73122785574547       1.277683901839985E-024
   2.73277704908395       1.277683901839982E-024
   2.73432624242244       1.277683901839985E-024
   2.73587543576092       1.277683901839982E-024
   2.73742462909940       1.277683901839985E-024
   2.73897382243789       1.277683901839982E-024
   2.74052301577637       1.277683901839985E-024
   2.74207220911485       1.277683901839982E-024
   2.74362140245333       1.277683901839985E-024
   2.74517059579182       1.277683901839982E-024
   2.74671978913030       1.277683901839985E-024
   2.74826898246878       1.277683901839982E-024
   2.74981817580727       1.277683901839985E-024
   2.75136736914575       1.277683901839982E-024
   2.75291656248423       1.277683901839985E-024
   2.75446575582272       1.277683901839982E-024
   2.75601494916120       1.277683901839985E-024
   2.75756414249968       1.277683901839982E-024
   2.75911333583816       1.277683901839985E-024
   2.76066252917665       1.277683901839982E-024
   2.76221172251513       1.277683901839985E-024
   2.76376091585361       1.277683901839982E-024
   2.76531010919210       1.277683901839985E-024
   2.76685930253058       1.277683901839982E-024
   2.76840849586906       1.277683901839985E-024
   2.76995768920754       1.277683901839982E-024
   2.77150688254603       1.277683901839985E-024
   2.77305607588451       1.277683901839982E-024
   2.77460526922299       1.277683901839985E-024
   2.77615446256148       1.277683901839982E-024
   2.77770365589996       1.277683901839985E-024
   2.77925284923844       1.277683901839982E-024
   2.78080204257693       1.277683901839985E-024
   2.78235123591541       1.277683901839982E-024
   2.78390042925389       1.277683901839985E-024
   2.78544962259237       1.277683901839982E-024
   2.78699881593086       1.277683901839985E-024
   2.78854800926934       1.277683901839982E-024
   2.79009720260782       1.277683901839985E-024
   2.79164639594631       1.277683901839982E-024
   2.79319558928479       1.277683901839985E-024
   2.79474478262327       1.277683901839982E-024
   2.79629397596176       1.277683901839985E-024
   2.79784316930024       1.277683901839982E-024
   2.79939236263872       1.277683901839985E-024
   2.80094155597720       1.277683901839982E-024
   2.80249074931569       1.277683901839985E-024
   2.80403994265417       1.277683901839982E-024
   2.80558913599265       1.277683901839985E-024
   2.80713832933114       1.277683901839982E-024
   2.80868752266962       1.277683901839985E-024
   2.81023671600810       1.277683901839982E-024
   2.81178590934658       1.277683901839985E-024
   2.81333510268507       1.277683901839982E-024
   2.81488429602355       1.277683901839985E-024
   2.81643348936203       1.277683901839982E-024
   2.81798268270052       1.277683901839985E-024
   2.81953187603900       1.277683901839982E-024
   2.82108106937748       1.277683901839985E-024
   2.82263026271597       1.277683901839982E-024
   2.82417945605445       1.277683901839985E-024
   2.82572864939293       1.277683901839982E-024
   2.82727784273141       1.277683901839985E-024
   2.82882703606990       1.277683901839982E-024
   2.83037622940838       1.277683901839985E-024
   2.83192542274686       1.277683901839982E-024
   2.83347461608535       1.277683901839985E-024
   2.83502380942383       1.277683901839982E-024
   2.83657300276231       1.277683901839985E-024
   2.83812219610080       1.277683901839982E-024
   2.83967138943928       1.277683901839985E-024
   2.84122058277776       1.277683901839982E-024
   2.84276977611624       1.277683901839985E-024
   2.84431896945473       1.277683901839982E-024
   2.84586816279321       1.277683901839985E-024
   2.84741735613169       1.277683901839982E-024
   2.84896654947018       1.277683901839985E-024
   2.85051574280866       1.277683901839982E-024
   2.85206493614714       1.277683901839985E-024
   2.85361412948562       1.277683901839982E-024
   2.85516332282411       1.277683901839985E-024
   2.85671251616259       1.277683901839982E-024
   2.85826170950107       1.277683901839985E-024
   2.85981090283956       1.277683901839982E-024
   2.86136009617804       1.277683901839985E-024
   2.86290928951652       1.277683901839982E-024
   2.86445848285501       1.277683901839985E-024
   2.86600767619349       1.277683901839982E-024
   2.86755686953197       1.277683901839985E-024
   2.86910606287045       1.277683901839982E-024
   2.87065525620894       1.277683901839985E-024
   2.87220444954742       1.277683901839982E-024
   2.87375364288590       1.277683901839985E-024
   2.87530283622439       1.277683901839982E-024
   2.87685202956287       1.277683901839985E-024
   2.87840122290135       1.277683901839982E-024
   2.87995041623984       1.277683901839985E-024
   2.88149960957832       1.277683901839982E-024
   2.88304880291680       1.277683901839985E-024
   2.88459799625528       1.277683901839982E-024
   2.88614718959377       1.277683901839985E-024
   2.88769638293225       1.277683901839982E-024
   2.88924557627073       1.277683901839985E-024
   2.89079476960922       1.277683901839982E-024
   2.89234396294770       1.277683901839985E-024
   2.89389315628618       1.277683901839982E-024
   2.89544234962466       1.277683901839985E-024
   2.89699154296315       1.277683901839982E-024
   2.89854073630163       1.277683901839985E-024
   2.90008992964011       1.277683901839982E-024
   2.90163912297860       1.277683901839985E-024
   2.90318831631708       1.277683901839982E-024
   2.90473750965556       1.277683901839985E-024
   2.90628670299405       1.277683901839982E-024
   2.90783589633253       1.277683901839985E-024
   2.90938508967101       1.277683901839982E-024
   2.91093428300949       1.277683901839985E-024
   2.91248347634798       1.277683901839982E-024
   2.91403266968646       1.277683901839985E-024
   2.91558186302494       1.277683901839982E-024
   2.91713105636343       1.277683901839985E-024
   2.91868024970191       1.277683901839982E-024
   2.92022944304039       1.277683901839985E-024
   2.92177863637888       1.277683901839982E-024
   2.92332782971736       1.277683901839985E-024
   2.92487702305584       1.277683901839982E-024
   2.92642621639432       1.277683901839985E-024
   2.92797540973281       1.277683901839982E-024
   2.92952460307129       1.277683901839985E-024
   2.93107379640977       1.277683901839982E-024
   2.93262298974826       1.277683901839985E-024
   2.93417218308674       1.277683901839982E-024
   2.93572137642522       1.277683901839985E-024
   2.93727056976370       1.277683901839982E-024
   2.93881976310219       1.277683901839985E-024
   2.94036895644067       1.277683901839982E-024
   2.94191814977915       1.277683901839985E-024
   2.94346734311764       1.277683901839982E-024
   2.94501653645612       1.277683901839985E-024
   2.94656572979460       1.277683901839982E-024
   2.94811492313309       1.277683901839985E-024
   2.94966411647157       1.277683901839982E-024
   2.95121330981005       1.277683901839985E-024
   2.95276250314853       1.277683901839982E-024
   2.95431169648702       1.277683901839985E-024
   2.95586088982550       1.277683901839982E-024
   2.95741008316398       1.277683901839985E-024
   2.95895927650247       1.277683901839982E-024
   2.96050846984095       1.277683901839985E-024
   2.96205766317943       1.277683901839982E-024
   2.96360685651792       1.277683901839985E-024
   2.96515604985640       1.277683901839982E-024
   2.96670524319488       1.277683901839985E-024
   2.96825443653336       1.277683901839982E-024
   2.96980362987185       1.277683901839985E-024
   2.97135282321033       1.277683901839982E-024
   2.97290201654881       1.277683901839985E-024
   2.97445120988730       1.277683901839982E-024
   2.97600040322578       1.277683901839985E-024
   2.97754959656426       1.277683901839982E-024
   2.97909878990275       1.277683901839985E-024
   2.98064798324123       1.277683901839982E-024
   2.98219717657971       1.277683901839985E-024
   2.98374636991819       1.277683901839982E-024
   2.98529556325668       1.277683901839985E-024
   2.98684475659516       1.277683901839982E-024
   2.98839394993364       1.277683901839985E-024
   2.98994314327213       1.277683901839982E-024
   2.99149233661061       1.277683901839985E-024
   2.99304152994909       1.277683901839982E-024
   2.99459072328757       1.277683901839985E-024
   2.99613991662606       1.277683901839982E-024
   2.99768910996454       1.277683901839985E-024
   2.99923830330302       1.277683901839982E-024
   3.00078749664151       1.277683901839985E-024
   3.00233668997999       1.277683901839982E-024
   3.00388588331847       1.277683901839985E-024
   3.00543507665696       1.277683901839982E-024
   3.00698426999544       1.277683901839985E-024
   3.00853346333392       1.277683901839982E-024
   3.01008265667240       1.277683901839985E-024
   3.01163185001089       1.277683901839982E-024
   3.01318104334937       1.277683901839985E-024
   3.01473023668785       1.277683901839982E-024
   3.01627943002634       1.277683901839985E-024
   3.01782862336482       1.277683901839982E-024
   3.01937781670330       1.277683901839985E-024
   3.02092701004179       1.277683901839982E-024
   3.02247620338027       1.277683901839985E-024
   3.02402539671875       1.277683901839982E-024
   3.02557459005723       1.277683901839985E-024
   3.02712378339572       1.277683901839982E-024
   3.02867297673420       1.277683901839985E-024
   3.03022217007268       1.277683901839982E-024
   3.03177136341117       1.277683901839985E-024
   3.03332055674965       1.277683901839982E-024
   3.03486975008813       1.277683901839985E-024
   3.03641894342661       1.277683901839982E-024
   3.03796813676510       1.277683901839985E-024
   3.03951733010358       1.277683901839982E-024
   3.04106652344206       1.277683901839985E-024
   3.04261571678055       1.277683901839982E-024
   3.04416491011903       1.277683901839985E-024
   3.04571410345751       1.277683901839982E-024
   3.04726329679600       1.277683901839985E-024
   3.04881249013448       1.277683901839982E-024
   3.05036168347296       1.277683901839985E-024
   3.05191087681144       1.277683901839982E-024
   3.05346007014993       1.277683901839985E-024
   3.05500926348841       1.277683901839982E-024
   3.05655845682689       1.277683901839985E-024
   3.05810765016538       1.277683901839982E-024
   3.05965684350386       1.277683901839985E-024
   3.06120603684234       1.277683901839982E-024
   3.06275523018083       1.277683901839985E-024
   3.06430442351931       1.277683901839982E-024
   3.06585361685779       1.277683901839985E-024
   3.06740281019627       1.277683901839982E-024
   3.06895200353476       1.277683901839985E-024
   3.07050119687324       1.277683901839982E-024
   3.07205039021172       1.277683901839985E-024
   3.07359958355021       1.277683901839982E-024
   3.07514877688869       1.277683901839985E-024
   3.07669797022717       1.277683901839982E-024
   3.07824716356565       1.277683901839985E-024
   3.07979635690414       1.277683901839982E-024
   3.08134555024262       1.277683901839985E-024
   3.08289474358110       1.277683901839982E-024
   3.08444393691959       1.277683901839985E-024
   3.08599313025807       1.277683901839982E-024
   3.08754232359655       1.277683901839985E-024
   3.08909151693504       1.277683901839982E-024
   3.09064071027352       1.277683901839985E-024
   3.09218990361200       1.277683901839982E-024
   3.09373909695048       1.277683901839985E-024
   3.09528829028897       1.277683901839982E-024
