  0.000000000000000E+000  3.770559698552976E-004
  1.549193338482967E-003  1.508223879421190E-003
  3.098386676965934E-003  3.393503728697678E-003
  4.647580015448901E-003  6.032895517684761E-003
  6.196773353931867E-003  9.426399246382439E-003
  7.745966692414834E-003  1.357401491479071E-002
  9.295160030897802E-003  1.847574252290958E-002
  1.084435336938077E-002  2.413158207073904E-002
  1.239354670786373E-002  3.054153355827910E-002
  1.394274004634670E-002  3.770559698552976E-002
  1.549193338482967E-002  4.562377235249101E-002
  1.704112672331264E-002  5.429605965916286E-002
  1.859032006179560E-002  6.372245890554530E-002
  2.013951340027857E-002  7.390297009163835E-002
  2.168870673876154E-002  8.483759321744198E-002
  2.323790007724450E-002  9.652632828295622E-002
  2.478709341572747E-002  0.108969175288181     
  2.633628675421044E-002  0.122166134233116     
  2.788548009269340E-002  0.136117205117762     
  2.943467343117637E-002  0.150822387942119     
  3.098386676965934E-002  0.166281682706186     
  3.253306010814230E-002  0.182495089409964     
  3.408225344662527E-002  0.199462608053452     
  3.563144678510824E-002  0.217184238636651     
  3.718064012359121E-002  0.235659981159561     
  3.872983346207417E-002  0.254889835622181     
  4.027902680055714E-002  0.274873802024512     
  4.182822013904011E-002  0.295611880366553     
  4.337741347752307E-002  0.317104070648305     
  4.492660681600604E-002  0.339350372869767     
  4.647580015448900E-002  0.362350787030941     
  4.802499349297197E-002  0.386105313131824     
  4.957418683145494E-002  0.410613951172419     
  5.112338016993791E-002  0.435876701152724     
  5.267257350842088E-002  0.461893563072739     
  5.422176684690384E-002  0.488664536932465     
  5.577096018538680E-002  0.516189622731902     
  5.732015352386977E-002  0.544468820471049     
  5.886934686235274E-002  0.573502130149907     
  6.041854020083571E-002  0.603289551768476     
  6.196773353931867E-002  0.633831085326755     
  6.351692687780164E-002  0.665126730824745     
  6.506612021628461E-002  0.697176488262445     
  6.661531355476757E-002  0.729980357639856     
  6.816450689325054E-002  0.763538338956978     
  6.971370023173351E-002  0.797850432213810     
  7.126289357021648E-002  0.832916637410353     
  7.281208690869945E-002  0.868736954546606     
  7.436128024718242E-002  0.905311383622570     
  7.591047358566537E-002  0.942639924638245     
  7.745966692414834E-002  0.980722577593630     
  7.900886026263131E-002   1.01955934248873     
  8.055805360111427E-002   1.05915021932353     
  8.210724693959724E-002   1.09949520809805     
  8.365644027808021E-002   1.14059430881228     
  8.520563361656318E-002   1.18244752146621     
  8.675482695504615E-002   1.22505484605986     
  8.830402029352911E-002   1.26841628259322     
  8.985321363201208E-002   1.31253183106629     
  9.140240697049504E-002   1.35740149147907     
  9.295160030897801E-002   1.40302526383156     
  9.450079364746097E-002   1.44940314812377     
  9.604998698594394E-002   1.49653514435568     
  9.759918032442691E-002   1.54442125252730     
  9.914837366290988E-002   1.59306147263864     
  0.100697567001393        1.64245580468968     
  0.102246760339876        1.69260424868043     
  0.103795953678359        1.74350680461090     
  0.105345147016842        1.79516347248107     
  0.106894340355325        1.84757425229096     
  0.108443533693808        1.90073914404056     
  0.109992727032291        1.95465814772987     
  0.111541920370774        2.00933126335888     
  0.113091113709257        2.06475849092761     
  0.114640307047740        2.12093983043605     
  0.116189500386223        2.17787528188420     
  0.117738693724705        2.23556484527206     
  0.119287887063188        2.29400852059964     
  0.120837080401671        2.35320630786692     
  0.122386273740154        2.41315820707391     
  0.123935467078637        2.47386421822061     
  0.125484660417120        2.53532434130703     
  0.127033853755603        2.59753857633315     
  0.128583047094086        2.66050692329899     
  0.130132240432569        2.72422938220453     
  0.131681433771052        2.78870595304979     
  0.133230627109535        2.85393663583475     
  0.134779820448018        2.91992143055943     
  0.136329013786501        2.98666033722382     
  0.137878207124984        3.05415335582792     
  0.139427400463467        3.12240048637173     
  0.140976593801950        3.19140172885525     
  0.142525787140433        3.26115708327848     
  0.144074980478916        3.33166654964142     
  0.145624173817399        3.40293012794407     
  0.147173367155882        3.47494781818643     
  0.148722560494365        3.54771962036850     
  0.150271753832848        3.62124553449029     
  0.151820947171331        3.69552556055178     
  0.153370140509814        3.77055969855299     
  0.154919333848297        3.84634794849390     
  0.156468527186780        3.92289031037453     
  0.158017720525263        4.00018678419486     
  0.159566913863746        4.07823736995491     
  0.161116107202229        4.15704206765467     
  0.162665300540712        4.23660087729414     
  0.164214493879194        4.31691379887331     
  0.165763687217677        4.39798083239220     
  0.167312880556160        4.47980197785080     
  0.168862073894643        4.56237723524911     
  0.170411267233126        4.64570660458714     
  0.171960460571609        4.72979008586487     
  0.173509653910092        4.81462767908231     
  0.175058847248575        4.90021938423946     
  0.176608040587058        4.98656520133633     
  0.178157233925541        5.07366513037290     
  0.179706427264024        5.16151917134918     
  0.181255620602507        5.25012732426518     
  0.182804813940990        5.33948958912088     
  0.184354007279473        5.42960596591630     
  0.185903200617956        5.52047645465143     
  0.187452393956439        5.61210105532627     
  0.189001587294922        5.70447976794082     
  0.190550780633405        5.79761259249507     
  0.192099973971888        5.89149952898904     
  0.193649167310371        5.98614057742272     
  0.195198360648854        6.08153573779611     
  0.196747553987337        6.17768501010922     
  0.198296747325820        6.27458839436203     
  0.199845940664303        6.37224589055455     
  0.201395134002786        6.47065749868678     
  0.202944327341269        6.56982321875872     
  0.204493520679752        6.66974305077038     
  0.206042714018235        6.77041699472174     
  0.207591907356718        6.87184505061282     
  0.209141100695201        6.97402721844360     
  0.210690294033684        7.07696349821410     
  0.212239487372166        7.18065388992431     
  0.213788680710649        7.28509839357423     
  0.215337874049132        7.39029700916385     
  0.216887067387615        7.49624973669320     
  0.218436260726098        7.60295657616224     
  0.219985454064581        7.71041752757101     
  0.221534647403064        7.81863259091948     
  0.223083840741547        7.92760176620766     
  0.224633034080030        8.03732505343555     
  0.226182227418513        8.14780245260315     
  0.227731420756996        8.25903396371046     
  0.229280614095479        8.37101958675749     
  0.230829807433962        8.48375932174422     
  0.232379000772445        8.59725316867067     
  0.233928194110928        8.71150112753682     
  0.235477387449411        8.82650319834269     
  0.237026580787894        8.94225938108826     
  0.238575774126377        9.05876967577355     
  0.240124967464860        9.17603408239855     
  0.241674160803343        9.29405260096326     
  0.243223354141826        9.41282523146768     
  0.244772547480309        9.53235197391181     
  0.246321740818792        9.65263282829565     
  0.247870934157275        9.77366779461920     
  0.249420127495758        9.89545687288246     
  0.250969320834241        10.0180000630854     
  0.252518514172724        10.1412973652281     
  0.254067707511207        10.2653487793105     
  0.255616900849690        10.3901543053326     
  0.257166094188172        10.5157139432944     
  0.258715287526655        10.6420276931960     
  0.260264480865138        10.7690955550372     
  0.261813674203621        10.8969175288181     
  0.263362867542104        11.0254936145388     
  0.264912060880587        11.1548238121992     
  0.266461254219070        11.2849081217992     
  0.268010447557553        11.4157465433390     
  0.269559640896036        11.5473390768185     
  0.271108834234519        11.6796857222377     
  0.272658027573002        11.8127864795967     
  0.274207220911485        11.9466413488953     
  0.275756414249968        12.0812503301336     
  0.277305607588451        12.2166134233117     
  0.278854800926934        12.3527306284294     
  0.280403994265417        12.4896019454869     
  0.281953187603900        12.6272273744841     
  0.283502380942383        12.7656069154210     
  0.285051574280866        12.9047405682976     
  0.286600767619349        13.0446283331139     
  0.288149960957832        13.1852702098699     
  0.289699154296315        13.3266661985657     
  0.291248347634798        13.4688162992011     
  0.292797540973281        13.6117205117763     
  0.294346734311764        13.7553788362912     
  0.295895927650247        13.8997912727457     
  0.297445120988730        14.0449578211400     
  0.298994314327213        14.1908784814740     
  0.300543507665696        14.3375532537477     
  0.302092701004179        14.4849821379612     
  0.303641894342661        14.6331651341143     
  0.305191087681144        14.7821022422071     
  0.306740281019627        14.9317934622397     
  0.308289474358110        15.0822387942120     
  0.309838667696593        15.2334382381239     
  0.311387861035076        12.3390843189371     
  0.312937054373559        12.2030425286283     
  0.314486247712042        12.0677548502591     
  0.316035441050525        11.9332212838297     
  0.317584634389008        11.7994418293400     
  0.319133827727491        11.6664164867900     
  0.320683021065974        11.5341452561797     
  0.322232214404457        11.4026281375091     
  0.323781407742940        11.2718651307782     
  0.325330601081423        11.1418562359871     
  0.326879794419906        11.0126014531356     
  0.328428987758389        10.8841007822239     
  0.329978181096872        10.7563542232518     
  0.331527374435355        10.6293617762195     
  0.333076567773838        10.5031234411269     
  0.334625761112321        10.3776392179740     
  0.336174954450804        10.2529091067608     
  0.337724147789287        10.1289331074873     
  0.339273341127770        10.0057112201536     
  0.340822534466253        9.88324344475952     
  0.342371727804736        9.76152978130517     
  0.343920921143219        9.64057022979054     
  0.345470114481702        9.52036479021561     
  0.347019307820185        9.40091346258040     
  0.348568501158668        9.28221624688489     
  0.350117694497151        9.16427314312910     
  0.351666887835633        9.04708415131301     
  0.353216081174116        8.93064927143664     
  0.354765274512599        8.81496850349998     
  0.356314467851082        8.70004184750303     
  0.357863661189565        8.58586930344578     
  0.359412854528048        8.47245087132825     
  0.360962047866531        8.35978655115043     
  0.362511241205014        8.24787634291232     
  0.364060434543497        8.13672024661393     
  0.365609627881980        8.02631826225524     
  0.367158821220463        7.91667038983626     
  0.368708014558946        7.80777662935699     
  0.370257207897429        7.69963698081744     
  0.371806401235912        7.59225144421759     
  0.373355594574395        7.48562001955746     
  0.374904787912878        7.37974270683703     
  0.376453981251361        7.27461950605632     
  0.378003174589844        7.17025041721531     
  0.379552367928327        7.06663544031402     
  0.381101561266810        6.96377457535244     
  0.382650754605293        6.86166782233057     
  0.384199947943776        6.76031518124841     
  0.385749141282259        6.65971665210596     
  0.387298334620742        6.55987223490322     
  0.388847527959225        6.46078192964019     
  0.390396721297708        6.36244573631687     
  0.391945914636191        6.26486365493326     
  0.393495107974674        6.16803568548936     
  0.395044301313157        6.07196182798518     
  0.396593494651640        5.97664208242070     
  0.398142687990122        5.88207644879594     
  0.399691881328605        5.78826492711088     
  0.401241074667088        5.69520751736554     
  0.402790268005571        5.60290421955990     
  0.404339461344054        5.51135503369398     
  0.405888654682537        5.42055995976777     
  0.407437848021020        5.33051899778126     
  0.408987041359503        5.24123214773447     
  0.410536234697986        5.15269940962739     
  0.412085428036469        5.06492078346002     
  0.413634621374952        4.97789626923236     
  0.415183814713435        4.89162586694441     
  0.416733008051918        4.80610957659617     
  0.418282201390401        4.72134739818765     
  0.419831394728884        4.63733933171883     
  0.421380588067367        4.55408537718972     
  0.422929781405850        4.47158553460033     
  0.424478974744333        4.38983980395064     
  0.426028168082816        4.30884818524067     
  0.427577361421299        4.22861067847040     
  0.429126554759782        4.14912728363985     
  0.430675748098265        4.07039800074901     
  0.432224941436748        3.99242282979787     
  0.433774134775231        3.91520177078645     
  0.435323328113714        3.83873482371474     
  0.436872521452197        3.76302198858274     
  0.438421714790680        3.68806326539045     
  0.439970908129163        3.61385865413787     
  0.441520101467646        3.54040815482500     
  0.443069294806128        3.46771176745184     
  0.444618488144611        3.39576949201840     
  0.446167681483094        3.32458132852466     
  0.447716874821577        3.25414727697063     
  0.449266068160060        3.18446733735632     
  0.450815261498543        3.11554150968171     
  0.452364454837026        3.04736979394682     
  0.453913648175509        2.97995219015163     
  0.455462841513992        2.91328869829616     
  0.457012034852475        2.84737931838040     
  0.458561228190958        2.78222405040434     
  0.460110421529441        2.71782289436800     
  0.461659614867924        2.65417585027137     
  0.463208808206407        2.59128291811445     
  0.464758001544890        2.52914409789724     
  0.466307194883373        2.46775938961974     
  0.467856388221856        2.40712879328195     
  0.469405581560339        2.34725230888388     
  0.470954774898822        2.28812993642551     
  0.472503968237305        2.22976167590685     
  0.474053161575788        2.17214752732790     
  0.475602354914271        2.11528749068867     
  0.477151548252754        2.05918156598914     
  0.478700741591237        2.00382975322933     
  0.480249934929720        1.94923205240923     
  0.481799128268203        1.89538846352883     
  0.483348321606686        1.84229898658815     
  0.484897514945169        1.78996362158718     
  0.486446708283652        1.73838236852592     
  0.487995901622135        1.68755522740437     
  0.489545094960618        1.63748219822252     
  0.491094288299101        1.58816328098040     
  0.492643481637583        1.53959847567798     
  0.494192674976066        1.49178778231527     
  0.495741868314549        1.44473120089227     
  0.497291061653032        1.39842873140898     
  0.498840254991515        1.35288037386541     
  0.500389448329998        1.30808612826154     
  0.501938641668481        1.26404599459738     
  0.503487835006964        1.22075997287294     
  0.505037028345447        1.17822806308821     
  0.506586221683930        1.13645026524318     
  0.508135415022413        1.09542657933787     
  0.509684608360896        1.05515700537227     
  0.511233801699379        1.01564154334637     
  0.512782995037862       0.976880193260193     
  0.514332188376345       0.938872955113722     
  0.515881381714828       0.901619828906962     
  0.517430575053311       0.865120814639913     
  0.518979768391794       0.829375912312574     
  0.520528961730277       0.794385121924945     
  0.522078155068760       0.760148443477028     
  0.523627348407243       0.726665876968821     
  0.525176541745726       0.693937422400324     
  0.526725735084209       0.661963079771538     
  0.528274928422692       0.630742849082463     
  0.529824121761175       0.600276730333098     
  0.531373315099658       0.570564723523444     
  0.532922508438141       0.541606828653501     
  0.534471701776624       0.513403045723268     
  0.536020895115107       0.485953374732746     
  0.537570088453589       0.459257815681934     
  0.539119281792072       0.433316368570833     
  0.540668475130555       0.408129033399442     
  0.542217668469038       0.383695810167763     
  0.543766861807521       0.360016698875793     
  0.545316055146004       0.337091699523535     
  0.546865248484487       0.314920812110987     
  0.548414441822970       0.293504036638149     
  0.549963635161453       0.272841373105022     
  0.551512828499936       0.252932821511606     
  0.553062021838419       0.233778381857900     
  0.554611215176902       0.215378054143905     
  0.556160408515385       0.197731838369621     
  0.557709601853868       0.180839734535047     
  0.559258795192351       0.164701742640184     
  0.560807988530834       0.149317862685031     
  0.562357181869317       0.134688094669589     
  0.563906375207800       0.120812438593857     
  0.565455568546283       0.107690894457836     
  0.567004761884766       9.532346226152610E-002
  0.568553955223249       8.371014200492635E-002
  0.570103148561732       7.285093368803719E-002
  0.571652341900215       6.274583731085863E-002
  0.573201535238698       5.339485287339066E-002
  0.574750728577181       4.479798037563329E-002
  0.576299921915664       3.695521981758652E-002
  0.577849115254147       2.986657119925034E-002
  0.579398308592630       2.353203452062476E-002
  0.580947501931113       1.795160978170978E-002
  0.582496695269596       1.312529698250540E-002
  0.584045888608078       9.053096123011603E-003
  0.585595081946562       5.735007203228403E-003
  0.587144275285044       3.171030223155799E-003
  0.588693468623527       1.361165182793791E-003
  0.590242661962010       3.054120821423775E-004
  0.591791855300493       3.770921201559341E-006
  0.593341048638976       4.562416999713363E-004
  0.594890241977459       1.662824418451709E-003
  0.596439435315942       3.623519076642676E-003
  0.597988628654425       6.338325674544239E-003
  0.599537821992908       9.807244212156395E-003
  0.601087015331391       1.403027468947915E-002
  0.602636208669874       1.900741710651249E-002
  0.604185402008357       2.473867146325643E-002
  0.605734595346840       3.122403775971097E-002
  0.607283788685323       3.846351599587610E-002
  0.608832982023806       4.645710617175183E-002
  0.610382175362289       5.520480828733816E-002
  0.611931368700772       6.470662234263509E-002
  0.613480562039255       7.496254833764260E-002
  0.615029755377738       8.597258627236072E-002
  0.616578948716221       9.773673614678945E-002
  0.618128142054704       0.110254997960929     
  0.619677335393187       0.123527371714779     
  0.621226528731670       0.137553857408339     
  0.622775722070153       0.152334455041610     
  0.624324915408636       0.167869164614592     
  0.625874108747119       0.184157986127284     
  0.627423302085602       0.201200919579687     
  0.628972495424085       0.218997964971800     
  0.630521688762568       0.237549122303624     
  0.632070882101050       0.256854391575159     
  0.633620075439533       0.276913772786404     
  0.635169268778016       0.297727265937360     
  0.636718462116499       0.319294871028026     
  0.638267655454982       0.341616588058403     
  0.639816848793465       0.364692417028491     
  0.641366042131948       0.388522357938289     
  0.642915235470431       0.413106410787798     
  0.644464428808914       0.438444575577017     
  0.646013622147397       0.464536852305947     
  0.647562815485880       0.491383240974588     
  0.649112008824363       0.518983741582939     
  0.650661202162846       0.547338354131001     
  0.652210395501329       0.576447078618774     
  0.653759588839812       0.606309915046257     
  0.655308782178295       0.636926863413450     
  0.656857975516778       0.668297923720355     
  0.658407168855261       0.700423095966970     
  0.659956362193744       0.733302380153295     
  0.661505555532227       0.766935776279331     
  0.663054748870710       0.801323284345078     
  0.664603942209193       0.836464904350535     
  0.666153135547676       0.872360636295703     
  0.667702328886159       0.909010480180581     
  0.669251522224642       0.946414436005170     
  0.670800715563125       0.984572503769470     
  0.672349908901608        1.02348468347348     
  0.673899102240091        1.06315097511720     
  0.675448295578574        1.10357137870063     
  0.676997488917056        1.14474589422377     
  0.678546682255539        1.18667452168663     
  0.680095875594022        1.22935726108919     
  0.681645068932505        1.27279411243146     
  0.683194262270988        1.31698507571345     
  0.684743455609471        1.36193015093514     
  0.686292648947954        1.40762933809655     
  0.687841842286437        1.45408263719767     
  0.689391035624920        1.50129004823849     
  0.690940228963403        1.54925157121903     
  0.692489422301886        1.59796720613928     
  0.694038615640369        1.64743695299924     
  0.695587808978852        1.69766081179891     
  0.697137002317335        1.74863878253828     
  0.698686195655818        1.80037086521738     
  0.700235388994301        1.85285705983618     
  0.701784582332784        1.90609736639469     
  0.703333775671267        1.96009178489291     
  0.704882969009750        2.01484031533084     
  0.706432162348233        2.07034295770849     
  0.707981355686716        2.12659971202584     
  0.709530549025199        2.18361057828290     
  0.711079742363682        2.24137555647968     
  0.712628935702165        2.29989464661617     
  0.714178129040648        2.35916784869236     
  0.715727322379131        2.41919516270827     
  0.717276515717614        2.47997658866389     
  0.718825709056097        2.54151212655922     
  0.720374902394580        2.60380177639425     
  0.721924095733063        2.66684553816900     
  0.723473289071546        2.73064341188346     
  0.725022482410029        2.79519539753763     
  0.726571675748511        2.86050149513152     
  0.728120869086994        2.92656170466511     
  0.729670062425477        2.99337602613841     
  0.731219255763960        3.06094445955142     
  0.732768449102443        3.12926700490415     
  0.734317642440926        3.19834366219658     
  0.735866835779409        3.26817443142872     
  0.737416029117892        3.33875931260058     
  0.738965222456375        3.41009830571215     
  0.740514415794858        3.48219141076342     
  0.742063609133341        3.55503862775441     
  0.743612802471824        3.62863995668511     
  0.745161995810307        3.70299539755552     
  0.746711189148790        3.77810495036563     
  0.748260382487273        3.85396861511546     
  0.749809575825756        3.93058639180500     
  0.751358769164239        4.00795828043426     
  0.752907962502722        4.08608428100322     
  0.754457155841205        4.16496439351189     
  0.756006349179688        4.24459861796027     
  0.757555542518171        4.32498695434836     
  0.759104735856654        4.40612940267617     
  0.760653929195137        4.48802596294368     
  0.762203122533620        4.57067663515091     
  0.763752315872103        4.65408141929784     
  0.765301509210586        4.73824031538449     
  0.766850702549069        4.82315332341085     
  0.768399895887552        4.90882044337691     
  0.769949089226035        4.99524167528269     
  0.771498282564517        5.08241701912818     
  0.773047475903000        5.17034647491338     
  0.774596669241483        5.25903004263829     
  0.776145862579966        5.34846772230291     
  0.777695055918449        5.43865951390724     
  0.779244249256932        5.52960541745128     
  0.780793442595415        5.62130543293503     
  0.782342635933898        5.71375956035850     
  0.783891829272381        5.80696779972167     
  0.785441022610864        5.90093015102455     
  0.786990215949347        5.99564661426715     
  0.788539409287830        6.09111718944945     
  0.790088602626313        6.18734187657147     
  0.791637795964796        6.28432067563320     
  0.793186989303279        6.38205358663463     
  0.794736182641762        6.48054060957578     
  0.796285375980245        6.57978174445664     
  0.797834569318728        6.67977699127721     
  0.799383762657211        6.78052635003749     
  0.800932955995694        6.88202982073748     
  0.802482149334177        6.98428740337718     
  0.804031342672660        7.08729909795659     
  0.805580536011143        7.19106490447571     
  0.807129729349626        7.29558482293454     
  0.808678922688109        7.40085885333309     
  0.810228116026592        7.50688699567134     
  0.811777309365075        7.61366924994930     
  0.813326502703558        7.72120561616698     
  0.814875696042041        7.82949609432436     
  0.816424889380523        7.93854068442146     
  0.817974082719007        8.04833938645826     
  0.819523276057489        8.15889220043478     
  0.821072469395972        8.27019912635101     
  0.822621662734455        8.38226016420695     
  0.824170856072938        8.49507531400260     
  0.825720049411421        8.60864457573796     
  0.827269242749904        8.72296794941303     
  0.828818436088387        8.83804543502781     
  0.830367629426870        8.95387703258230     
  0.831916822765353        9.07046274207650     
  0.833466016103836        9.18780256351041     
  0.835015209442319        9.30589649688404     
  0.836564402780802        9.42474454219737     
  0.838113596119285        9.54434669945041     
  0.839662789457768        9.66470296864317     
  0.841211982796251        9.78581334977564     
  0.842761176134734        9.90767784284781     
  0.844310369473217        10.0302964478597     
  0.845859562811700        10.1536691648113     
  0.847408756150183        10.2777959937026     
  0.848957949488666        10.4026769345336     
  0.850507142827149        10.5283119873044     
  0.852056336165632        10.6547011520148     
  0.853605529504115        10.7818444286649     
  0.855154722842598        10.9097418172548     
  0.856703916181081        11.0383933177844     
  0.858253109519564        11.1677989302537     
  0.859802302858047        11.2979586546626     
  0.861351496196530        11.4288724910114     
  0.862900689535013        11.5605404392998     
  0.864449882873495        11.6929624995279     
  0.865999076211978        11.8261386716957     
  0.867548269550461        11.9600689558033     
  0.869097462888944        12.0947533518505     
  0.870646656227427        12.2301918598375     
  0.872195849565910        9.90645488144887     
  0.873745042904393        9.78459793309664     
  0.875294236242876        9.66349509668413     
  0.876843429581359        9.54314637221133     
  0.878392622919842        9.42355175967824     
  0.879941816258325        9.30471125908486     
  0.881491009596808        9.18662487043119     
  0.883040202935291        9.06929259371723     
  0.884589396273774        8.95271442894298     
  0.886138589612257        8.83689037610844     
  0.887687782950740        8.72182043521361     
  0.889236976289223        8.60750460625849     
  0.890786169627706        8.49394288924309     
  0.892335362966189        8.38113528416739     
  0.893884556304672        8.26908179103141     
  0.895433749643155        8.15778240983513     
  0.896982942981638        8.04723714057857     
  0.898532136320121        7.93744598326172     
  0.900081329658604        7.82840893788457     
  0.901630522997087        7.72012600444714     
  0.903179716335570        7.61259718294942     
  0.904728909674053        7.50582247339141     
  0.906278103012536        7.39980187577311     
  0.907827296351019        7.29453539009452     
  0.909376489689502        7.19002301635564     
  0.910925683027984        7.08626475455647     
  0.912474876366468        6.98326060469701     
  0.914024069704950        6.88101056677726     
  0.915573263043433        6.77951464079723     
  0.917122456381916        6.67877282675690     
  0.918671649720399        6.57878512465629     
  0.920220843058882        6.47955153449538     
  0.921770036397365        6.38107205627418     
  0.923319229735848        6.28334668999270     
  0.924868423074331        6.18637543565093     
  0.926417616412814        6.09015829324886     
  0.927966809751297        5.99469526278651     
  0.929516003089780        5.89998634426387     
  0.931065196428263        5.80603153768094     
  0.932614389766746        5.71283084303772     
  0.934163583105229        5.62038426033421     
  0.935712776443712        5.52869178957041     
  0.937261969782195        5.43775343074632     
  0.938811163120678        5.34756918386195     
  0.940360356459161        5.25813904891728     
  0.941909549797644        5.16946302591232     
  0.943458743136127        5.08154111484708     
  0.945007936474610        4.99437331572154     
  0.946557129813093        4.90795962853571     
  0.948106323151576        4.82230005328960     
  0.949655516490059        4.73739458998320     
  0.951204709828542        4.65324323861650     
  0.952753903167025        4.56984599918952     
  0.954303096505508        4.48720287170225     
  0.955852289843991        4.40531385615469     
  0.957401483182474        4.32417895254684     
  0.958950676520956        4.24379816087870     
  0.960499869859439        4.16417148115027     
  0.962049063197922        4.08529891336155     
  0.963598256536405        4.00718045751254     
  0.965147449874888        3.92981611360324     
  0.966696643213371        3.85320588163366     
  0.968245836551854        3.77734976160378     
  0.969795029890337        3.70224775351361     
  0.971344223228820        3.62789985736316     
  0.972893416567303        3.55430607315241     
  0.974442609905786        3.48146640088138     
  0.975991803244269        3.40938084055006     
  0.977540996582752        3.33804939215844     
  0.979090189921235        3.26747205570654     
  0.980639383259718        3.19764883119435     
  0.982188576598201        3.12857971862187     
  0.983737769936684        3.06026471798910     
  0.985286963275167        2.99270382929604     
  0.986836156613650        2.92589705254269     
  0.988385349952133        2.85984438772905     
  0.989934543290616        2.79454583485512     
  0.991483736629099        2.73000139392090     
  0.993032929967582        2.66621106492640     
  0.994582123306065        2.60317484787160     
  0.996131316644548        2.54089274275651     
  0.997680509983031        2.47936474958114     
  0.999229703321514        2.41859086834547     
   1.00077889666000        2.35857109904952     
   1.00232808999848        2.29930544169328     
   1.00387728333696        2.24079389627674     
   1.00542647667545        2.18303646279992     
   1.00697567001393        2.12603314126281     
   1.00852486335241        2.06978393166541     
   1.01007405669089        2.01428883400772     
   1.01162325002938        1.95954784828974     
   1.01317244336786        1.90556097451147     
   1.01472163670634        1.85232821267291     
   1.01627083004483        1.79984956277406     
   1.01782002338331        1.74812502481493     
   1.01936921672179        1.69715459879550     
   1.02091841006028        1.64693828471578     
   1.02246760339876        1.59747608257578     
   1.02401679673724        1.54876799237548     
   1.02556599007572        1.50081401411490     
   1.02711518341421        1.45361414779402     
   1.02866437675269        1.40716839341286     
   1.03021357009117        1.36147675097141     
   1.03176276342966        1.31653922046967     
   1.03331195676814        1.27235580190764     
   1.03486115010662        1.22892649528532     
   1.03641034344510        1.18625130060270     
   1.03795953678359        1.14433021785981     
   1.03950873012207        1.10316324705662     
   1.04105792346055        1.06275038819314     
   1.04260711679904        1.02309164126937     
   1.04415631013752       0.984187006285313     
   1.04570550347600       0.946036483240966     
   1.04725469681449       0.908640072136330     
   1.04880389015297       0.871997772971405     
   1.05035308349145       0.836109585746190     
   1.05190227682993       0.800975510460686     
   1.05345147016842       0.766595547114892     
   1.05500066350690       0.732969695708810     
   1.05654985684538       0.700097956242437     
   1.05809905018387       0.667980328715775     
   1.05964824352235       0.636616813128824     
   1.06119743686083       0.606007409481583     
   1.06274663019932       0.576152117774054     
   1.06429582353780       0.547050938006234     
   1.06584501687628       0.518703870178125     
   1.06739421021476       0.491110914289727     
   1.06894340355325       0.464272070341040     
   1.07049259689173       0.438187338332062     
   1.07204179023021       0.412856718262796     
   1.07359098356870       0.388280210133240     
   1.07514017690718       0.364457813943395     
   1.07668937024566       0.341389529693261     
   1.07823856358414       0.319075357382837     
   1.07978775692263       0.297515297012123     
   1.08133695026111       0.276709348581121     
   1.08288614359959       0.256657512089829     
   1.08443533693808       0.237359787538247     
   1.08598453027656       0.218816174926376     
   1.08753372361504       0.201026674254216     
   1.08908291695353       0.183991285521766     
   1.09063211029201       0.167710008729027     
   1.09218130363049       0.152182843875998     
   1.09373049696897       0.137409790962680     
   1.09527969030746       0.123390849989073     
   1.09682888364594       0.110126020955176     
   1.09837807698442       9.761530386098959E-002
   1.09992727032291       8.585869870651394E-002
   1.10147646366139       7.485620549174889E-002
   1.10302565699987       6.460782421669443E-002
   1.10457485033836       5.511355488135057E-002
   1.10612404367684       4.637339748571730E-002
   1.10767323701532       3.838735202979463E-002
   1.10922243035380       3.115541851358255E-002
   1.11077162369229       2.467759693708108E-002
   1.11232081703077       1.895388730029020E-002
   1.11387001036925       1.398428960320992E-002
   1.11541920370774       9.768803845840229E-003
   1.11696839704622       6.307430028181132E-003
   1.11851759038470       3.600168150232631E-003
   1.12006678372319       1.647018211994725E-003
   1.12161597706167       4.479802134674149E-004
   1.12316517040015       3.054154650699807E-006
   1.12471436373863       3.122400355445798E-004
   1.12626355707712       1.375537856149055E-003
   1.12781275041560       3.192947616464126E-003
   1.12936194375408       5.764469316489791E-003
   1.13091113709257       9.090102956226051E-003
   1.13246033043105       1.316984853567290E-002
   1.13400952376953       1.800370605483035E-002
   1.13555871710801       2.359167551369840E-002
   1.13710791044650       2.993375691227703E-002
   1.13865710378498       3.702995025056627E-002
   1.14020629712346       4.488025552856611E-002
   1.14175549046195       5.348467274627654E-002
   1.14330468380043       6.284320190369756E-002
   1.14485387713891       7.295584300082919E-002
   1.14640307047740       8.382259603767141E-002
   1.14795226381588       9.544346101422423E-002
   1.14950145715436       0.107818437930488     
   1.15105065049284       0.120947526786462     
   1.15259984383133       0.134830727582146     
   1.15414903716981       0.149468040317541     
   1.15569823050829       0.164859464992647     
   1.15724742384678       0.181005001607463     
   1.15879661718526       0.197904650161990     
   1.16034581052374       0.215558410656228     
   1.16189500386223       0.233966283090176     
   1.16344419720071       0.253128267463835     
   1.16499339053919       0.273044363777204     
   1.16654258387767       0.293714572030284     
   1.16809177721616       0.315138892223075     
   1.16964097055464       0.337317324355576     
   1.17119016389312       0.360249868427787     
   1.17273935723161       0.383936524439710     
   1.17428855057009       0.408377292391342     
   1.17583774390857       0.433572172282686     
   1.17738693724705       0.459521164113740     
   1.17893613058554       0.486224267884505     
   1.18048532392402       0.513681483594980     
   1.18203451726250       0.541892811245166     
   1.18358371060099       0.570858250835063     
   1.18513290393947       0.600577802364670     
   1.18668209727795       0.631051465833988     
   1.18823129061644       0.662279241243016     
   1.18978048395492       0.694261128591755     
   1.19132967729340       0.726997127880205     
   1.19287887063188       0.760487239108365     
   1.19442806397037       0.794731462276235     
   1.19597725730885       0.829729797383817     
   1.19752645064733       0.865482244431109     
   1.19907564398582       0.901988803418111     
   1.20062483732430       0.939249474344824     
   1.20217403066278       0.977264257211248     
   1.20372322400127        1.01603315201738     
   1.20527241733975        1.05555615876323     
   1.20682161067823        1.09583327744878     
   1.20837080401671        1.13686450807405     
   1.20991999735520        1.17864985063903     
   1.21146919069368        1.22118930514371     
   1.21301838403216        1.26448287158811     
   1.21456757737065        1.30853054997222     
   1.21611677070913        1.35333234029604     
   1.21766596404761        1.39888824255957     
   1.21921515738609        1.44519825676281     
   1.22076435072458        1.49226238290576     
   1.22231354406306        1.54008062098842     
   1.22386273740154        1.58865297101079     
   1.22541193074003        1.63797943297288     
   1.22696112407851        1.68806000687467     
   1.22851031741699        1.73889469271617     
   1.23005951075548        1.79048349049739     
   1.23160870409396        1.84282640021831     
   1.23315789743244        1.89592342187895     
   1.23470709077092        1.94977455547929     
   1.23625628410941        2.00437980101935     
   1.23780547744789        2.05973915849912     
   1.23935467078637        2.11585262791860     
   1.24090386412486        2.17272020927779     
   1.24245305746334        2.23034190257669     
   1.24400225080182        2.28871770781529     
   1.24555144414031        2.34784762499362     
   1.24710063747879        2.40773165411165     
   1.24864983081727        2.46836979516939     
   1.25019902415575        2.52976204816684     
   1.25174821749424        2.59190841310400     
   1.25329741083272        2.65480888998088     
   1.25484660417120        2.71846347879746     
   1.25639579750969        2.78287217955376     
   1.25794499084817        2.84803499224976     
   1.25949418418665        2.91395191688548     
   1.26104337752514        2.98062295346090     
   1.26259257086362        3.04804810197604     
   1.26414176420210        3.11622736243089     
   1.26569095754058        3.18516073482545     
   1.26724015087907        3.25484821915972     
   1.26878934421755        3.32528981543369     
   1.27033853755603        3.39648552364738     
   1.27188773089452        3.46843534380079     
   1.27343692423300        3.54113927589390     
   1.27498611757148        3.61459731992672     
   1.27653531090996        3.68880947589925     
   1.27808450424845        3.76377574381149     
   1.27963369758693        3.83949612366345     
   1.28118289092541        3.91597061545511     
   1.28273208426390        3.99319921918649     
   1.28428127760238        4.07118193485757     
   1.28583047094086        4.14991876246837     
   1.28737966427935        4.22940970201888     
   1.28892885761783        4.30965475350909     
   1.29047805095631        4.39065391693902     
   1.29202724429479        4.47240719230866     
   1.29357643763328        4.55491457961801     
   1.29512563097176        4.63817607886707     
   1.29667482431024        4.72219169005584     
   1.29822401764873        4.80696141318432     
   1.29977321098721        4.89248524825251     
   1.30132240432569        4.97876319526041     
   1.30287159766418        5.06579525420803     
   1.30442079100266        5.15358142509535     
   1.30596998434114        5.24212170792238     
   1.30751917767962        5.33141610268913     
   1.30906837101811        5.42146460939558     
   1.31061756435659        5.51226722804175     
   1.31216675769507        5.60382395862762     
   1.31371595103356        5.69613480115321     
   1.31526514437204        5.78919975561851     
   1.31681433771052        5.88301882202352     
   1.31836353104900        5.97759200036823     
   1.31991272438749        6.07291929065266     
   1.32146191772597        6.16900069287680     
   1.32301111106445        6.26583620704065     
   1.32456030440294        6.36342583314422     
   1.32610949774142        6.46176957118749     
   1.32765869107990        6.56086742117047     
   1.32920788441839        6.66071938309316     
   1.33075707775687        6.76132545695557     
   1.33230627109535        6.86268564275768     
   1.33385546443383        6.96479994049950     
   1.33540465777232        7.06766835018104     
   1.33695385111080        7.17129087180228     
   1.33850304444928        7.27566750536324     
   1.34005223778777        7.38079825086391     
   1.34160143112625        7.48668310830429     
   1.34315062446473        7.59332207768437     
   1.34469981780322        7.70071515900417     
   1.34624901114170        7.80886235226368     
   1.34779820448018        7.91776365746290     
   1.34934739781866        8.02741907460183     
   1.35089659115715        8.13782860368047     
   1.35244578449563        8.24899224469883     
   1.35399497783411        8.36090999765689     
   1.35554417117260        8.47358186255466     
   1.35709336451108        8.58700783939215     
   1.35864255784956        8.70118792816934     
   1.36019175118804        8.81612212888624     
   1.36174094452653        8.93181044154286     
   1.36329013786501        9.04825286613919     
   1.36483933120349        9.16544940267522     
   1.36638852454198        9.28340005115097     
   1.36793771788046        9.40210481156643     
   1.36948691121894        9.52156368392160     
   1.37103610455743        9.64177666821647     
   1.37258529789591        9.76274376445106     
   1.37413449123439        7.90782203010880     
   1.37568368457287        7.79898935198858     
   1.37723287791136        7.69091078580808     
   1.37878207124984        7.58358633156729     
   1.38033126458832        7.47701598926621     
   1.38188045792681        7.37119975890484     
   1.38342965126529        7.26613764048319     
   1.38497884460377        7.16182963400124     
   1.38652803794226        7.05827573945900     
   1.38807723128074        6.95547595685647     
   1.38962642461922        6.85343028619366     
   1.39117561795770        6.75213872747055     
   1.39272481129619        6.65160128068716     
   1.39427400463467        6.55181794584347     
   1.39582319797315        6.45278872293950     
   1.39737239131164        6.35451361197524     
   1.39892158465012        6.25699261295068     
   1.40047077798860        6.16022572586584     
   1.40201997132708        6.06421295072071     
   1.40356916466557        5.96895428751529     
   1.40511835800405        5.87444973624958     
   1.40666755134253        5.78069929692358     
   1.40821674468102        5.68770296953729     
   1.40976593801950        5.59546075409071     
   1.41131513135798        5.50397265058385     
   1.41286432469647        5.41323865901669     
   1.41441351803495        5.32325877938924     
   1.41596271137343        5.23403301170151     
   1.41751190471191        5.14556135595348     
   1.41906109805040        5.05784381214517     
   1.42061029138888        4.97088038027656     
   1.42215948472736        4.88467106034767     
   1.42370867806585        4.79921585235849     
   1.42525787140433        4.71451475630901     
   1.42680706474281        4.63056777219925     
   1.42835625808130        4.54737490002920     
   1.42990545141978        4.46493613979886     
   1.43145464475826        4.38325149150823     
   1.43300383809674        4.30232095515731     
   1.43455303143523        4.22214453074610     
   1.43610222477371        4.14272221827460     
   1.43765141811219        4.06405401774282     
   1.43920061145068        3.98613992915074     
   1.44074980478916        3.90897995249837     
   1.44229899812764        3.83257408778572     
   1.44384819146613        3.75692233501277     
   1.44539738480461        3.68202469417954     
   1.44694657814309        3.60788116528601     
   1.44849577148157        3.53449174833220     
   1.45004496482006        3.46185644331810     
   1.45159415815854        3.38997525024371     
   1.45314335149702        3.31884816910902     
   1.45469254483551        3.24847519991405     
   1.45624173817399        3.17885634265879     
   1.45779093151247        3.10999159734324     
   1.45934012485095        3.04188096396740     
   1.46088931818944        2.97452444253127     
   1.46243851152792        2.90792203303486     
   1.46398770486640        2.84207373547815     
   1.46553689820489        2.77697954986115     
   1.46708609154337        2.71263947618387     
   1.46863528488185        2.64905351444629     
   1.47018447822034        2.58622166464843     
   1.47173367155882        2.52414392679027     
   1.47328286489730        2.46282030087183     
   1.47483205823578        2.40225078689309     
   1.47638125157427        2.34243538485407     
   1.47793044491275        2.28337409475476     
   1.47947963825123        2.22506691659516     
   1.48102883158972        2.16751385037527     
   1.48257802492820        2.11071489609509     
   1.48412721826668        2.05467005375462     
   1.48567641160517        1.99937932335386     
   1.48722560494365        1.94484270489281     
   1.48877479828213        1.89106019837147     
   1.49032399162061        1.83803180378985     
   1.49187318495910        1.78575752114793     
   1.49342237829758        1.73423735044572     
   1.49497157163606        1.68347129168323     
   1.49652076497455        1.63345934486044     
   1.49806995831303        1.58420150997737     
   1.49961915165151        1.53569778703400     
   1.50116834498999        1.48794817603035     
   1.50271753832848        1.44095267696641     
   1.50426673166696        1.39471128984218     
   1.50581592500544        1.34922401465766     
   1.50736511834393        1.30449085141285     
   1.50891431168241        1.26051180010775     
   1.51046350502089        1.21728686074236     
   1.51201269835938        1.17481603331668     
   1.51356189169786        1.13309931783071     
   1.51511108503634        1.09213671428445     
   1.51666027837482        1.05192822267790     
   1.51820947171331        1.01247384301107     
   1.51975866505179       0.973773575283943     
   1.52130785839027       0.935827419496527     
   1.52285705172876       0.898635375648823     
   1.52440624506724       0.862197443740829     
   1.52595543840572       0.826513623772545     
   1.52750463174421       0.791583915743973     
   1.52905382508269       0.757408319655110     
   1.53060301842117       0.723986835505959     
   1.53215221175965       0.691319463296518     
   1.53370140509814       0.659406203026787     
   1.53525059843662       0.628247054696767     
   1.53679979177510       0.597842018306458     
   1.53834898511359       0.568191093855860     
   1.53989817845207       0.539294281344971     
   1.54144737179055       0.511151580773794     
   1.54299656512903       0.483762992142327     
   1.54454575846752       0.457128515450571     
   1.54609495180600       0.431248150698525     
   1.54764414514448       0.406121897886190     
   1.54919333848297       0.381749757013566     
   1.55074253182145       0.358131728080652     
   1.55229172515993       0.335267811087449     
   1.55384091849842       0.313158006033956     
   1.55539011183690       0.291802312920175     
   1.55693930517538       0.271200731746103     
   1.55848849851386       0.251353262511742     
   1.56003769185235       0.232259905217092     
   1.56158688519083       0.213920659862153     
   1.56313607852931       0.196335526446923     
   1.56468527186780       0.179504504971405     
   1.56623446520628       0.163427595435597     
   1.56778365854476       0.148104797839500     
   1.56933285188325       0.133536112183113     
   1.57088204522173       0.119721538466437     
   1.57243123856021       0.106661076689472     
   1.57398043189869       9.435472685221692E-002
   1.57552962523718       8.280248895467263E-002
   1.57707881857566       7.200436299683892E-002
   1.57862801191414       6.196034897871582E-002
   1.58017720525263       5.267044690030332E-002
   1.58172639859111       4.413465676160141E-002
   1.58327559192959       3.635297856261009E-002
   1.58482478526808       2.932541230332938E-002
   1.58637397860656       2.305195798375926E-002
   1.58792317194504       1.753261560389974E-002
   1.58947236528352       1.276738516375081E-002
   1.59102155862201       8.756266663312478E-003
   1.59257075196049       5.499260102584737E-003
   1.59411994529897       2.996365481567593E-003
   1.59566913863746       1.247582800261044E-003
   1.59721833197594       2.529120586650907E-004
   1.59876752531442       1.235325677973214E-005
   1.60031671865290       5.259063946049686E-004
   1.60186591199139       1.793571472140801E-003
   1.60341510532987       3.815348489387227E-003
   1.60496429866835       6.591237446344250E-003
   1.60651349200684       1.012123834301186E-002
   1.60806268534532       1.440535117939007E-002
   1.60961187868380       1.944357595547888E-002
   1.61116107202229       2.523591267127828E-002
   1.61271026536077       3.178236132678828E-002
   1.61425945869925       3.908292192200887E-002
   1.61580865203773       4.713759445694007E-002
   1.61735784537622       5.594637893158185E-002
   1.61890703871470       6.550927534593423E-002
   1.62045623205318       7.582628369999722E-002
   1.62200542539167       8.689740399377079E-002
   1.62355461873015       9.872263622725497E-002
   1.62510381206863       0.111301980400450     
   1.62665300540712       0.124635436513355     
   1.62820219874560       0.138723004565971     
   1.62975139208408       0.153564684558297     
   1.63130058542256       0.169160476490335     
   1.63284977876105       0.185510380362082     
   1.63439897209953       0.202614396173541     
   1.63594816543801       0.220472523924710     
   1.63749735877650       0.239084763615589     
   1.63904655211498       0.258451115246179     
   1.64059574545346       0.278571578816480     
   1.64214493879194       0.299446154326491     
   1.64369413213043       0.321074841776213     
   1.64524332546891       0.343457641165645     
   1.64679251880739       0.366594552494788     
   1.64834171214588       0.390485575763642     
   1.64989090548436       0.415130710972206     
   1.65144009882284       0.440529958120481     
   1.65298929216133       0.466683317208467     
   1.65453848549981       0.493590788236163     
   1.65608767883829       0.521252371203570     
   1.65763687217677       0.549668066110687     
   1.65918606551526       0.578837872957515     
   1.66073525885374       0.608761791744053     
   1.66228445219222       0.639439822470302     
   1.66383364553071       0.670871965136262     
   1.66538283886919       0.703058219741932     
   1.66693203220767       0.735998586287313     
   1.66848122554616       0.769693064772405     
   1.67003041888464       0.804141655197207     
   1.67157961222312       0.839344357561720     
   1.67312880556160       0.875301171865943     
   1.67467799890009       0.912012098109877     
   1.67622719223857       0.949477136293521     
   1.67777638557705       0.987696286416876     
   1.67932557891554        1.02666954847994     
   1.68087477225402        1.06639692248272     
   1.68242396559250        1.10687840842521     
   1.68397315893098        1.14811400630740     
   1.68552235226947        1.19010371612931     
   1.68707154560795        1.23284753789093     
   1.68862073894643        1.27634547159226     
   1.69016993228492        1.32059751723330     
   1.69171912562340        1.36560367481405     
   1.69326831896188        1.41136394433451     
   1.69481751230037        1.45787832579468     
   1.69636670563885        1.50514681919456     
   1.69791589897733        1.55316942453416     
   1.69946509231581        1.60194614181346     
   1.70101428565430        1.65147697103247     
   1.70256347899278        1.70176191219120     
   1.70411267233126        1.75280096528963     
   1.70566186566975        1.80459413032778     
   1.70721105900823        1.85714140730564     
   1.70876025234671        1.91044279622320     
   1.71030944568520        1.96449829708048     
   1.71185863902368        2.01930790987747     
   1.71340783236216        2.07487163461417     
   1.71495702570064        2.13118947129058     
   1.71650621903913        2.18826141990670     
   1.71805541237761        2.24608748046253     
   1.71960460571609        2.30466765295807     
   1.72115379905458        2.36400193739332     
   1.72270299239306        2.42409033376828     
   1.72425218573154        2.48493284208296     
   1.72580137907003        2.54652946233734     
   1.72735057240851        2.60888019453144     
   1.72889976574699        2.67198503866524     
   1.73044895908547        2.73584399473876     
   1.73199815242396        2.80045706275198     
   1.73354734576244        2.86582424270492     
   1.73509653910092        2.93194553459757     
   1.73664573243941        2.99882093842992     
   1.73819492577789        3.06645045420199     
   1.73974411911637        3.13483408191377     
   1.74129331245485        3.20397182156526     
   1.74284250579334        3.27386367315646     
   1.74439169913182        3.34450963668737     
   1.74594089247030        3.41590971215799     
   1.74749008580879        3.48806389956833     
   1.74903927914727        3.56097219891837     
   1.75058847248575        3.63463461020812     
   1.75213766582424        3.70905113343759     
   1.75368685916272        3.78422176860676     
   1.75523605250120        3.86014651571564     
   1.75678524583968        3.93682537476424     
   1.75833443917817        4.01425834575255     
   1.75988363251665        4.09244542868056     
   1.76143282585513        4.17138662354829     
   1.76298201919362        4.25108193035573     
   1.76453121253210        4.33153134910288     
   1.76608040587058        4.41273487978974     
   1.76762959920907        4.49469252241631     
   1.76917879254755        4.57740427698259     
   1.77072798588603        4.66087014348858     
   1.77227717922451        4.74509012193428     
   1.77382637256300        4.83006421231969     
   1.77537556590148        4.91579241464481     
   1.77692475923996        5.00227472890965     
   1.77847395257845        5.08951115511419     
   1.78002314591693        5.17750169325845     
   1.78157233925541        5.26624634334241     
   1.78312153259389        5.35574510536609     
   1.78467072593238        5.44599797932947     
   1.78621991927086        5.53700496523257     
   1.78776911260934        5.62876606307538     
   1.78931830594783        5.72128127285790     
   1.79086749928631        5.81455059458013     
   1.79241669262479        5.90857402824206     
   1.79396588596328        6.00335157384372     
   1.79551507930176        6.09888323138508     
   1.79706427264024        6.19516900086615     
   1.79861346597872        6.29220888228693     
   1.80016265931721        6.39000287564742     
   1.80171185265569        6.48855098094762     
   1.80326104599417        6.58785319818754     
   1.80481023933266        6.68790952736716     
   1.80635943267114        6.78871996848650     
   1.80790862600962        6.89028452154554     
   1.80945781934811        6.99260318654430     
   1.81100701268659        7.09567596348276     
   1.81255620602507        7.19950285236094     
   1.81410539936355        7.30408385317883     
   1.81565459270204        7.40941896593643     
   1.81720378604052        7.51550819063374     
   1.81875297937900        7.62235152727076     
   1.82030217271749        7.72994897584749     
   1.82185136605597        7.83830053636393     
   1.82340055939445        6.34902309795704     
   1.82494975273294        6.25154440168240     
   1.82649894607142        6.15481981734747     
   1.82804813940990        6.05884934495225     
   1.82959733274838        5.96363298449675     
   1.83114652608687        5.86917073598095     
   1.83269571942535        5.77546259940487     
   1.83424491276383        5.68250857476850     
   1.83579410610232        5.59030866207183     
   1.83734329944080        5.49886286131488     
   1.83889249277928        5.40817117249764     
   1.84044168611776        5.31823359562011     
   1.84199087945625        5.22905013068229     
   1.84354007279473        5.14062077768418     
   1.84508926613321        5.05294553662578     
   1.84663845947170        4.96602440750709     
   1.84818765281018        4.87985739032811     
   1.84973684614866        4.79444448508884     
   1.85128603948715        4.70978569178928     
   1.85283523282563        4.62588101042944     
   1.85438442616411        4.54273044100930     
   1.85593361950259        4.46033398352887     
   1.85748281284108        4.37869163798816     
   1.85903200617956        4.29780340438715     
   1.86058119951804        4.21766928272586     
   1.86213039285653        4.13828927300428     
   1.86367958619501        4.05966337522241     
   1.86522877953349        3.98179158938024     
   1.86677797287198        3.90467391547779     
   1.86832716621046        3.82831035351505     
   1.86987635954894        3.75270090349202     
   1.87142555288742        3.67784556540870     
   1.87297474622591        3.60374433926509     
   1.87452393956439        3.53039722506119     
   1.87607313290287        3.45780422279701     
   1.87762232624136        3.38596533247253     
   1.87917151957984        3.31488055408776     
   1.88072071291832        3.24454988764271     
   1.88226990625680        3.17497333313736     
   1.88381909959529        3.10615089057173     
   1.88536829293377        3.03808255994580     
   1.88691748627225        2.97076834125959     
   1.88846667961074        2.90420823451309     
   1.89001587294922        2.83840223970630     
   1.89156506628770        2.77335035683921     
   1.89311425962619        2.70905258591184     
   1.89466345296467        2.64550892692418     
   1.89621264630315        2.58271937987623     
   1.89776183964163        2.52068394476799     
   1.89931103298012        2.45940262159946     
   1.90086022631860        2.39887541037065     
   1.90240941965708        2.33910231108154     
   1.90395861299557        2.28008332373214     
   1.90550780633405        2.22181844832246     
   1.90705699967253        2.16430768485248     
   1.90860619301102        2.10755103332221     
   1.91015538634950        2.05154849373166     
   1.91170457968798        1.99630006608082     
   1.91325377302646        1.94180575036968     
   1.91480296636495        1.88806554659826     
   1.91635215970343        1.83507945476655     
   1.91790135304191        1.78284747487455     
   1.91945054638040        1.73136960692226     
   1.92099973971888        1.68064585090967     
   1.92254893305736        1.63067620683681     
   1.92409812639584        1.58146067470365     
   1.92564731973433        1.53299925451020     
   1.92719651307281        1.48529194625646     
   1.92874570641129        1.43833874994243     
   1.93029489974978        1.39213966556812     
   1.93184409308826        1.34669469313351     
   1.93339328642674        1.30200383263861     
   1.93494247976523        1.25806708408343     
   1.93649167310371        1.21488444746795     
   1.93804086644219        1.17245592279219     
   1.93959005978067        1.13078151005614     
   1.94113925311916        1.08986120925979     
   1.94268844645764        1.04969502040316     
   1.94423763979612        1.01028294348624     
   1.94578683313461       0.971624978509031     
   1.94733602647309       0.933721125471531     
   1.94888521981157       0.896571384373741     
   1.95043441315006       0.860175755215662     
   1.95198360648854       0.824534237997294     
   1.95353279982702       0.789646832718636     
   1.95508199316550       0.755513539379689     
   1.95663118650399       0.722134357980452     
   1.95818037984247       0.689509288520926     
   1.95972957318095       0.657638331001111     
   1.96127876651944       0.626521485421006     
   1.96282795985792       0.596158751780612     
   1.96437715319640       0.566550130079928     
   1.96592634653488       0.537695620318955     
   1.96747553987337       0.509595222497693     
   1.96902473321185       0.482248936616141     
   1.97057392655033       0.455656762674300     
   1.97212311988882       0.429818700672169     
   1.97367231322730       0.404734750609750     
   1.97522150656578       0.380404912487040     
   1.97677069990427       0.356829186304042     
   1.97831989324275       0.334007572060754     
   1.97986908658123       0.311940069757176     
   1.98141827991971       0.290626679393309     
   1.98296747325820       0.270067400969153     
   1.98451666659668       0.250262234484707     
   1.98606585993516       0.231211179939972     
   1.98761505327365       0.212914237334947     
   1.98916424661213       0.195371406669633     
   1.99071343995061       0.178582687944030     
   1.99226263328910       0.162548081158137     
   1.99381182662758       0.147267586311955     
   1.99536101996606       0.132741203405484     
   1.99691021330454       0.118968932438723     
   1.99845940664303       0.105950773411672     
   2.00000859998151       9.368672632433231E-002
   2.00155779331999       8.217679117670310E-002
   2.00310698665848       7.142096796878446E-002
   2.00465617999696       6.141925670057643E-002
   2.00620537333544       5.217165737207898E-002
   2.00775456667392       4.367816998329214E-002
   2.00930376001241       3.593879453421589E-002
   2.01085295335089       2.895353102485024E-002
   2.01240214668937       2.272237945519519E-002
   2.01395134002786       1.724533982525074E-002
   2.01550053336634       1.252241213501688E-002
   2.01704972670482       8.553596384493612E-003
   2.01859892004331       5.338892573680939E-003
   2.02014811338179       2.878300702578862E-003
   2.02169730672027       1.171820771187380E-003
   2.02324650005875       2.194527795064936E-004
   2.02479569339724       2.119672753620228E-005
   2.02634488673572       5.770526152765061E-004
   2.02789408007420       1.887020442727405E-003
   2.02944327341269       3.951100209888900E-003
   2.03099246675117       6.769291916760989E-003
   2.03254166008965       1.034159556334367E-002
   2.03409085342814       1.466801114963695E-002
   2.03564004676662       1.974853867564082E-002
   2.03718924010510       2.558317814135529E-002
   2.03873843344358       3.217192954678037E-002
   2.04028762678207       3.951479289191603E-002
   2.04183682012055       4.761176817676229E-002
   2.04338601345903       5.646285540131914E-002
   2.04493520679752       6.606805456558661E-002
   2.04648440013600       7.642736566956465E-002
   2.04803359347448       8.754078871325330E-002
   2.04958278681297       9.940832369665253E-002
   2.05113198015145       0.112029970619762     
   2.05268117348993       0.125405729482583     
   2.05423036682841       0.139535600285114     
   2.05577956016690       0.154419583027355     
   2.05732875350538       0.170057677709308     
   2.05887794684386       0.186449884330970     
   2.06042714018235       0.203596202892344     
   2.06197633352083       0.221496633393428     
   2.06352552685931       0.240151175834222     
   2.06507472019779       0.259559830214727     
   2.06662391353628       0.279722596534943     
   2.06817310687476       0.300639474794869     
   2.06972230021324       0.322310464994506     
   2.07127149355173       0.344735567133854     
   2.07282068689021       0.367914781212912     
   2.07436988022869       0.391848107231681     
   2.07591907356718       0.416535545190160     
   2.07746826690566       0.441977095088350     
   2.07901746024414       0.468172756926251     
   2.08056665358262       0.495122530703862     
   2.08211584692111       0.522826416421184     
   2.08366504025959       0.551284414078216     
   2.08521423359807       0.580496523674959     
   2.08676342693656       0.610462745211413     
   2.08831262027504       0.641183078687577     
   2.08986181361352       0.672657524103452     
   2.09141100695201       0.704886081459037     
   2.09296020029049       0.737868750754333     
   2.09450939362897       0.771605531989340     
   2.09605858696745       0.806096425164057     
   2.09760778030594       0.841341430278485     
   2.09915697364442       0.877340547332623     
   2.10070616698290       0.914093776326472     
   2.10225536032139       0.951601117260031     
   2.10380455365987       0.989862570133302     
   2.10535374699835        1.02887813494628     
   2.10690294033683        1.06864781169897     
   2.10845213367532        1.10917160039138     
   2.11000132701380        1.15044950102349     
   2.11155052035228        1.19248151359531     
   2.11309971369077        1.23526763810685     
   2.11464890702925        1.27880787455809     
   2.11619810036773        1.32310222294904     
   2.11774729370622        1.36815068327971     
   2.11929648704470        1.41395325555009     
   2.12084568038318        1.46050993976017     
   2.12239487372166        1.50782073590997     
   2.12394406706015        1.55588564399948     
   2.12549326039863        1.60470466402870     
   2.12704245373711        1.65427779599763     
   2.12859164707560        1.70460503990627     
   2.13014084041408        1.75568639575462     
   2.13169003375256        1.80752186354268     
   2.13323922709105        1.86011144327045     
   2.13478842042953        1.91345513493793     
   2.13633761376801        1.96755293854512     
   2.13788680710649        2.02240485409203     
   2.13943600044498        2.07801088157864     
   2.14098519378346        2.13437102100497     
   2.14253438712194        2.19148527237100     
   2.14408358046043        2.24935363567675     
   2.14563277379891        2.30797611092220     
   2.14718196713739        2.36735269810737     
   2.14873116047587        2.42748339723225     
   2.15028035381436        2.48836820829684     
   2.15182954715284        2.55000713130113     
   2.15337874049132        2.61240016624514     
   2.15492793382981        2.67554731312886     
   2.15647712716829        2.73944857195229     
   2.15802632050677        2.80410394271544     
   2.15957551384526        2.86951342541829     
   2.16112470718374        2.93567702006085     
   2.16267390052222        3.00259472664312     
   2.16422309386070        3.07026654516511     
   2.16577228719919        3.13869247562680     
   2.16732148053767        3.20787251802820     
   2.16887067387615        3.27780667236932     
   2.17041986721464        3.34849493865015     
   2.17196906055312        3.41993731687068     
   2.17351825389160        3.49213380703093     
   2.17506744723009        3.56508440913089     
   2.17661664056857        3.63878912317056     
   2.17816583390705        3.71324794914993     
   2.17971502724553        3.78846088706902     
   2.18126422058402        3.86442793692782     
   2.18281341392250        3.94114909872633     
   2.18436260726098        4.01862437246456     
   2.18591180059947        4.09685375814249     
   2.18746099393795        4.17583725576013     
   2.18901018727643        4.25557486531748     
   2.19055938061492        4.33606658681455     
   2.19210857395340        4.41731242025132     
   2.19365776729188        4.49931236562781     
   2.19520696063036        4.58206642294400     
   2.19675615396885        4.66557459219991     
   2.19830534730733        4.74983687339552     
   2.19985454064581        4.83485326653085     
   2.20140373398430        4.92062377160589     
   2.20295292732278        5.00714838862064     
   2.20450212066126        5.09442711757510     
   2.20605131399974        5.18245995846927     
   2.20760050733823        5.27124691130315     
   2.20914970067671        5.36078797607674     
   2.21069889401519        5.45108315279004     
   2.21224808735368        5.54213244144305     
   2.21379728069216        5.63393584203577     
   2.21534647403064        5.72649335456821     
   2.21689566736913        5.81980497904035     
   2.21844486070761        5.91387071545221     
   2.21999405404609        6.00869056380377     
   2.22154324738457        6.10426452409505     
   2.22309244072306        6.20059259632603     
   2.22464163406154        5.02247973683300     
   2.22619082740002        4.93582217972851     
   2.22774002073851        4.84991873456373     
   2.22928921407699        4.76476940133867     
   2.23083840741547        4.68037418005331     
   2.23238760075396        4.59673307070767     
   2.23393679409244        4.51384607330173     
   2.23548598743092        4.43171318783551     
   2.23703518076940        4.35033441430899     
   2.23858437410789        4.26970975272219     
   2.24013356744637        4.18983920307510     
   2.24168276078485        4.11072276536771     
   2.24323195412334        4.03236043960004     
   2.24478114746182        3.95475222577208     
   2.24633034080030        3.87789812388383     
   2.24787953413878        3.80179813393529     
   2.24942872747727        3.72645225592647     
   2.25097792081575        3.65186048985735     
   2.25252711415423        3.57802283572794     
   2.25407630749272        3.50493929353824     
   2.25562550083120        3.43260986328825     
   2.25717469416968        3.36103454497798     
   2.25872388750817        3.29021333860741     
   2.26027308084665        3.22014624417656     
   2.26182227418513        3.15083326168542     
   2.26337146752361        3.08227439113398     
   2.26492066086210        3.01446963252226     
   2.26646985420058        2.94741898585025     
   2.26801904753906        2.88112245111795     
   2.26956824087755        2.81558002832535     
   2.27111743421603        2.75079171747247     
   2.27266662755451        2.68675751855930     
   2.27421582089300        2.62347743158584     
   2.27576501423148        2.56095145655210     
   2.27731420756996        2.49917959345806     
   2.27886340090844        2.43816184230373     
   2.28041259424693        2.37789820308911     
   2.28196178758541        2.31838867581421     
   2.28351098092389        2.25963326047901     
   2.28506017426238        2.20163195708353     
   2.28660936760086        2.14438476562775     
   2.28815856093934        2.08789168611169     
   2.28970775427783        2.03215271853533     
   2.29125694761631        1.97716786289869     
   2.29280614095479        1.92293711920176     
   2.29435533429327        1.86946048744454     
   2.29590452763176        1.81673796762703     
   2.29745372097024        1.76476955974923     
   2.29900291430872        1.71355526381114     
   2.30055210764721        1.66309507981276     
   2.30210130098569        1.61338900775409     
   2.30365049432417        1.56443704763513     
   2.30519968766265        1.51623919945589     
   2.30674888100114        1.46879546321635     
   2.30829807433962        1.42210583891652     
   2.30984726767810        1.37617032655641     
   2.31139646101659        1.33098892613600     
   2.31294565435507        1.28656163765531     
   2.31449484769355        1.24288846111432     
   2.31604404103204        1.19996939651305     
   2.31759323437052        1.15780444385149     
   2.31914242770900        1.11639360312964     
   2.32069162104748        1.07573687434749     
   2.32224081438597        1.03583425750506     
   2.32379000772445       0.996685752602344     
   2.32533920106293       0.958291359639335     
   2.32688839440142       0.920651078616036     
   2.32843758773990       0.883764909532448     
   2.32998678107838       0.847632852388570     
   2.33153597441687       0.812254907184403     
   2.33308516775535       0.777631073919946     
   2.33463436109383       0.743761352595200     
   2.33618355443231       0.710645743210165     
   2.33773274777080       0.678284245764840     
   2.33928194110928       0.646676860259226     
   2.34083113444776       0.615823586693323     
   2.34238032778625       0.585724425067130     
   2.34392952112473       0.556379375380647     
   2.34547871446321       0.527788437633876     
   2.34702790780169       0.499951611826815     
   2.34857710114018       0.472868897959464     
   2.35012629447866       0.446540296031824     
   2.35167548781714       0.420965806043895     
   2.35322468115563       0.396145427995676     
   2.35477387449411       0.372079161887168     
   2.35632306783259       0.348767007718371     
   2.35787226117108       0.326208965489284     
   2.35942145450956       0.304405035199907     
   2.36097064784804       0.283355216850242     
   2.36251984118652       0.263059510440287     
   2.36406903452501       0.243517915970042     
   2.36561822786349       0.224730433439508     
   2.36716742120197       0.206697062848685     
   2.36871661454046       0.189417804197572     
   2.37026580787894       0.172892657486170     
   2.37181500121742       0.157121622714479     
   2.37336419455591       0.142104699882498     
   2.37491338789439       0.127841888990227     
   2.37646258123287       0.114333190037668     
   2.37801177457135       0.101578603024818     
   2.37956096790984       8.957812795167992E-002
   2.38111016124832       7.833176481825195E-002
   2.38265935458680       6.783951362453457E-002
   2.38420854792529       5.810137437052778E-002
   2.38575774126377       4.911734705623159E-002
   2.38730693460225       4.088743168164600E-002
   2.38885612794073       3.341162824677100E-002
   2.39040532127922       2.668993675160659E-002
   2.39195451461770       2.072235719615279E-002
   2.39350370795618       1.550888958040958E-002
   2.39505290129467       1.104953390437697E-002
   2.39660209463315       7.344290168054953E-003
   2.39815128797163       4.393158371443529E-003
   2.39970048131012       2.196138514542700E-003
   2.40124967464860       7.532305973524653E-004
   2.40279886798708       6.443461987282660E-005
   2.40434806132556       1.297505821037830E-004
   2.40589725466405       9.491784840453345E-004
   2.40744644800253       2.522718325697481E-003
   2.40899564134101       4.850370107060223E-003
   2.41054483467950       7.932133828133561E-003
   2.41209402801798       1.176800948891749E-002
   2.41364322135646       1.635799708941202E-002
   2.41519241469495       2.170209662961714E-002
   2.41674160803343       2.780030810953286E-002
   2.41829080137191       3.465263152915917E-002
   2.41983999471039       4.225906688849609E-002
   2.42138918804888       5.061961418754359E-002
   2.42293838138736       5.973427342630170E-002
   2.42448757472584       6.960304460477040E-002
   2.42603676806433       8.022592772294970E-002
   2.42758596140281       9.160292278083959E-002
   2.42913515474129       0.103734029778440     
   2.43068434807978       0.116619248715751     
   2.43223354141826       0.130258579592773     
   2.43378273475674       0.144652022409505     
   2.43533192809522       0.159799577165948     
   2.43688112143371       0.175701243862101     
   2.43843031477219       0.192357022497965     
   2.43997950811067       0.209766913073540     
   2.44152870144916       0.227930915588825     
   2.44307789478764       0.246849030043821     
   2.44462708812612       0.266521256438527     
   2.44617628146460       0.286947594772944     
   2.44772547480309       0.308128045047072     
   2.44927466814157       0.330062607260910     
   2.45082386148005       0.352751281414459     
   2.45237305481854       0.376194067507718     
   2.45392224815702       0.400390965540688     
   2.45547144149550       0.425341975513369     
   2.45702063483399       0.451047097425760     
   2.45856982817247       0.477506331277862     
   2.46011902151095       0.504719677069674     
   2.46166821484943       0.532687134801197     
   2.46321740818792       0.561408704472431     
   2.46476660152640       0.590884386083375     
   2.46631579486488       0.621114179634030     
   2.46786498820337       0.652098085124396     
   2.46941418154185       0.683836102554472     
   2.47096337488033       0.716328231924258     
   2.47251256821882       0.749574473233755     
   2.47406176155730       0.783574826482963     
   2.47561095489578       0.818329291671882     
   2.47716014823426       0.853837868800511     
   2.47870934157275       0.890100557868850     
   2.48025853491123       0.927117358876901     
   2.48180772824971       0.964888271824662     
   2.48335692158820        1.00341329671213     
   2.48490611492668        1.04269243353931     
   2.48645530826516        1.08272568230621     
   2.48800450160364        1.12351304301281     
   2.48955369494213        1.16505451565912     
   2.49110288828061        1.20735010024515     
   2.49265208161909        1.25039979677088     
   2.49420127495758        1.29420360523633     
   2.49575046829606        1.33876152564149     
   2.49729966163454        1.38407355798635     
   2.49884885497303        1.43013970227093     
   2.50039804831151        1.47695995849522     
   2.50194724164999        1.52453432665922     
   2.50349643498847        1.57286280676293     
   2.50504562832696        1.62194539880635     
   2.50659482166544        1.67178210278948     
   2.50814401500392        1.72237291871232     
   2.50969320834241        1.77371784657487     
   2.51124240168089        1.82581688637713     
   2.51279159501937        1.87867003811910     
   2.51434078835786        1.93227730180079     
   2.51588998169634        1.98663867742218     
   2.51743917503482        2.04175416498329     
   2.51898836837330        2.09762376448410     
   2.52053756171179        2.15424747592463     
   2.52208675505027        2.21162529930486     
   2.52363594838875        2.26975723462481     
   2.52518514172724        2.32864328188447     
   2.52673433506572        2.38828344108384     
   2.52828352840420        2.44867771222291     
   2.52983272174269        2.50982609530170     
   2.53138191508117        2.57172859032020     
   2.53293110841965        2.63438519727841     
   2.53448030175813        2.69779591617634     
   2.53602949509662        2.76196074701397     
   2.53757868843510        2.82687968979131     
   2.53912788177358        2.89255274450836     
   2.54067707511207        2.95897991116513     
   2.54222626845055        3.02616118976160     
   2.54377546178903        3.09409658029779     
   2.54532465512751        3.16278608277368     
   2.54687384846600        3.23222969718929     
   2.54842304180448        3.30242742354460     
   2.54997223514296        3.37337926183963     
   2.55152142848145        3.44508521207437     
   2.55307062181993        3.51754527424882     
   2.55461981515841        3.59075944836298     
   2.55616900849690        3.66472773441685     
   2.55771820183538        3.73945013241043     
   2.55926739517386        3.81492664234372     
   2.56081658851234        3.89115726421672     
   2.56236578185083        3.96814199802943     
   2.56391497518931        4.04588084378185     
   2.56546416852779        4.12437380147399     
   2.56701336186628        4.20362087110583     
   2.56856255520476        4.28362205267738     
   2.57011174854324        4.36437734618865     
   2.57166094188173        4.44588675163962     
   2.57321013522021        4.52815026903031     
   2.57475932855869        4.61116789836071     
   2.57630852189717        4.69493963963081     
   2.57785771523566        4.77946549284063     
   2.57940690857414        4.86474545799016     
   2.58095610191262        4.95077953507940     
   2.58250529525111        4.01013121087759     
   2.58405448858959        3.93273824915517     
   2.58560368192807        3.85609939937245     
   2.58715287526655        3.78021466152945     
   2.58870206860504        3.70508403562615     
   2.59025126194352        3.63070752166257     
   2.59180045528200        3.55708511963869     
   2.59334964862049        3.48421682955453     
   2.59489884195897        3.41210265141008     
   2.59644803529745        3.34074258520534     
   2.59799722863594        3.27013663094031     
   2.59954642197442        3.20028478861498     
   2.60109561531290        3.13118705822937     
   2.60264480865138        3.06284343978347     
   2.60419400198987        2.99525393327729     
   2.60574319532835        2.92841853871081     
   2.60729238866683        2.86233725608404     
   2.60884158200532        2.79701008539698     
   2.61039077534380        2.73243702664964     
   2.61193996868228        2.66861807984200     
   2.61348916202077        2.60555324497408     
   2.61503835535925        2.54324252204586     
   2.61658754869773        2.48168591105736     
   2.61813674203621        2.42088341200856     
   2.61968593537470        2.36083502489948     
   2.62123512871318        2.30154074973011     
   2.62278432205166        2.24300058650045     
   2.62433351539015        2.18521453521050     
   2.62588270872863        2.12818259586026     
   2.62743190206711        2.07190476844973     
   2.62898109540559        2.01638105297891     
   2.63053028874408        1.96161144944780     
   2.63207948208256        1.90759595785640     
   2.63362867542104        1.85433457820471     
   2.63517786875953        1.80182731049274     
   2.63672706209801        1.75007415472047     
   2.63827625543649        1.69907511088792     
   2.63982544877498        1.64883017899507     
   2.64137464211346        1.59933935904194     
   2.64292383545194        1.55060265102851     
   2.64447302879042        1.50262005495480     
   2.64602222212891        1.45539157082080     
   2.64757141546739        1.40891719862650     
   2.64912060880587        1.36319693837192     
   2.65066980214436        1.31823079005705     
   2.65221899548284        1.27401875368189     
   2.65376818882132        1.23056082924644     
   2.65531738215981        1.18785701675070     
   2.65686657549829        1.14590731619468     
   2.65841576883677        1.10471172757836     
   2.65996496217525        1.06427025090175     
   2.66151415551374        1.02458288616485     
   2.66306334885222       0.985649633367668     
   2.66461254219070       0.947470492510192     
   2.66616173552919       0.910045463592428     
   2.66771092886767       0.873374546614374     
   2.66926012220615       0.837457741576030     
   2.67080931554463       0.802295048477397     
   2.67235850888312       0.767886467318475     
   2.67390770222160       0.734231998099263     
   2.67545689556008       0.701331640819762     
   2.67700608889857       0.669185395479971     
   2.67855528223705       0.637793262079891     
   2.68010447557553       0.607155240619522     
   2.68165366891402       0.577271331098863     
   2.68320286225250       0.548141533517915     
   2.68475205559098       0.519765847876677     
   2.68630124892946       0.492144274175150     
   2.68785044226795       0.465276812413334     
   2.68939963560643       0.439163462591228     
   2.69094882894491       0.413804224708833     
   2.69249802228340       0.389199098766148     
   2.69404721562188       0.365348084763174     
   2.69559640896036       0.342251182699911     
   2.69714560229885       0.319908392576358     
   2.69869479563733       0.298319714392516     
   2.70024398897581       0.277485148148384     
   2.70179318231429       0.257404693843963     
   2.70334237565278       0.238078351479253     
   2.70489156899126       0.219506121054253     
   2.70644076232974       0.201688002568964     
   2.70798995566823       0.184623996023385     
   2.70953914900671       0.168314101417517     
   2.71108834234519       0.152758318751360     
   2.71263753568367       0.137956648024913     
   2.71418672902216       0.123909089238177     
   2.71573592236064       0.110615642391151     
   2.71728511569912       9.807630748383628E-002
   2.71883430903761       8.629108451623183E-002
   2.72038350237609       7.525997348833796E-002
   2.72193269571457       6.498297440015469E-002
   2.72348188905306       5.546008725168203E-002
   2.72503108239154       4.669131204291994E-002
   2.72658027573002       3.867664877386847E-002
   2.72812946906850       3.141609744452758E-002
   2.72967866240699       2.490965805489730E-002
   2.73122785574547       1.915733060497761E-002
   2.73277704908395       1.415911509476852E-002
   2.73432624242244       9.915011524270023E-003
   2.73587543576092       6.425019893482120E-003
   2.73742462909940       3.689140202404811E-003
   2.73897382243789       1.707372451038097E-003
   2.74052301577637       4.797166393819775E-004
   2.74207220911485       6.172767436453754E-006
   2.74362140245333       2.867408352015251E-004
   2.74517059579182       1.321420842677191E-003
   2.74671978913030       3.110212789863453E-003
   2.74826898246878       5.653116676760311E-003
   2.74981817580727       8.950132503367762E-003
   2.75136736914575       1.300126026968581E-002
   2.75291656248423       1.780649997571445E-002
   2.75446575582272       2.336585162145368E-002
   2.75601494916120       2.967931520690351E-002
   2.75756414249968       3.674689073206395E-002
   2.75911333583816       4.456857819693497E-002
   2.76066252917665       5.314437760151660E-002
   2.76221172251513       6.247428894580881E-002
   2.76376091585361       7.255831222981163E-002
   2.76531010919210       8.339644745352504E-002
   2.76685930253058       9.498869461694905E-002
   2.76840849586906       0.107335053720084     
   2.76995768920754       0.120435524762929     
   2.77150688254603       0.134290107745485     
   2.77305607588451       0.148898802667751     
   2.77460526922299       0.164261609529728     
   2.77615446256148       0.180378528331415     
   2.77770365589996       0.197249559072814     
   2.77925284923844       0.214874701753922     
   2.78080204257693       0.233253956374742     
   2.78235123591541       0.252387322935272     
   2.78390042925389       0.272274801435512     
   2.78544962259237       0.292916391875463     
   2.78699881593086       0.314312094255125     
   2.78854800926934       0.336461908574497     
   2.79009720260782       0.359365834833580     
   2.79164639594631       0.383023873032374     
   2.79319558928479       0.407436023170878     
   2.79474478262327       0.432602285249092     
   2.79629397596176       0.458522659267018     
   2.79784316930024       0.485197145224654     
   2.79939236263872       0.512625743122000     
   2.80094155597720       0.540808452959057     
   2.80249074931569       0.569745274735825     
   2.80403994265417       0.599436208452303     
   2.80558913599265       0.629881254108492     
   2.80713832933114       0.661080411704392     
   2.80868752266962       0.693033681240002     
   2.81023671600810       0.725741062715323     
   2.81178590934658       0.759202556130354     
   2.81333510268507       0.793418161485096     
   2.81488429602355       0.828387878779549     
   2.81643348936203       0.864111708013712     
   2.81798268270052       0.900589649187585     
   2.81953187603900       0.937821702301170     
   2.82108106937748       0.975807867354465     
   2.82263026271597        1.01454814434747     
   2.82417945605445        1.05404253328019     
   2.82572864939293        1.09429103415261     
   2.82727784273141        1.13529364696475     
   2.82882703606990        1.17705037171660     
   2.83037622940838        1.21956120840816     
   2.83192542274686        1.26282615703943     
   2.83347461608535        1.30684521761041     
   2.83502380942383        1.35161839012110     
   2.83657300276231        1.39714567457150     
   2.83812219610080        1.44342707096161     
   2.83967138943928        1.49046257929143     
   2.84122058277776        1.53825219956096     
   2.84276977611624        1.58679593177021     
   2.84431896945473        1.63609377591916     
   2.84586816279321        1.68614573200782     
   2.84741735613169        1.73695180003620     
   2.84896654947018        1.78851198000429     
   2.85051574280866        1.84082627191208     
   2.85206493614714        1.89389467575959     
   2.85361412948562        1.94771719154681     
   2.85516332282411        2.00229381927373     
   2.85671251616259        2.05762455894037     
   2.85826170950107        2.11370941054672     
   2.85981090283956        2.17054837409278     
   2.86136009617804        2.22814144957855     
   2.86290928951652        2.28648863700403     
   2.86445848285501        2.34558993636923     
   2.86600767619349        2.40544534767413     
   2.86755686953197        2.46605487091874     
   2.86910606287045        2.52741850610306     
   2.87065525620894        2.58953625322710     
   2.87220444954742        2.65240811229084     
   2.87375364288590        2.71603408329430     
   2.87530283622439        2.78041416623746     
   2.87685202956287        2.84554836112034     
   2.87840122290135        2.91143666794293     
   2.87995041623984        2.97807908670523     
   2.88149960957832        3.04547561740723     
   2.88304880291680        3.11362626004895     
   2.88459799625528        3.18253101463038     
   2.88614718959377        3.25218988115152     
   2.88769638293225        3.32260285961237     
   2.88924557627073        3.39376995001293     
   2.89079476960922        3.46569115235321     
   2.89234396294770        3.53836646663319     
   2.89389315628618        3.61179589285288     
   2.89544234962466        3.68597943101229     
   2.89699154296315        3.76091708111140     
   2.89854073630163        3.83660884315022     
   2.90008992964011        3.91305471712876     
   2.90163912297860        3.16957415288702     
   2.90318831631708        3.10081057373555     
   2.90473750965556        3.03280110652378     
   2.90628670299405        2.96554575125174     
   2.90783589633253        2.89904450791940     
   2.90938508967101        2.83329737652677     
   2.91093428300949        2.76830435707385     
   2.91248347634798        2.70406544956064     
   2.91403266968646        2.64058065398714     
   2.91558186302494        2.57784997035336     
   2.91713105636343        2.51587339865928     
   2.91868024970191        2.45465093890492     
   2.92022944304039        2.39418259109026     
   2.92177863637888        2.33446835521532     
   2.92332782971736        2.27550823128008     
   2.92487702305584        2.21730221928456     
   2.92642621639432        2.15985031922875     
   2.92797540973281        2.10315253111265     
   2.92952460307129        2.04720885493626     
   2.93107379640977        1.99201929069958     
   2.93262298974826        1.93758383840261     
   2.93417218308674        1.88390249804535     
   2.93572137642522        1.83097526962780     
   2.93727056976370        1.77880215314996     
   2.93881976310219        1.72738314861183     
   2.94036895644067        1.67671825601342     
   2.94191814977915        1.62680747535471     
   2.94346734311764        1.57765080663571     
   2.94501653645612        1.52924824985643     
   2.94656572979460        1.48159980501685     
   2.94811492313309        1.43470547211699     
   2.94966411647157        1.38856525115684     
   2.95121330981005        1.34317914213639     
   2.95276250314853        1.29854714505566     
   2.95431169648702        1.25466925991464     
   2.95586088982550        1.21154548671333     
   2.95741008316398        1.16917582545173     
   2.95895927650247        1.12756027612984     
   2.96050846984095        1.08669883874766     
   2.96205766317943        1.04659151330519     
   2.96360685651792        1.00723829980243     
   2.96515604985640       0.968639198239387     
   2.96670524319488       0.930794208616051     
   2.96825443653336       0.893703330932425     
   2.96980362987185       0.857366565188509     
   2.97135282321033       0.821783911384304     
   2.97290201654881       0.786955369519810     
   2.97445120988730       0.752880939595026     
   2.97600040322578       0.719560621609953     
   2.97754959656426       0.686994415564591     
   2.97909878990275       0.655182321458939     
   2.98064798324123       0.624124339292997     
   2.98219717657971       0.593820469066767     
   2.98374636991819       0.564270710780247     
   2.98529556325668       0.535475064433437     
   2.98684475659516       0.507433530026338     
   2.98839394993364       0.480146107558950     
   2.98994314327213       0.453612797031272     
   2.99149233661061       0.427833598443305     
   2.99304152994909       0.402808511795049     
   2.99459072328757       0.378537537086503     
   2.99613991662606       0.355020674317668     
   2.99768910996454       0.332257923488543     
   2.99923830330302       0.310249284599129     
   3.00078749664151       0.288994757649425     
   3.00233668997999       0.268494342639433     
   3.00388588331847       0.248748039569150     
   3.00543507665696       0.229755848438579     
   3.00698426999544       0.211517769247718     
   3.00853346333392       0.194033801996567     
   3.01008265667240       0.177303946685127     
   3.01163185001089       0.161328203313398     
   3.01318104334937       0.146106571881379     
   3.01473023668785       0.131639052389071     
   3.01627943002634       0.117925644836473     
   3.01782862336482       0.104966349223587     
   3.01937781670330       9.276116555041020E-002
   3.02092701004179       8.131009381694444E-002
   3.02247620338027       7.061313402318928E-002
   3.02402539671875       6.067028616914470E-002
   3.02557459005723       5.148155025481073E-002
   3.02712378339572       4.304692628018736E-002
   3.02867297673420       3.536641424527457E-002
   3.03022217007268       2.844001415007239E-002
   3.03177136341117       2.226772599458081E-002
   3.03332055674965       1.684954977879982E-002
   3.03486975008813       1.218548550272943E-002
   3.03641894342661       8.275533166369625E-003
   3.03796813676510       5.119692769720419E-003
   3.03951733010358       2.717964312781808E-003
   3.04106652344206       1.070347795553793E-003
   3.04261571678055       1.768432180363724E-004
   3.04416491011903       3.745058022954740E-005
   3.04571410345751       6.521698821333173E-004
   3.04726329679600       2.021001123747683E-003
   3.04881249013448       4.143944305072643E-003
   3.05036168347296       7.020999426108199E-003
   3.05191087681144       1.065216648685435E-002
   3.05346007014993       1.503744548731109E-002
   3.05500926348841       2.017683642747843E-002
   3.05655845682689       2.607033930735637E-002
   3.05810765016538       3.271795412694491E-002
   3.05965684350386       4.011968088624403E-002
   3.06120603684234       4.827551958525376E-002
   3.06275523018083       5.718547022397408E-002
   3.06430442351931       6.684953280240501E-002
   3.06585361685779       7.726770732054652E-002
   3.06740281019627       8.843999377839863E-002
   3.06895200353476       0.100366392175961     
   3.07050119687324       0.113046902513235     
   3.07205039021172       0.126481524790219     
   3.07359958355021       0.140670259006913     
   3.07514877688869       0.155613105163318     
   3.07669797022717       0.171310063259434     
   3.07824716356565       0.187761133295260     
   3.07979635690414       0.204966315270797     
   3.08134555024262       0.222925609186044     
   3.08289474358110       0.241639015041002     
   3.08444393691959       0.261106532835671     
   3.08599313025807       0.281328162570050     
   3.08754232359655       0.302303904244140     
   3.08909151693504       0.324033757857940     
   3.09064071027352       0.346517723411451     
   3.09218990361200       0.369755800904673     
   3.09373909695048       0.393747990337605     
   3.09528829028897       0.418494291710248     
