  0.000000000000000E+000  3.770559698552976E-004
  1.549193338482967E-003  1.508223879421190E-003
  3.098386676965934E-003  3.393503728697678E-003
  4.647580015448901E-003  6.032895517684761E-003
  6.196773353931867E-003  9.426399246382439E-003
  7.745966692414834E-003  1.357401491479071E-002
  9.295160030897802E-003  1.847574252290958E-002
  1.084435336938077E-002  2.413158207073904E-002
  1.239354670786373E-002  3.054153355827910E-002
  1.394274004634670E-002  3.770559698552976E-002
  1.549193338482967E-002  4.562377235249101E-002
  1.704112672331264E-002  5.429605965916286E-002
  1.859032006179560E-002  6.372245890554530E-002
  2.013951340027857E-002  7.390297009163835E-002
  2.168870673876154E-002  8.483759321744198E-002
  2.323790007724450E-002  9.652632828295622E-002
  2.478709341572747E-002  0.108969175288181     
  2.633628675421044E-002  0.122166134233116     
  2.788548009269340E-002  0.136117205117762     
  2.943467343117637E-002  0.150822387942119     
  3.098386676965934E-002  0.166281682706186     
  3.253306010814230E-002  0.182495089409964     
  3.408225344662527E-002  0.199462608053452     
  3.563144678510824E-002  0.217184238636651     
  3.718064012359121E-002  0.235659981159561     
  3.872983346207417E-002  0.254889835622181     
  4.027902680055714E-002  0.274873802024512     
  4.182822013904011E-002  0.295611880366553     
  4.337741347752307E-002  0.317104070648305     
  4.492660681600604E-002  0.339350372869767     
  4.647580015448900E-002  0.362350787030941     
  4.802499349297197E-002  0.386105313131824     
  4.957418683145494E-002  0.410613951172419     
  5.112338016993791E-002  0.435876701152724     
  5.267257350842088E-002  0.461893563072739     
  5.422176684690384E-002  0.488664536932465     
  5.577096018538680E-002  0.516189622731902     
  5.732015352386977E-002  0.544468820471049     
  5.886934686235274E-002  0.573502130149907     
  6.041854020083571E-002  0.603289551768476     
  6.196773353931867E-002  0.633831085326755     
  6.351692687780164E-002  0.665126730824745     
  6.506612021628461E-002  0.697176488262445     
  6.661531355476757E-002  0.729980357639856     
  6.816450689325054E-002  0.763538338956978     
  6.971370023173351E-002  0.797850432213810     
  7.126289357021648E-002  0.832916637410353     
  7.281208690869945E-002  0.868736954546606     
  7.436128024718242E-002  0.905311383622570     
  7.591047358566537E-002  0.942639924638245     
  7.745966692414834E-002  0.980722577593630     
  7.900886026263131E-002   1.01955934248873     
  8.055805360111427E-002   1.05915021932353     
  8.210724693959724E-002   1.09949520809805     
  8.365644027808021E-002   1.14059430881228     
  8.520563361656318E-002   1.18244752146621     
  8.675482695504615E-002   1.22505484605986     
  8.830402029352911E-002   1.26841628259322     
  8.985321363201208E-002   1.31253183106629     
  9.140240697049504E-002   1.35740149147907     
  9.295160030897801E-002   1.40302526383156     
  9.450079364746097E-002   1.44940314812377     
  9.604998698594394E-002   1.49653514435568     
  9.759918032442691E-002   1.54442125252730     
  9.914837366290988E-002   1.59306147263864     
  0.100697567001393        1.64245580468968     
  0.102246760339876        1.69260424868043     
  0.103795953678359        1.74350680461090     
  0.105345147016842        1.79516347248107     
  0.106894340355325        1.84757425229096     
  0.108443533693808        1.90073914404056     
  0.109992727032291        1.95465814772987     
  0.111541920370774        2.00933126335888     
  0.113091113709257        2.06475849092761     
  0.114640307047740        2.12093983043605     
  0.116189500386223        2.17787528188420     
  0.117738693724705        2.23556484527206     
  0.119287887063188        2.29400852059964     
  0.120837080401671        2.35320630786692     
  0.122386273740154        2.41315820707391     
  0.123935467078637        2.47386421822061     
  0.125484660417120        2.53532434130703     
  0.127033853755603        2.59753857633315     
  0.128583047094086        2.66050692329899     
  0.130132240432569        2.72422938220453     
  0.131681433771052        2.78870595304979     
  0.133230627109535        2.85393663583475     
  0.134779820448018        2.91992143055943     
  0.136329013786501        2.98666033722382     
  0.137878207124984        3.05415335582792     
  0.139427400463467        3.12240048637173     
  0.140976593801950        3.19140172885525     
  0.142525787140433        3.26115708327848     
  0.144074980478916        3.33166654964142     
  0.145624173817399        3.40293012794407     
  0.147173367155882        3.47494781818643     
  0.148722560494365        3.54771962036850     
  0.150271753832848        3.62124553449029     
  0.151820947171331        3.69552556055178     
  0.153370140509814        3.77055969855299     
  0.154919333848297        3.84634794849390     
  0.156468527186780        3.92289031037453     
  0.158017720525263        4.00018678419486     
  0.159566913863746        4.07823736995491     
  0.161116107202229        4.15704206765467     
  0.162665300540712        4.23660087729414     
  0.164214493879194        4.31691379887331     
  0.165763687217677        4.39798083239220     
  0.167312880556160        4.47980197785080     
  0.168862073894643        4.56237723524911     
  0.170411267233126        4.64570660458714     
  0.171960460571609        4.72979008586487     
  0.173509653910092        4.81462767908231     
  0.175058847248575        4.90021938423946     
  0.176608040587058        4.98656520133633     
  0.178157233925541        5.07366513037290     
  0.179706427264024        5.16151917134918     
  0.181255620602507        5.25012732426518     
  0.182804813940990        5.33948958912088     
  0.184354007279473        5.42960596591630     
  0.185903200617956        5.52047645465143     
  0.187452393956439        5.61210105532627     
  0.189001587294922        5.70447976794082     
  0.190550780633405        5.79761259249507     
  0.192099973971888        5.89149952898904     
  0.193649167310371        5.98614057742272     
  0.195198360648854        6.08153573779611     
  0.196747553987337        6.17768501010922     
  0.198296747325820        6.27458839436203     
  0.199845940664303        6.37224589055455     
  0.201395134002786        6.47065749868678     
  0.202944327341269        6.56982321875872     
  0.204493520679752        6.66974305077038     
  0.206042714018235        6.77041699472174     
  0.207591907356718        6.87184505061282     
  0.209141100695201        6.97402721844360     
  0.210690294033684        7.07696349821410     
  0.212239487372166        7.18065388992431     
  0.213788680710649        7.28509839357423     
  0.215337874049132        7.39029700916385     
  0.216887067387615        7.49624973669320     
  0.218436260726098        7.60295657616224     
  0.219985454064581        7.71041752757101     
  0.221534647403064        7.81863259091948     
  0.223083840741547        7.92760176620766     
  0.224633034080030        8.03732505343555     
  0.226182227418513        8.14780245260315     
  0.227731420756996        8.25903396371046     
  0.229280614095479        8.37101958675749     
  0.230829807433962        8.48375932174422     
  0.232379000772445        8.59725316867067     
  0.233928194110928        8.71150112753682     
  0.235477387449411        8.82650319834269     
  0.237026580787894        8.94225938108826     
  0.238575774126377        9.05876967577355     
  0.240124967464860        9.17603408239855     
  0.241674160803343        9.29405260096326     
  0.243223354141826        9.41282523146768     
  0.244772547480309        9.53235197391181     
  0.246321740818792        9.65263282829565     
  0.247870934157275        9.77366779461920     
  0.249420127495758        9.89545687288246     
  0.250969320834241        10.0180000630854     
  0.252518514172724        10.1412973652281     
  0.254067707511207        10.2653487793105     
  0.255616900849690        10.3901543053326     
  0.257166094188172        10.5157139432944     
  0.258715287526655        10.6420276931960     
  0.260264480865138        10.7690955550372     
  0.261813674203621        10.8969175288181     
  0.263362867542104        11.0254936145388     
  0.264912060880587        11.1548238121992     
  0.266461254219070        11.2849081217992     
  0.268010447557553        11.4157465433390     
  0.269559640896036        11.5473390768185     
  0.271108834234519        11.6796857222377     
  0.272658027573002        11.8127864795967     
  0.274207220911485        11.9466413488953     
  0.275756414249968        12.0812503301336     
  0.277305607588451        12.2166134233117     
  0.278854800926934        12.3527306284294     
  0.280403994265417        12.4896019454869     
  0.281953187603900        12.6272273744841     
  0.283502380942383        12.7656069154210     
  0.285051574280866        12.9047405682976     
  0.286600767619349        13.0446283331139     
  0.288149960957832        13.1852702098699     
  0.289699154296315        13.3266661985657     
  0.291248347634798        13.4688162992011     
  0.292797540973281        13.6117205117763     
  0.294346734311764        13.7553788362912     
  0.295895927650247        13.8997912727457     
  0.297445120988730        14.0449578211400     
  0.298994314327213        14.1908784814740     
  0.300543507665696        14.3375532537477     
  0.302092701004179        14.4849821379612     
  0.303641894342661        14.6331651341143     
  0.305191087681144        14.7821022422071     
  0.306740281019627        14.9317934622397     
  0.308289474358110        15.0822387942120     
  0.309838667696593        15.2334382381239     
  0.311387861035076        15.2334382378966     
  0.312937054373559        15.0822387939857     
  0.314486247712042        14.9317934620146     
  0.316035441050525        14.7821022419832     
  0.317584634389008        14.6331651338915     
  0.319133827727491        14.4849821377395     
  0.320683021065974        14.3375532535272     
  0.322232214404457        14.1908784812546     
  0.323781407742940        14.0449578209217     
  0.325330601081423        13.8997912725286     
  0.326879794419906        13.7553788360751     
  0.328428987758389        13.6117205115614     
  0.329978181096872        13.4688162989873     
  0.331527374435355        13.3266661983530     
  0.333076567773838        13.1852702096584     
  0.334625761112321        13.0446283329035     
  0.336174954450804        12.9047405680883     
  0.337724147789287        12.7656069152129     
  0.339273341127770        12.6272273742771     
  0.340822534466253        12.4896019452810     
  0.342371727804736        12.3527306282247     
  0.343920921143219        12.2166134231081     
  0.345470114481702        12.0812503299312     
  0.347019307820185        11.9466413486939     
  0.348568501158668        11.8127864793964     
  0.350117694497151        11.6796857220387     
  0.351666887835633        11.5473390766206     
  0.353216081174116        11.4157465431422     
  0.354765274512599        11.2849081216035     
  0.356314467851082        11.1548238120046     
  0.357863661189565        11.0254936143454     
  0.359412854528048        10.8969175286258     
  0.360962047866531        10.7690955548460     
  0.362511241205014        10.6420276930059     
  0.364060434543497        10.5157139431055     
  0.365609627881980        10.3901543051448     
  0.367158821220463        10.2653487791239     
  0.368708014558946        10.1412973650426     
  0.370257207897429        10.0180000629011     
  0.371806401235912        9.89545687269921     
  0.373355594574395        9.77366779443708     
  0.374904787912878        9.65263282811466     
  0.376453981251361        9.53235197373195     
  0.378003174589844        9.41282523128896     
  0.379552367928327        9.29405260078567     
  0.381101561266810        9.17603408222209     
  0.382650754605293        9.05876967559822     
  0.384199947943776        8.94225938091407     
  0.385749141282259        8.82650319816962     
  0.387298334620742        8.71150112736489     
  0.388847527959225        8.59725316849986     
  0.390396721297708        8.48375932157455     
  0.391945914636191        8.37101958658894     
  0.393495107974674        8.25903396354305     
  0.395044301313157        8.14780245243687     
  0.396593494651640        8.03732505327040     
  0.398142687990122        7.92760176604364     
  0.399691881328605        7.81863259075659     
  0.401241074667088        7.71041752740925     
  0.402790268005571        7.60295657600162     
  0.404339461344054        7.49624973653370     
  0.405888654682537        7.39029700900549     
  0.407437848021020        7.28509839341700     
  0.408987041359503        7.18065388976821     
  0.410536234697986        7.07696349805913     
  0.412085428036469        6.97402721828977     
  0.413634621374952        6.87184505046011     
  0.415183814713435        6.77041699457017     
  0.416733008051918        6.66974305061993     
  0.418282201390401        6.56982321860941     
  0.419831394728884        6.47065749853860     
  0.421380588067367        6.37224589040750     
  0.422929781405850        6.27458839421611     
  0.424478974744333        6.17768500996443     
  0.426028168082816        6.08153573765246     
  0.427577361421299        5.98614057728020     
  0.429126554759782        5.89149952884765     
  0.430675748098265        5.79761259235481     
  0.432224941436748        5.70447976780168     
  0.433774134775231        5.61210105518826     
  0.435323328113714        5.52047645451456     
  0.436872521452197        5.42960596578056     
  0.438421714790680        5.33948958898628     
  0.439970908129163        5.25012732413170     
  0.441520101467646        5.16151917121684     
  0.443069294806128        5.07366513024168     
  0.444618488144611        4.98656520120624     
  0.446167681483094        4.90021938411051     
  0.447716874821577        4.81462767895449     
  0.449266068160060        4.72979008573818     
  0.450815261498543        4.64570660446157     
  0.452364454837026        4.56237723512468     
  0.453913648175509        4.47980197772751     
  0.455462841513992        4.39798083227004     
  0.457012034852475        4.31691379875228     
  0.458561228190958        4.23660087717423     
  0.460110421529441        4.15704206753589     
  0.461659614867924        4.07823736983727     
  0.463208808206407        4.00018678407835     
  0.464758001544890        3.92289031025915     
  0.466307194883373        3.84634794837965     
  0.467856388221856        3.77055969843987     
  0.469405581560339        3.69552556043980     
  0.470954774898822        3.62124553437943     
  0.472503968237305        3.54771962025878     
  0.474053161575788        3.47494781807784     
  0.475602354914271        3.40293012783661     
  0.477151548252754        3.33166654953509     
  0.478700741591237        3.26115708317328     
  0.480249934929720        3.19140172875118     
  0.481799128268203        3.12240048626879     
  0.483348321606686        3.05415335572611     
  0.484897514945169        2.98666033712315     
  0.486446708283652        2.91992143045989     
  0.487995901622135        2.85393663573634     
  0.489545094960618        2.78870595295251     
  0.491094288299101        2.72422938210838     
  0.492643481637583        2.66050692320397     
  0.494192674976066        2.59753857623926     
  0.495741868314549        2.53532434121427     
  0.497291061653032        2.47386421812899     
  0.498840254991515        2.41315820698342     
  0.500389448329998        2.35320630777755     
  0.501938641668481        2.29400852051140     
  0.503487835006964        2.23556484518496     
  0.505037028345447        2.17787528179823     
  0.506586221683930        2.12093983035122     
  0.508135415022413        2.06475849084391     
  0.509684608360896        2.00933126327631     
  0.511233801699379        1.95465814764842     
  0.512782995037862        1.90073914396025     
  0.514332188376345        1.84757425221178     
  0.515881381714828        1.79516347240302     
  0.517430575053311        1.74350680453398     
  0.518979768391794        1.69260424860465     
  0.520528961730277        1.64245580461502     
  0.522078155068760        1.59306147256511     
  0.523627348407243        1.54442125245491     
  0.525176541745726        1.49653514428441     
  0.526725735084209        1.44940314805363     
  0.528274928422692        1.40302526376256     
  0.529824121761175        1.35740149141120     
  0.531373315099658        1.31253183099955     
  0.532922508438141        1.26841628252761     
  0.534471701776624        1.22505484599539     
  0.536020895115107        1.18244752140287     
  0.537570088453589        1.14059430875006     
  0.539119281792072        1.09949520803697     
  0.540668475130555        1.05915021926358     
  0.542217668469038        1.01955934242990     
  0.543766861807521       0.980722577535940     
  0.545316055146004       0.942639924581686     
  0.546865248484487       0.905311383567143     
  0.548414441822970       0.868736954492310     
  0.549963635161453       0.832916637357188     
  0.551512828499936       0.797850432161776     
  0.553062021838419       0.763538338906075     
  0.554611215176902       0.729980357590085     
  0.556160408515385       0.697176488213805     
  0.557709601853868       0.665126730777236     
  0.559258795192351       0.633831085280377     
  0.560807988530834       0.603289551723229     
  0.562357181869317       0.573502130105792     
  0.563906375207800       0.544468820428065     
  0.565455568546283       0.516189622690049     
  0.567004761884766       0.488664536891743     
  0.568553955223249       0.461893563033148     
  0.570103148561732       0.435876701114264     
  0.571652341900215       0.410613951135090     
  0.573201535238698       0.386105313095627     
  0.574750728577181       0.362350786995874     
  0.576299921915664       0.339350372835832     
  0.577849115254147       0.317104070615501     
  0.579398308592630       0.295611880334880     
  0.580947501931113       0.274873801993970     
  0.582496695269596       0.254889835592770     
  0.584045888608078       0.235659981131281     
  0.585595081946562       0.217184238609503     
  0.587144275285044       0.199462608027435     
  0.588693468623527       0.182495089385078     
  0.590242661962010       0.166281682682432     
  0.591791855300493       0.150822387919495     
  0.593341048638976       0.136117205096270     
  0.594890241977459       0.122166134212755     
  0.596439435315942       0.108969175268951     
  0.597988628654425       9.652632826485739E-002
  0.599537821992908       8.483759320047433E-002
  0.601087015331391       7.390297007580188E-002
  0.602636208669874       6.372245889084001E-002
  0.604185402008357       5.429605964558874E-002
  0.605734595346840       4.562377234004807E-002
  0.607283788685323       3.770559697421799E-002
  0.608832982023806       3.054153354809851E-002
  0.610382175362289       2.413158206168963E-002
  0.611931368700772       1.847574251499134E-002
  0.613480562039255       1.357401490800366E-002
  0.615029755377738       9.426399240726559E-003
  0.616578948716221       6.032895513160058E-003
  0.618128142054704       3.393503725304150E-003
  0.619677335393187       1.508223877158838E-003
  0.621226528731670       3.770559687241214E-004
  0.622775722070153       8.483882310979764E-022
  0.624324915408636       3.770559709864737E-004
  0.625874108747119       1.508223881683543E-003
  0.627423302085602       3.393503732091207E-003
  0.628972495424085       6.032895522209467E-003
  0.630521688762568       9.426399252038319E-003
  0.632070882101050       1.357401492157777E-002
  0.633620075439533       1.847574253082781E-002
  0.635169268778016       2.413158207978845E-002
  0.636718462116499       3.054153356845967E-002
  0.638267655454982       3.770559699684151E-002
  0.639816848793465       4.562377236493394E-002
  0.641366042131948       5.429605967273696E-002
  0.642915235470431       6.372245892025058E-002
  0.644464428808914       7.390297010747481E-002
  0.646013622147397       8.483759323440961E-002
  0.647562815485880       9.652632830105502E-002
  0.649112008824363       0.108969175307411     
  0.650661202162846       0.122166134253478     
  0.652210395501329       0.136117205139255     
  0.653759588839812       0.150822387964743     
  0.655308782178295       0.166281682729941     
  0.656857975516778       0.182495089434850     
  0.658407168855261       0.199462608079469     
  0.659956362193744       0.217184238663799     
  0.661505555532227       0.235659981187840     
  0.663054748870710       0.254889835651592     
  0.664603942209193       0.274873802055053     
  0.666153135547676       0.295611880398226     
  0.667702328886159       0.317104070681109     
  0.669251522224642       0.339350372903703     
  0.670800715563125       0.362350787066007     
  0.672349908901608       0.386105313168022     
  0.673899102240091       0.410613951209747     
  0.675448295578574       0.435876701191184     
  0.676997488917056       0.461893563112330     
  0.678546682255539       0.488664536973188     
  0.680095875594022       0.516189622773756     
  0.681645068932505       0.544468820514034     
  0.683194262270988       0.573502130194024     
  0.684743455609471       0.603289551813723     
  0.686292648947954       0.633831085373133     
  0.687841842286437       0.665126730872254     
  0.689391035624920       0.697176488311086     
  0.690940228963403       0.729980357689628     
  0.692489422301886       0.763538339007881     
  0.694038615640369       0.797850432265844     
  0.695587808978852       0.832916637463518     
  0.697137002317335       0.868736954600903     
  0.698686195655818       0.905311383677998     
  0.700235388994301       0.942639924694804     
  0.701784582332784       0.980722577651320     
  0.703333775671267        1.01955934254755     
  0.704882969009750        1.05915021938348     
  0.706432162348233        1.09949520815913     
  0.707981355686716        1.14059430887449     
  0.709530549025199        1.18244752152956     
  0.711079742363682        1.22505484612434     
  0.712628935702165        1.26841628265883     
  0.714178129040648        1.31253183113303     
  0.715727322379131        1.35740149154694     
  0.717276515717614        1.40302526390057     
  0.718825709056097        1.44940314819390     
  0.720374902394580        1.49653514442694     
  0.721924095733063        1.54442125259970     
  0.723473289071546        1.59306147271216     
  0.725022482410029        1.64245580476434     
  0.726571675748511        1.69260424875622     
  0.728120869086994        1.74350680468782     
  0.729670062425477        1.79516347255913     
  0.731219255763960        1.84757425237014     
  0.732768449102443        1.90073914412087     
  0.734317642440926        1.95465814781131     
  0.735866835779409        2.00933126344146     
  0.737416029117892        2.06475849101132     
  0.738965222456375        2.12093983052089     
  0.740514415794858        2.17787528197017     
  0.742063609133341        2.23556484535916     
  0.743612802471824        2.29400852068787     
  0.745161995810307        2.35320630795628     
  0.746711189148790        2.41315820716440     
  0.748260382487273        2.47386421831224     
  0.749809575825756        2.53532434139978     
  0.751358769164239        2.59753857642704     
  0.752907962502722        2.66050692339401     
  0.754457155841205        2.72422938230068     
  0.756006349179688        2.78870595314707     
  0.757555542518171        2.85393663593317     
  0.759104735856654        2.91992143065898     
  0.760653929195137        2.98666033732449     
  0.762203122533620        3.05415335592972     
  0.763752315872103        3.12240048647466     
  0.765301509210586        3.19140172895932     
  0.766850702549069        3.26115708338368     
  0.768399895887552        3.33166654974775     
  0.769949089226035        3.40293012805153     
  0.771498282564517        3.47494781829502     
  0.773047475903000        3.54771962047823     
  0.774596669241483        3.62124553460114     
  0.776145862579966        3.69552556066377     
  0.777695055918449        3.77055969866610     
  0.779244249256932        3.84634794860815     
  0.780793442595415        3.92289031048991     
  0.782342635933898        4.00018678431138     
  0.783891829272381        4.07823737007255     
  0.785441022610864        4.15704206777344     
  0.786990215949347        4.23660087741404     
  0.788539409287830        4.31691379899435     
  0.790088602626313        4.39798083251437     
  0.791637795964796        4.47980197797410     
  0.793186989303279        4.56237723537354     
  0.794736182641762        4.64570660471270     
  0.796285375980245        4.72979008599156     
  0.797834569318728        4.81462767921013     
  0.799383762657211        4.90021938436842     
  0.800932955995694        4.98656520146641     
  0.802482149334177        5.07366513050412     
  0.804031342672660        5.16151917148153     
  0.805580536011143        5.25012732439866     
  0.807129729349626        5.33948958925550     
  0.808678922688109        5.42960596605204     
  0.810228116026592        5.52047645478830     
  0.811777309365075        5.61210105546427     
  0.813326502703558        5.70447976807995     
  0.814875696042041        5.79761259263534     
  0.816424889380523        5.89149952913044     
  0.817974082719007        5.98614057756525     
  0.819523276057489        6.08153573793977     
  0.821072469395972        6.17768501025401     
  0.822621662734455        6.27458839450795     
  0.824170856072938        6.37224589070160     
  0.825720049411421        6.47065749883497     
  0.827269242749904        6.56982321890804     
  0.828818436088387        6.66974305092083     
  0.830367629426870        6.77041699487332     
  0.831916822765353        6.87184505076553     
  0.833466016103836        6.97402721859745     
  0.835015209442319        7.07696349836907     
  0.836564402780802        7.18065389008041     
  0.838113596119285        7.28509839373146     
  0.839662789457768        7.39029700932222     
  0.841211982796251        7.49624973685269     
  0.842761176134734        7.60295657632287     
  0.844310369473217        7.71041752773276     
  0.845859562811700        7.81863259108237     
  0.847408756150183        7.92760176637168     
  0.848957949488666        8.03732505360070     
  0.850507142827149        8.14780245276943     
  0.852056336165632        8.25903396387788     
  0.853605529504115        8.37101958692604     
  0.855154722842598        8.48375932191390     
  0.856703916181081        8.59725316884148     
  0.858253109519564        8.71150112770876     
  0.859802302858047        8.82650319851576     
  0.861351496196530        8.94225938126247     
  0.862900689535013        9.05876967594889     
  0.864449882873495        9.17603408257502     
  0.865999076211978        9.29405260114086     
  0.867548269550461        9.41282523164641     
  0.869097462888944        9.53235197409167     
  0.870646656227427        9.65263282847664     
  0.872195849565910        9.77366779480132     
  0.873745042904393        9.89545687306571     
  0.875294236242876        10.0180000632698     
  0.876843429581359        10.1412973654136     
  0.878392622919842        10.2653487794972     
  0.879941816258325        10.3901543055204     
  0.881491009596808        10.5157139434833     
  0.883040202935291        10.6420276933860     
  0.884589396273774        10.7690955552284     
  0.886138589612257        10.8969175290104     
  0.887687782950740        11.0254936147322     
  0.889236976289223        11.1548238123937     
  0.890786169627706        11.2849081219949     
  0.892335362966189        11.4157465435359     
  0.893884556304672        11.5473390770165     
  0.895433749643155        11.6796857224368     
  0.896982942981638        11.8127864797969     
  0.898532136320121        11.9466413490966     
  0.900081329658604        12.0812503303361     
  0.901630522997087        12.2166134235153     
  0.903179716335570        12.3527306286342     
  0.904728909674053        12.4896019456928     
  0.906278103012536        12.6272273746911     
  0.907827296351019        12.7656069156291     
  0.909376489689502        12.9047405685069     
  0.910925683027984        13.0446283333243     
  0.912474876366468        13.1852702100815     
  0.914024069704950        13.3266661987783     
  0.915573263043433        13.4688162994149     
  0.917122456381916        13.6117205119912     
  0.918671649720399        13.7553788365072     
  0.920220843058882        13.8997912729629     
  0.921770036397365        14.0449578213583     
  0.923319229735848        14.1908784816935     
  0.924868423074331        14.3375532539683     
  0.926417616412814        14.4849821381829     
  0.927966809751297        14.6331651343371     
  0.929516003089780        14.7821022424311     
  0.931065196428263        14.9317934624648     
  0.932614389766746        15.0822387944382     
  0.934163583105229        15.0822387942131     
  0.935712776443712        14.9317934622408     
  0.937261969782195        14.7821022422083     
  0.938811163120678        14.6331651341154     
  0.940360356459161        14.4849821379623     
  0.941909549797644        14.3375532537488     
  0.943458743136127        14.1908784814751     
  0.945007936474610        14.0449578211411     
  0.946557129813093        13.8997912727468     
  0.948106323151576        13.7553788362922     
  0.949655516490059        13.6117205117774     
  0.951204709828542        13.4688162992022     
  0.952753903167025        13.3266661985667     
  0.954303096505508        13.1852702098710     
  0.955852289843991        13.0446283331150     
  0.957401483182474        12.9047405682986     
  0.958950676520956        12.7656069154220     
  0.960499869859439        12.6272273744851     
  0.962049063197922        12.4896019454879     
  0.963598256536405        12.3527306284305     
  0.965147449874888        12.2166134233127     
  0.966696643213371        12.0812503301346     
  0.968245836551854        11.9466413488963     
  0.969795029890337        11.8127864795977     
  0.971344223228820        11.6796857222387     
  0.972893416567303        11.5473390768195     
  0.974442609905786        11.4157465433400     
  0.975991803244269        11.2849081218002     
  0.977540996582752        11.1548238122001     
  0.979090189921235        11.0254936145398     
  0.980639383259718        10.8969175288191     
  0.982188576598201        10.7690955550381     
  0.983737769936684        10.6420276931969     
  0.985286963275167        10.5157139432954     
  0.986836156613650        10.3901543053336     
  0.988385349952133        10.2653487793114     
  0.989934543290616        10.1412973652290     
  0.991483736629099        10.0180000630864     
  0.993032929967582        9.89545687288338     
  0.994582123306065        9.77366779462011     
  0.996131316644548        9.65263282829655     
  0.997680509983031        9.53235197391271     
  0.999229703321514        9.41282523146857     
   1.00077889666000        9.29405260096415     
   1.00232808999848        9.17603408239943     
   1.00387728333696        9.05876967577443     
   1.00542647667545        8.94225938108914     
   1.00697567001393        8.82650319834355     
   1.00852486335241        8.71150112753768     
   1.01007405669089        8.59725316867152     
   1.01162325002938        8.48375932174507     
   1.01317244336786        8.37101958675833     
   1.01472163670634        8.25903396371130     
   1.01627083004483        8.14780245260398     
   1.01782002338331        8.03732505343637     
   1.01936921672179        7.92760176620848     
   1.02091841006028        7.81863259092029     
   1.02246760339876        7.71041752757181     
   1.02401679673724        7.60295657616305     
   1.02556599007572        7.49624973669399     
   1.02711518341421        7.39029700916465     
   1.02866437675269        7.28509839357501     
   1.03021357009117        7.18065388992509     
   1.03176276342966        7.07696349821487     
   1.03331195676814        6.97402721844437     
   1.03486115010662        6.87184505061358     
   1.03641034344510        6.77041699472250     
   1.03795953678359        6.66974305077113     
   1.03950873012207        6.56982321875947     
   1.04105792346055        6.47065749868752     
   1.04260711679904        6.37224589055528     
   1.04415631013752        6.27458839436275     
   1.04570550347600        6.17768501010994     
   1.04725469681449        6.08153573779683     
   1.04880389015297        5.98614057742343     
   1.05035308349145        5.89149952898975     
   1.05190227682993        5.79761259249577     
   1.05345147016842        5.70447976794151     
   1.05500066350690        5.61210105532695     
   1.05654985684538        5.52047645465211     
   1.05809905018387        5.42960596591698     
   1.05964824352235        5.33948958912156     
   1.06119743686083        5.25012732426584     
   1.06274663019932        5.16151917134984     
   1.06429582353780        5.07366513037355     
   1.06584501687628        4.98656520133697     
   1.06739421021476        4.90021938424010     
   1.06894340355325        4.81462767908295     
   1.07049259689173        4.72979008586550     
   1.07204179023021        4.64570660458776     
   1.07359098356870        4.56237723524973     
   1.07514017690718        4.47980197785142     
   1.07668937024566        4.39798083239281     
   1.07823856358414        4.31691379887392     
   1.07978775692263        4.23660087729473     
   1.08133695026111        4.15704206765526     
   1.08288614359959        4.07823736995550     
   1.08443533693808        4.00018678419544     
   1.08598453027656        3.92289031037510     
   1.08753372361504        3.84634794849447     
   1.08908291695353        3.77055969855355     
   1.09063211029201        3.69552556055234     
   1.09218130363049        3.62124553449084     
   1.09373049696897        3.54771962036905     
   1.09527969030746        3.47494781818697     
   1.09682888364594        3.40293012794460     
   1.09837807698442        3.33166654964195     
   1.09992727032291        3.26115708327900     
   1.10147646366139        3.19140172885577     
   1.10302565699987        3.12240048637224     
   1.10457485033836        3.05415335582842     
   1.10612404367684        2.98666033722432     
   1.10767323701532        2.91992143055993     
   1.10922243035380        2.85393663583524     
   1.11077162369229        2.78870595305027     
   1.11232081703077        2.72422938220501     
   1.11387001036925        2.66050692329946     
   1.11541920370774        2.59753857633362     
   1.11696839704622        2.53532434130749     
   1.11851759038470        2.47386421822107     
   1.12006678372319        2.41315820707436     
   1.12161597706167        2.35320630786736     
   1.12316517040015        2.29400852060007     
   1.12471436373863        2.23556484527250     
   1.12626355707712        2.17787528188463     
   1.12781275041560        2.12093983043648     
   1.12936194375408        2.06475849092803     
   1.13091113709257        2.00933126335930     
   1.13246033043105        1.95465814773027     
   1.13400952376953        1.90073914404096     
   1.13555871710801        1.84757425229136     
   1.13710791044650        1.79516347248146     
   1.13865710378498        1.74350680461128     
   1.14020629712346        1.69260424868081     
   1.14175549046195        1.64245580469005     
   1.14330468380043        1.59306147263900     
   1.14485387713891        1.54442125252766     
   1.14640307047740        1.49653514435603     
   1.14795226381588        1.44940314812412     
   1.14950145715436        1.40302526383191     
   1.15105065049284        1.35740149147941     
   1.15259984383133        1.31253183106662     
   1.15414903716981        1.26841628259355     
   1.15569823050829        1.22505484606018     
   1.15724742384678        1.18244752146653     
   1.15879661718526        1.14059430881259     
   1.16034581052374        1.09949520809835     
   1.16189500386223        1.05915021932383     
   1.16344419720071        1.01955934248902     
   1.16499339053919       0.980722577593917     
   1.16654258387767       0.942639924638526     
   1.16809177721616       0.905311383622846     
   1.16964097055464       0.868736954546876     
   1.17119016389312       0.832916637410617     
   1.17273935723161       0.797850432214069     
   1.17428855057009       0.763538338957231     
   1.17583774390857       0.729980357640104     
   1.17738693724705       0.697176488262687     
   1.17893613058554       0.665126730824981     
   1.18048532392402       0.633831085326986     
   1.18203451726250       0.603289551768701     
   1.18358371060099       0.573502130150127     
   1.18513290393947       0.544468820471263     
   1.18668209727795       0.516189622732110     
   1.18823129061644       0.488664536932668     
   1.18978048395492       0.461893563072936     
   1.19132967729340       0.435876701152915     
   1.19287887063188       0.410613951172604     
   1.19442806397037       0.386105313132004     
   1.19597725730885       0.362350787031115     
   1.19752645064733       0.339350372869936     
   1.19907564398582       0.317104070648468     
   1.20062483732430       0.295611880366711     
   1.20217403066278       0.274873802024664     
   1.20372322400127       0.254889835622327     
   1.20527241733975       0.235659981159702     
   1.20682161067823       0.217184238636786     
   1.20837080401671       0.199462608053582     
   1.20991999735520       0.182495089410088     
   1.21146919069368       0.166281682706304     
   1.21301838403216       0.150822387942232     
   1.21456757737065       0.136117205117869     
   1.21611677070913       0.122166134233218     
   1.21766596404761       0.108969175288277     
   1.21921515738609       9.652632828304625E-002
   1.22076435072458       8.483759321752639E-002
   1.22231354406306       7.390297009171712E-002
   1.22386273740154       6.372245890561845E-002
   1.22541193074003       5.429605965923038E-002
   1.22696112407851       4.562377235255290E-002
   1.22851031741699       3.770559698558602E-002
   1.23005951075548       3.054153355832974E-002
   1.23160870409396       2.413158207078406E-002
   1.23315789743244       1.847574252294897E-002
   1.23470709077092       1.357401491482448E-002
   1.23625628410941       9.426399246410576E-003
   1.23780547744789       6.032895517707270E-003
   1.23935467078637       3.393503728714560E-003
   1.24090386412486       1.508223879432445E-003
   1.24245305746334       3.770559698609246E-004
   1.24400225080182       2.099447040789977E-026
   1.24555144414031       3.770559698496705E-004
   1.24710063747879       1.508223879409936E-003
   1.24864983081727       3.393503728680797E-003
   1.25019902415575       6.032895517662253E-003
   1.25174821749424       9.426399246354304E-003
   1.25329741083272       1.357401491475695E-002
   1.25484660417120       1.847574252287019E-002
   1.25639579750969       2.413158207069402E-002
   1.25794499084817       3.054153355822845E-002
   1.25949418418665       3.770559698547347E-002
   1.26104337752514       4.562377235242911E-002
   1.26259257086362       5.429605965909533E-002
   1.26414176420210       6.372245890547215E-002
   1.26569095754058       7.390297009155955E-002
   1.26724015087907       8.483759321735757E-002
   1.26878934421755       9.652632828286617E-002
   1.27033853755603       0.108969175288085     
   1.27188773089452       0.122166134233015     
   1.27343692423300       0.136117205117655     
   1.27498611757148       0.150822387942006     
   1.27653531090996       0.166281682706068     
   1.27808450424845       0.182495089409840     
   1.27963369758693       0.199462608053323     
   1.28118289092541       0.217184238636516     
   1.28273208426390       0.235659981159420     
   1.28428127760238       0.254889835622035     
   1.28583047094086       0.274873802024360     
   1.28737966427935       0.295611880366395     
   1.28892885761783       0.317104070648142     
   1.29047805095631       0.339350372869599     
   1.29202724429479       0.362350787030766     
   1.29357643763328       0.386105313131644     
   1.29512563097176       0.410613951172233     
   1.29667482431024       0.435876701152532     
   1.29822401764873       0.461893563072542     
   1.29977321098721       0.488664536932263     
   1.30132240432569       0.516189622731694     
   1.30287159766418       0.544468820470836     
   1.30442079100266       0.573502130149688     
   1.30596998434114       0.603289551768251     
   1.30751917767962       0.633831085326525     
   1.30906837101811       0.665126730824509     
   1.31061756435659       0.697176488262203     
   1.31216675769507       0.729980357639609     
   1.31371595103356       0.763538338956725     
   1.31526514437204       0.797850432213551     
   1.31681433771052       0.832916637410088     
   1.31836353104900       0.868736954546336     
   1.31991272438749       0.905311383622295     
   1.32146191772597       0.942639924637963     
   1.32301111106445       0.980722577593343     
   1.32456030440294        1.01955934248843     
   1.32610949774142        1.05915021932323     
   1.32765869107990        1.09949520809775     
   1.32920788441839        1.14059430881197     
   1.33075707775687        1.18244752146590     
   1.33230627109535        1.22505484605954     
   1.33385546443383        1.26841628259290     
   1.33540465777232        1.31253183106596     
   1.33695385111080        1.35740149147874     
   1.33850304444928        1.40302526383122     
   1.34005223778777        1.44940314812342     
   1.34160143112625        1.49653514435532     
   1.34315062446473        1.54442125252694     
   1.34469981780322        1.59306147263827     
   1.34624901114170        1.64245580468931     
   1.34779820448018        1.69260424868006     
   1.34934739781866        1.74350680461052     
   1.35089659115715        1.79516347248069     
   1.35244578449563        1.84757425229057     
   1.35399497783411        1.90073914404016     
   1.35554417117260        1.95465814772946     
   1.35709336451108        2.00933126335847     
   1.35864255784956        2.06475849092720     
   1.36019175118804        2.12093983043563     
   1.36174094452653        2.17787528188378     
   1.36329013786501        2.23556484527163     
   1.36483933120349        2.29400852059920     
   1.36638852454198        2.35320630786647     
   1.36793771788046        2.41315820707346     
   1.36948691121894        2.47386421822016     
   1.37103610455743        2.53532434130657     
   1.37258529789591        2.59753857633268     
   1.37413449123439        2.66050692329851     
   1.37568368457287        2.72422938220405     
   1.37723287791136        2.78870595304930     
   1.37878207124984        2.85393663583427     
   1.38033126458832        2.91992143055894     
   1.38188045792681        2.98666033722332     
   1.38342965126529        3.05415335582741     
   1.38497884460377        3.12240048637122     
   1.38652803794226        3.19140172885473     
   1.38807723128074        3.26115708327795     
   1.38962642461922        3.33166654964089     
   1.39117561795770        3.40293012794354     
   1.39272481129619        3.47494781818589     
   1.39427400463467        3.54771962036796     
   1.39582319797315        3.62124553448974     
   1.39737239131164        3.69552556055122     
   1.39892158465012        3.77055969855242     
   1.40047077798860        3.84634794849333     
   1.40201997132708        3.92289031037395     
   1.40356916466557        4.00018678419428     
   1.40511835800405        4.07823736995433     
   1.40666755134253        4.15704206765408     
   1.40821674468102        4.23660087729354     
   1.40976593801950        4.31691379887271     
   1.41131513135798        4.39798083239160     
   1.41286432469647        4.47980197785019     
   1.41441351803495        4.56237723524850     
   1.41596271137343        4.64570660458651     
   1.41751190471191        4.72979008586424     
   1.41906109805040        4.81462767908167     
   1.42061029138888        4.90021938423882     
   1.42215948472736        4.98656520133568     
   1.42370867806585        5.07366513037225     
   1.42525787140433        5.16151917134853     
   1.42680706474281        5.25012732426452     
   1.42835625808130        5.33948958912022     
   1.42990545141978        5.42960596591563     
   1.43145464475826        5.52047645465075     
   1.43300383809674        5.61210105532558     
   1.43455303143523        5.70447976794012     
   1.43610222477371        5.79761259249438     
   1.43765141811219        5.89149952898834     
   1.43920061145068        5.98614057742201     
   1.44074980478916        6.08153573779540     
   1.44229899812764        6.17768501010850     
   1.44384819146613        6.27458839436130     
   1.44539738480461        6.37224589055382     
   1.44694657814309        6.47065749868605     
   1.44849577148157        6.56982321875798     
   1.45004496482006        6.66974305076963     
   1.45159415815854        6.77041699472099     
   1.45314335149702        6.87184505061206     
   1.45469254483551        6.97402721844284     
   1.45624173817399        7.07696349821333     
   1.45779093151247        7.18065388992353     
   1.45934012485095        7.28509839357345     
   1.46088931818944        7.39029700916307     
   1.46243851152792        7.49624973669240     
   1.46398770486640        7.60295657616145     
   1.46553689820489        7.71041752757020     
   1.46708609154337        7.81863259091867     
   1.46863528488185        7.92760176620684     
   1.47018447822034        8.03732505343473     
   1.47173367155882        8.14780245260232     
   1.47328286489730        8.25903396370963     
   1.47483205823578        8.37101958675665     
   1.47638125157427        8.48375932174338     
   1.47793044491275        8.59725316866982     
   1.47947963825123        8.71150112753597     
   1.48102883158972        8.82650319834183     
   1.48257802492820        8.94225938108740     
   1.48412721826668        9.05876967577268     
   1.48567641160517        9.17603408239767     
   1.48722560494365        9.29405260096238     
   1.48877479828213        9.41282523146679     
   1.49032399162061        9.53235197391091     
   1.49187318495910        9.65263282829475     
   1.49342237829758        9.77366779461830     
   1.49497157163606        9.89545687288155     
   1.49652076497455        10.0180000630845     
   1.49806995831303        10.1412973652272     
   1.49961915165151        10.2653487793096     
   1.50116834498999        10.3901543053317     
   1.50271753832848        10.5157139432935     
   1.50426673166696        10.6420276931950     
   1.50581592500544        10.7690955550362     
   1.50736511834393        10.8969175288172     
   1.50891431168241        11.0254936145378     
   1.51046350502089        11.1548238121982     
   1.51201269835938        11.2849081217983     
   1.51356189169786        11.4157465433381     
   1.51511108503634        11.5473390768175     
   1.51666027837482        11.6796857222367     
   1.51820947171331        11.8127864795957     
   1.51975866505179        11.9466413488943     
   1.52130785839027        12.0812503301326     
   1.52285705172876        12.2166134233107     
   1.52440624506724        12.3527306284284     
   1.52595543840572        12.4896019454859     
   1.52750463174421        12.6272273744831     
   1.52905382508269        12.7656069154200     
   1.53060301842117        12.9047405682966     
   1.53215221175965        13.0446283331129     
   1.53370140509814        13.1852702098689     
   1.53525059843662        13.3266661985646     
   1.53679979177510        13.4688162992001     
   1.53834898511359        13.6117205117752     
   1.53989817845207        13.7553788362901     
   1.54144737179055        13.8997912727447     
   1.54299656512903        14.0449578211389     
   1.54454575846752        14.1908784814729     
   1.54609495180600        14.3375532537466     
   1.54764414514448        14.4849821379601     
   1.54919333848297        14.6331651341132     
   1.55074253182145        14.7821022422060     
   1.55229172515993        14.9317934622386     
   1.55384091849842        14.9317934620157     
   1.55539011183690        14.7821022419843     
   1.55693930517538        14.6331651338926     
   1.55848849851386        14.4849821377406     
   1.56003769185235        14.3375532535283     
   1.56158688519083        14.1908784812557     
   1.56313607852931        14.0449578209228     
   1.56468527186780        13.8997912725296     
   1.56623446520628        13.7553788360762     
   1.56778365854476        13.6117205115624     
   1.56933285188325        13.4688162989884     
   1.57088204522173        13.3266661983541     
   1.57243123856021        13.1852702096595     
   1.57398043189869        13.0446283329046     
   1.57552962523718        12.9047405680894     
   1.57707881857566        12.7656069152139     
   1.57862801191414        12.6272273742781     
   1.58017720525263        12.4896019452821     
   1.58172639859111        12.3527306282257     
   1.58327559192959        12.2166134231091     
   1.58482478526808        12.0812503299322     
   1.58637397860656        11.9466413486949     
   1.58792317194504        11.8127864793974     
   1.58947236528352        11.6796857220396     
   1.59102155862201        11.5473390766216     
   1.59257075196049        11.4157465431432     
   1.59411994529897        11.2849081216045     
   1.59566913863746        11.1548238120056     
   1.59721833197594        11.0254936143463     
   1.59876752531442        10.8969175286268     
   1.60031671865290        10.7690955548470     
   1.60186591199139        10.6420276930069     
   1.60341510532987        10.5157139431065     
   1.60496429866835        10.3901543051458     
   1.60651349200684        10.2653487791248     
   1.60806268534532        10.1412973650435     
   1.60961187868380        10.0180000629020     
   1.61116107202229        9.89545687270012     
   1.61271026536077        9.77366779443799     
   1.61425945869925        9.65263282811556     
   1.61580865203773        9.53235197373285     
   1.61735784537622        9.41282523128984     
   1.61890703871470        9.29405260078655     
   1.62045623205318        9.17603408222296     
   1.62200542539167        9.05876967559909     
   1.62355461873015        8.94225938091493     
   1.62510381206863        8.82650319817048     
   1.62665300540712        8.71150112736574     
   1.62820219874560        8.59725316850071     
   1.62975139208408        8.48375932157539     
   1.63130058542256        8.37101958658978     
   1.63284977876105        8.25903396354388     
   1.63439897209953        8.14780245243769     
   1.63594816543801        8.03732505327122     
   1.63749735877650        7.92760176604445     
   1.63904655211498        7.81863259075739     
   1.64059574545346        7.71041752741005     
   1.64214493879194        7.60295657600241     
   1.64369413213043        7.49624973653449     
   1.64524332546891        7.39029700900628     
   1.64679251880739        7.28509839341777     
   1.64834171214588        7.18065388976898     
   1.64989090548436        7.07696349805990     
   1.65144009882284        6.97402721829053     
   1.65298929216133        6.87184505046087     
   1.65453848549981        6.77041699457092     
   1.65608767883829        6.66974305062068     
   1.65763687217677        6.56982321861015     
   1.65918606551526        6.47065749853933     
   1.66073525885374        6.37224589040822     
   1.66228445219222        6.27458839421683     
   1.66383364553071        6.17768500996514     
   1.66538283886919        6.08153573765317     
   1.66693203220767        5.98614057728090     
   1.66848122554616        5.89149952884835     
   1.67003041888464        5.79761259235550     
   1.67157961222312        5.70447976780237     
   1.67312880556160        5.61210105518895     
   1.67467799890009        5.52047645451523     
   1.67622719223857        5.42960596578123     
   1.67777638557705        5.33948958898694     
   1.67932557891554        5.25012732413236     
   1.68087477225402        5.16151917121749     
   1.68242396559250        5.07366513024233     
   1.68397315893098        4.98656520120688     
   1.68552235226947        4.90021938411115     
   1.68707154560795        4.81462767895512     
   1.68862073894643        4.72979008573880     
   1.69016993228492        4.64570660446220     
   1.69171912562340        4.56237723512530     
   1.69326831896188        4.47980197772812     
   1.69481751230037        4.39798083227064     
   1.69636670563885        4.31691379875288     
   1.69791589897733        4.23660087717482     
   1.69946509231581        4.15704206753648     
   1.70101428565430        4.07823736983785     
   1.70256347899278        4.00018678407893     
   1.70411267233126        3.92289031025972     
   1.70566186566975        3.84634794838022     
   1.70721105900823        3.77055969844043     
   1.70876025234671        3.69552556044035     
   1.71030944568520        3.62124553437998     
   1.71185863902368        3.54771962025932     
   1.71340783236216        3.47494781807838     
   1.71495702570064        3.40293012783714     
   1.71650621903913        3.33166654953561     
   1.71805541237761        3.26115708317380     
   1.71960460571609        3.19140172875169     
   1.72115379905458        3.12240048626930     
   1.72270299239306        3.05415335572662     
   1.72425218573154        2.98666033712364     
   1.72580137907003        2.91992143046038     
   1.72735057240851        2.85393663573683     
   1.72889976574699        2.78870595295299     
   1.73044895908547        2.72422938210886     
   1.73199815242396        2.66050692320444     
   1.73354734576244        2.59753857623973     
   1.73509653910092        2.53532434121473     
   1.73664573243941        2.47386421812944     
   1.73819492577789        2.41315820698386     
   1.73974411911637        2.35320630777800     
   1.74129331245485        2.29400852051184     
   1.74284250579334        2.23556484518539     
   1.74439169913182        2.17787528179866     
   1.74594089247030        2.12093983035164     
   1.74749008580879        2.06475849084432     
   1.74903927914727        2.00933126327672     
   1.75058847248575        1.95465814764883     
   1.75213766582424        1.90073914396064     
   1.75368685916272        1.84757425221217     
   1.75523605250120        1.79516347240341     
   1.75678524583968        1.74350680453436     
   1.75833443917817        1.69260424860502     
   1.75988363251665        1.64245580461539     
   1.76143282585513        1.59306147256547     
   1.76298201919362        1.54442125245526     
   1.76453121253210        1.49653514428477     
   1.76608040587058        1.44940314805398     
   1.76762959920907        1.40302526376290     
   1.76917879254755        1.35740149141154     
   1.77072798588603        1.31253183099988     
   1.77227717922451        1.26841628252794     
   1.77382637256300        1.22505484599571     
   1.77537556590148        1.18244752140318     
   1.77692475923996        1.14059430875037     
   1.77847395257845        1.09949520803727     
   1.78002314591693        1.05915021926388     
   1.78157233925541        1.01955934243020     
   1.78312153259389       0.980722577536225     
   1.78467072593238       0.942639924581966     
   1.78621991927086       0.905311383567417     
   1.78776911260934       0.868736954492579     
   1.78931830594783       0.832916637357451     
   1.79086749928631       0.797850432162034     
   1.79241669262479       0.763538338906327     
   1.79396588596328       0.729980357590331     
   1.79551507930176       0.697176488214046     
   1.79706427264024       0.665126730777471     
   1.79861346597872       0.633831085280607     
   1.80016265931721       0.603289551723453     
   1.80171185265569       0.573502130106010     
   1.80326104599417       0.544468820428278     
   1.80481023933266       0.516189622690256     
   1.80635943267114       0.488664536891945     
   1.80790862600962       0.461893563033344     
   1.80945781934811       0.435876701114454     
   1.81100701268659       0.410613951135275     
   1.81255620602507       0.386105313095806     
   1.81410539936355       0.362350786996048     
   1.81565459270204       0.339350372836000     
   1.81720378604052       0.317104070615663     
   1.81875297937900       0.295611880335037     
   1.82030217271749       0.274873801994121     
   1.82185136605597       0.254889835592916     
   1.82340055939445       0.235659981131421     
   1.82494975273294       0.217184238609637     
   1.82649894607142       0.199462608027564     
   1.82804813940990       0.182495089385201     
   1.82959733274838       0.166281682682549     
   1.83114652608687       0.150822387919607     
   1.83269571942535       0.136117205096376     
   1.83424491276383       0.122166134212856     
   1.83579410610232       0.108969175269046     
   1.83734329944080       9.652632826494698E-002
   1.83889249277928       8.483759320055832E-002
   1.84044168611776       7.390297007588027E-002
   1.84199087945625       6.372245889091280E-002
   1.84354007279473       5.429605964565593E-002
   1.84508926613321       4.562377234010966E-002
   1.84663845947170       3.770559697427398E-002
   1.84818765281018       3.054153354814890E-002
   1.84973684614866       2.413158206173442E-002
   1.85128603948715       1.847574251503054E-002
   1.85283523282563       1.357401490803725E-002
   1.85438442616411       9.426399240754555E-003
   1.85593361950259       6.032895513182454E-003
   1.85748281284108       3.393503725320947E-003
   1.85903200617956       1.508223877170036E-003
   1.86058119951804       3.770559687297205E-004
   1.86213039285653       8.400103979146626E-022
   1.86367958619501       3.770559709808746E-004
   1.86522877953349       1.508223881672344E-003
   1.86677797287198       3.393503732074409E-003
   1.86832716621046       6.032895522187070E-003
   1.86987635954894       9.426399252010324E-003
   1.87142555288742       1.357401492154417E-002
   1.87297474622591       1.847574253078861E-002
   1.87452393956439       2.413158207974365E-002
   1.87607313290287       3.054153356840929E-002
   1.87762232624136       3.770559699678552E-002
   1.87917151957984       4.562377236487235E-002
   1.88072071291832       5.429605967266977E-002
   1.88226990625680       6.372245892017780E-002
   1.88381909959529       7.390297010739641E-002
   1.88536829293377       8.483759323432563E-002
   1.88691748627225       9.652632830096544E-002
   1.88846667961074       0.108969175307316     
   1.89001587294922       0.122166134253377     
   1.89156506628770       0.136117205139148     
   1.89311425962619       0.150822387964631     
   1.89466345296467       0.166281682729823     
   1.89621264630315       0.182495089434727     
   1.89776183964163       0.199462608079341     
   1.89931103298012       0.217184238663665     
   1.90086022631860       0.235659981187700     
   1.90240941965708       0.254889835651446     
   1.90395861299557       0.274873802054902     
   1.90550780633405       0.295611880398069     
   1.90705699967253       0.317104070680947     
   1.90860619301102       0.339350372903535     
   1.91015538634950       0.362350787065834     
   1.91170457968798       0.386105313167843     
   1.91325377302646       0.410613951209563     
   1.91480296636495       0.435876701190993     
   1.91635215970343       0.461893563112134     
   1.91790135304191       0.488664536972986     
   1.91945054638040       0.516189622773549     
   1.92099973971888       0.544468820513822     
   1.92254893305736       0.573502130193805     
   1.92409812639584       0.603289551813499     
   1.92564731973433       0.633831085372904     
   1.92719651307281       0.665126730872019     
   1.92874570641129       0.697176488310845     
   1.93029489974978       0.729980357689382     
   1.93184409308826       0.763538339007629     
   1.93339328642674       0.797850432265587     
   1.93494247976523       0.832916637463255     
   1.93649167310371       0.868736954600634     
   1.93804086644219       0.905311383677724     
   1.93959005978067       0.942639924694524     
   1.94113925311916       0.980722577651035     
   1.94268844645764        1.01955934254726     
   1.94423763979612        1.05915021938319     
   1.94578683313461        1.09949520815883     
   1.94733602647309        1.14059430887418     
   1.94888521981157        1.18244752152925     
   1.95043441315006        1.22505484612402     
   1.95198360648854        1.26841628265851     
   1.95353279982702        1.31253183113270     
   1.95508199316550        1.35740149154661     
   1.95663118650399        1.40302526390022     
   1.95818037984247        1.44940314819355     
   1.95972957318095        1.49653514442659     
   1.96127876651944        1.54442125259934     
   1.96282795985792        1.59306147271180     
   1.96437715319640        1.64245580476397     
   1.96592634653488        1.69260424875585     
   1.96747553987337        1.74350680468744     
   1.96902473321185        1.79516347255874     
   1.97057392655033        1.84757425236975     
   1.97212311988882        1.90073914412048     
   1.97367231322730        1.95465814781091     
   1.97522150656578        2.00933126344105     
   1.97677069990427        2.06475849101091     
   1.97831989324275        2.12093983052047     
   1.97986908658123        2.17787528196975     
   1.98141827991971        2.23556484535873     
   1.98296747325820        2.29400852068743     
   1.98451666659668        2.35320630795584     
   1.98606585993516        2.41315820716396     
   1.98761505327365        2.47386421831179     
   1.98916424661213        2.53532434139932     
   1.99071343995061        2.59753857642657     
   1.99226263328910        2.66050692339353     
   1.99381182662758        2.72422938230021     
   1.99536101996606        2.78870595314659     
   1.99691021330454        2.85393663593268     
   1.99845940664303        2.91992143065848     
   2.00000859998151        2.98666033732400     
   2.00155779331999        3.05415335592922     
   2.00310698665848        3.12240048647416     
   2.00465617999696        3.19140172895880     
   2.00620537333544        3.26115708338316     
   2.00775456667392        3.33166654974722     
   2.00930376001241        3.40293012805100     
   2.01085295335089        3.47494781829449     
   2.01240214668937        3.54771962047769     
   2.01395134002786        3.62124553460059     
   2.01550053336634        3.69552556066321     
   2.01704972670482        3.77055969866554     
   2.01859892004331        3.84634794860758     
   2.02014811338179        3.92289031048934     
   2.02169730672027        4.00018678431080     
   2.02324650005875        4.07823737007197     
   2.02479569339724        4.15704206777285     
   2.02634488673572        4.23660087741345     
   2.02789408007420        4.31691379899375     
   2.02944327341269        4.39798083251377     
   2.03099246675117        4.47980197797349     
   2.03254166008965        4.56237723537293     
   2.03409085342814        4.64570660471207     
   2.03564004676662        4.72979008599093     
   2.03718924010510        4.81462767920950     
   2.03873843344358        4.90021938436778     
   2.04028762678207        4.98656520146577     
   2.04183682012055        5.07366513050347     
   2.04338601345903        5.16151917148088     
   2.04493520679752        5.25012732439800     
   2.04648440013600        5.33948958925483     
   2.04803359347448        5.42960596605137     
   2.04958278681297        5.52047645478762     
   2.05113198015145        5.61210105546359     
   2.05268117348993        5.70447976807926     
   2.05423036682841        5.79761259263465     
   2.05577956016690        5.89149952912974     
   2.05732875350538        5.98614057756455     
   2.05887794684386        6.08153573793906     
   2.06042714018235        6.17768501025329     
   2.06197633352083        6.27458839450723     
   2.06352552685931        6.37224589070088     
   2.06507472019779        6.47065749883423     
   2.06662391353628        6.56982321890730     
   2.06817310687476        6.66974305092008     
   2.06972230021324        6.77041699487257     
   2.07127149355173        6.87184505076477     
   2.07282068689021        6.97402721859669     
   2.07436988022869        7.07696349836831     
   2.07591907356718        7.18065389007964     
   2.07746826690566        7.28509839373068     
   2.07901746024414        7.39029700932144     
   2.08056665358262        7.49624973685190     
   2.08211584692111        7.60295657632208     
   2.08366504025959        7.71041752773196     
   2.08521423359807        7.81863259108156     
   2.08676342693656        7.92760176637087     
   2.08831262027504        8.03732505359988     
   2.08986181361352        8.14780245276861     
   2.09141100695201        8.25903396387705     
   2.09296020029049        8.37101958692520     
   2.09450939362897        8.48375932191306     
   2.09605858696745        8.59725316884063     
   2.09760778030594        8.71150112770791     
   2.09915697364442        8.82650319851490     
   2.10070616698290        8.94225938126161     
   2.10225536032139        9.05876967594802     
   2.10380455365987        9.17603408257414     
   2.10535374699835        9.29405260113998     
   2.10690294033683        9.41282523164552     
   2.10845213367532        9.53235197409078     
   2.11000132701380        9.65263282847574     
   2.11155052035228        9.77366779480042     
   2.11309971369077        9.89545687306481     
   2.11464890702925        10.0180000632689     
   2.11619810036773        10.1412973654127     
   2.11774729370622        10.2653487794962     
   2.11929648704470        10.3901543055195     
   2.12084568038318        10.5157139434824     
   2.12239487372166        10.6420276933851     
   2.12394406706015        10.7690955552274     
   2.12549326039863        10.8969175290095     
   2.12704245373711        11.0254936147313     
   2.12859164707560        11.1548238123928     
   2.13014084041408        11.2849081219940     
   2.13169003375256        11.4157465435349     
   2.13323922709105        11.5473390770155     
   2.13478842042953        11.6796857224358     
   2.13633761376801        11.8127864797959     
   2.13788680710649        11.9466413490956     
   2.13943600044498        12.0812503303351     
   2.14098519378346        12.2166134235143     
   2.14253438712194        12.3527306286332     
   2.14408358046043        12.4896019456918     
   2.14563277379891        12.6272273746901     
   2.14718196713739        12.7656069156281     
   2.14873116047587        12.9047405685058     
   2.15028035381436        13.0446283333233     
   2.15182954715284        13.1852702100804     
   2.15337874049132        13.3266661987773     
   2.15492793382981        13.4688162994139     
   2.15647712716829        13.6117205119901     
   2.15802632050677        13.7553788365061     
   2.15957551384526        13.8997912729619     
   2.16112470718374        14.0449578213573     
   2.16267390052222        14.1908784816924     
   2.16422309386070        14.3375532539672     
   2.16577228719919        14.4849821381818     
   2.16732148053767        14.6331651343360     
   2.16887067387615        14.7821022424300     
   2.17041986721464        14.7821022422094     
   2.17196906055312        14.6331651341165     
   2.17351825389160        14.4849821379634     
   2.17506744723009        14.3375532537499     
   2.17661664056857        14.1908784814762     
   2.17816583390705        14.0449578211422     
   2.17971502724553        13.8997912727479     
   2.18126422058402        13.7553788362933     
   2.18281341392250        13.6117205117784     
   2.18436260726098        13.4688162992033     
   2.18591180059947        13.3266661985678     
   2.18746099393795        13.1852702098721     
   2.18901018727643        13.0446283331160     
   2.19055938061492        12.9047405682997     
   2.19210857395340        12.7656069154231     
   2.19365776729188        12.6272273744862     
   2.19520696063036        12.4896019454890     
   2.19675615396885        12.3527306284315     
   2.19830534730733        12.2166134233137     
   2.19985454064581        12.0812503301356     
   2.20140373398430        11.9466413488973     
   2.20295292732278        11.8127864795987     
   2.20450212066126        11.6796857222397     
   2.20605131399974        11.5473390768205     
   2.20760050733823        11.4157465433410     
   2.20914970067671        11.2849081218012     
   2.21069889401519        11.1548238122011     
   2.21224808735368        11.0254936145407     
   2.21379728069216        10.8969175288201     
   2.21534647403064        10.7690955550391     
   2.21689566736913        10.6420276931978     
   2.21844486070761        10.5157139432963     
   2.21999405404609        10.3901543053345     
   2.22154324738457        10.2653487793124     
   2.22309244072306        10.1412973652300     
   2.22464163406154        10.0180000630873     
   2.22619082740002        9.89545687288429     
   2.22774002073851        9.77366779462101     
   2.22928921407699        9.65263282829745     
   2.23083840741547        9.53235197391360     
   2.23238760075396        9.41282523146946     
   2.23393679409244        9.29405260096503     
   2.23548598743092        9.17603408240031     
   2.23703518076940        9.05876967577530     
   2.23858437410789        8.94225938109000     
   2.24013356744637        8.82650319834441     
   2.24168276078485        8.71150112753853     
   2.24323195412334        8.59725316867237     
   2.24478114746182        8.48375932174591     
   2.24633034080030        8.37101958675917     
   2.24787953413878        8.25903396371213     
   2.24942872747727        8.14780245260481     
   2.25097792081575        8.03732505343719     
   2.25252711415423        7.92760176620929     
   2.25407630749272        7.81863259092110     
   2.25562550083120        7.71041752757262     
   2.25717469416968        7.60295657616384     
   2.25872388750817        7.49624973669478     
   2.26027308084665        7.39029700916543     
   2.26182227418513        7.28509839357579     
   2.26337146752361        7.18065388992586     
   2.26492066086210        7.07696349821565     
   2.26646985420058        6.97402721844514     
   2.26801904753906        6.87184505061434     
   2.26956824087755        6.77041699472325     
   2.27111743421603        6.66974305077188     
   2.27266662755451        6.56982321876021     
   2.27421582089300        6.47065749868826     
   2.27576501423148        6.37224589055601     
   2.27731420756996        6.27458839436348     
   2.27886340090844        6.17768501011066     
   2.28041259424693        6.08153573779754     
   2.28196178758541        5.98614057742414     
   2.28351098092389        5.89149952899045     
   2.28506017426238        5.79761259249647     
   2.28660936760086        5.70447976794220     
   2.28815856093934        5.61210105532764     
   2.28970775427783        5.52047645465279     
   2.29125694761631        5.42960596591765     
   2.29280614095479        5.33948958912222     
   2.29435533429327        5.25012732426651     
   2.29590452763176        5.16151917135050     
   2.29745372097024        5.07366513037420     
   2.29900291430872        4.98656520133762     
   2.30055210764721        4.90021938424074     
   2.30210130098569        4.81462767908358     
   2.30365049432417        4.72979008586613     
   2.30519968766265        4.64570660458838     
   2.30674888100114        4.56237723525035     
   2.30829807433962        4.47980197785203     
   2.30984726767810        4.39798083239342     
   2.31139646101659        4.31691379887452     
   2.31294565435507        4.23660087729533     
   2.31449484769355        4.15704206765585     
   2.31604404103204        4.07823736995608     
   2.31759323437052        4.00018678419602     
   2.31914242770900        3.92289031037567     
   2.32069162104748        3.84634794849504     
   2.32224081438597        3.77055969855411     
   2.32379000772445        3.69552556055290     
   2.32533920106293        3.62124553449139     
   2.32688839440142        3.54771962036960     
   2.32843758773990        3.47494781818751     
   2.32998678107838        3.40293012794514     
   2.33153597441687        3.33166654964248     
   2.33308516775535        3.26115708327952     
   2.33463436109383        3.19140172885628     
   2.33618355443231        3.12240048637275     
   2.33773274777080        3.05415335582893     
   2.33928194110928        2.98666033722482     
   2.34083113444776        2.91992143056042     
   2.34238032778625        2.85393663583573     
   2.34392952112473        2.78870595305076     
   2.34547871446321        2.72422938220549     
   2.34702790780169        2.66050692329993     
   2.34857710114018        2.59753857633409     
   2.35012629447866        2.53532434130795     
   2.35167548781714        2.47386421822152     
   2.35322468115563        2.41315820707481     
   2.35477387449411        2.35320630786781     
   2.35632306783259        2.29400852060051     
   2.35787226117108        2.23556484527293     
   2.35942145450956        2.17787528188506     
   2.36097064784804        2.12093983043690     
   2.36251984118652        2.06475849092845     
   2.36406903452501        2.00933126335971     
   2.36561822786349        1.95465814773068     
   2.36716742120197        1.90073914404136     
   2.36871661454046        1.84757425229175     
   2.37026580787894        1.79516347248185     
   2.37181500121742        1.74350680461166     
   2.37336419455591        1.69260424868119     
   2.37491338789439        1.64245580469042     
   2.37646258123287        1.59306147263937     
   2.37801177457135        1.54442125252802     
   2.37956096790984        1.49653514435639     
   2.38111016124832        1.44940314812446     
   2.38265935458680        1.40302526383225     
   2.38420854792529        1.35740149147975     
   2.38575774126377        1.31253183106696     
   2.38730693460225        1.26841628259388     
   2.38885612794073        1.22505484606050     
   2.39040532127922        1.18244752146684     
   2.39195451461770        1.14059430881290     
   2.39350370795618        1.09949520809866     
   2.39505290129467        1.05915021932413     
   2.39660209463315        1.01955934248931     
   2.39815128797163       0.980722577594204     
   2.39970048131012       0.942639924638807     
   2.40124967464860       0.905311383623121     
   2.40279886798708       0.868736954547146     
   2.40434806132556       0.832916637410882     
   2.40589725466405       0.797850432214328     
   2.40744644800253       0.763538338957484     
   2.40899564134101       0.729980357640351     
   2.41054483467950       0.697176488262929     
   2.41209402801798       0.665126730825217     
   2.41364322135646       0.633831085327216     
   2.41519241469495       0.603289551768926     
   2.41674160803343       0.573502130150346     
   2.41829080137191       0.544468820471477     
   2.41983999471039       0.516189622732318     
   2.42138918804888       0.488664536932870     
   2.42293838138736       0.461893563073133     
   2.42448757472584       0.435876701153106     
   2.42603676806433       0.410613951172790     
   2.42758596140281       0.386105313132184     
   2.42913515474129       0.362350787031289     
   2.43068434807978       0.339350372870105     
   2.43223354141826       0.317104070648631     
   2.43378273475674       0.295611880366868     
   2.43533192809522       0.274873802024815     
   2.43688112143371       0.254889835622473     
   2.43843031477219       0.235659981159842     
   2.43997950811067       0.217184238636921     
   2.44152870144916       0.199462608053711     
   2.44307789478764       0.182495089410211     
   2.44462708812612       0.166281682706422     
   2.44617628146460       0.150822387942344     
   2.44772547480309       0.136117205117976     
   2.44927466814157       0.122166134233319     
   2.45082386148005       0.108969175288372     
   2.45237305481854       9.652632828313619E-002
   2.45392224815702       8.483759321761070E-002
   2.45547144149550       7.390297009179582E-002
   2.45702063483399       6.372245890569153E-002
   2.45856982817247       5.429605965929784E-002
   2.46011902151095       4.562377235261474E-002
   2.46166821484943       3.770559698564224E-002
   2.46321740818792       3.054153355838033E-002
   2.46476660152640       2.413158207082903E-002
   2.46631579486488       1.847574252298832E-002
   2.46786498820337       1.357401491485820E-002
   2.46941418154185       9.426399246438680E-003
   2.47096337488033       6.032895517729755E-003
   2.47251256821882       3.393503728731423E-003
   2.47406176155730       1.508223879443687E-003
   2.47561095489578       3.770559698665458E-004
   2.47716014823426       8.388795236563872E-026
   2.47870934157275       3.770559698440494E-004
   2.48025853491123       1.508223879398694E-003
   2.48180772824971       3.393503728663934E-003
   2.48335692158820       6.032895517639769E-003
   2.48490611492668       9.426399246326198E-003
   2.48645530826516       1.357401491472322E-002
   2.48800450160364       1.847574252283084E-002
   2.48955369494213       2.413158207064905E-002
   2.49110288828061       3.054153355817786E-002
   2.49265208161909       3.770559698541727E-002
   2.49420127495758       4.562377235236727E-002
   2.49575046829606       5.429605965902787E-002
   2.49729966163454       6.372245890539907E-002
   2.49884885497303       7.390297009148086E-002
   2.50039804831151       8.483759321727326E-002
   2.50194724164999       9.652632828277624E-002
   2.50349643498847       0.108969175287990     
   2.50504562832696       0.122166134232914     
   2.50659482166544       0.136117205117549     
   2.50814401500392       0.150822387941894     
   2.50969320834241       0.166281682705950     
   2.51124240168089       0.182495089409716     
   2.51279159501937       0.199462608053194     
   2.51434078835786       0.217184238636381     
   2.51588998169634       0.235659981159280     
   2.51743917503482       0.254889835621888     
   2.51898836837330       0.274873802024208     
   2.52053756171179       0.295611880366238     
   2.52208675505027       0.317104070647979     
   2.52363594838875       0.339350372869430     
   2.52518514172724       0.362350787030592     
   2.52673433506572       0.386105313131464     
   2.52828352840420       0.410613951172047     
   2.52983272174269       0.435876701152341     
   2.53138191508117       0.461893563072346     
   2.53293110841965       0.488664536932061     
   2.53448030175813       0.516189622731486     
   2.53602949509662       0.544468820470622     
   2.53757868843510       0.573502130149469     
   2.53912788177358       0.603289551768026     
   2.54067707511207       0.633831085326294     
   2.54222626845055       0.665126730824273     
   2.54377546178903       0.697176488261962     
   2.54532465512751       0.729980357639362     
   2.54687384846600       0.763538338956472     
   2.54842304180448       0.797850432213293     
   2.54997223514296       0.832916637409824     
   2.55152142848145       0.868736954546066     
   2.55307062181993       0.905311383622019     
   2.55461981515841       0.942639924637683     
   2.55616900849690       0.980722577593056     
   2.55771820183538        1.01955934248814     
   2.55926739517386        1.05915021932294     
   2.56081658851234        1.09949520809744     
   2.56236578185083        1.14059430881166     
   2.56391497518931        1.18244752146558     
   2.56546416852779        1.22505484605922     
   2.56701336186628        1.26841628259257     
   2.56856255520476        1.31253183106563     
   2.57011174854324        1.35740149147840     
   2.57166094188173        1.40302526383088     
   2.57321013522021        1.44940314812307     
   2.57475932855869        1.49653514435497     
   2.57630852189717        1.54442125252658     
   2.57785771523566        1.59306147263790     
   2.57940690857414        1.64245580468894     
   2.58095610191262        1.69260424867968     
   2.58250529525111        1.74350680461013     
   2.58405448858959        1.79516347248030     
   2.58560368192807        1.84757425229017     
   2.58715287526655        1.90073914403976     
   2.58870206860504        1.95465814772906     
   2.59025126194352        2.00933126335806     
   2.59180045528200        2.06475849092678     
   2.59334964862049        2.12093983043521     
   2.59489884195897        2.17787528188335     
   2.59644803529745        2.23556484527120     
   2.59799722863594        2.29400852059876     
   2.59954642197442        2.35320630786603     
   2.60109561531290        2.41315820707301     
   2.60264480865138        2.47386421821970     
   2.60419400198987        2.53532434130610     
   2.60574319532835        2.59753857633222     
   2.60729238866683        2.66050692329804     
   2.60884158200532        2.72422938220358     
   2.61039077534380        2.78870595304882     
   2.61193996868228        2.85393663583378     
   2.61348916202077        2.91992143055844     
   2.61503835535925        2.98666033722282     
   2.61658754869773        3.05415335582691     
   2.61813674203621        3.12240048637070     
   2.61968593537470        3.19140172885421     
   2.62123512871318        3.26115708327743     
   2.62278432205166        3.33166654964036     
   2.62433351539015        3.40293012794300     
   2.62588270872863        3.47494781818535     
   2.62743190206711        3.54771962036741     
   2.62898109540559        3.62124553448919     
   2.63053028874408        3.69552556055067     
   2.63207948208256        3.77055969855186     
   2.63362867542104        3.84634794849277     
   2.63517786875953        3.92289031037338     
   2.63672706209801        4.00018678419370     
   2.63827625543649        4.07823736995374     
   2.63982544877498        4.15704206765349     
   2.64137464211346        4.23660087729294     
   2.64292383545194        4.31691379887211     
   2.64447302879042        4.39798083239099     
   2.64602222212891        4.47980197784958     
   2.64757141546739        4.56237723524788     
   2.64912060880587        4.64570660458589     
   2.65066980214436        4.72979008586361     
   2.65221899548284        4.81462767908104     
   2.65376818882132        4.90021938423818     
   2.65531738215981        4.98656520133503     
   2.65686657549829        5.07366513037160     
   2.65841576883677        5.16151917134787     
   2.65996496217525        5.25012732426385     
   2.66151415551374        5.33948958911955     
   2.66306334885222        5.42960596591495     
   2.66461254219070        5.52047645465007     
   2.66616173552919        5.61210105532489     
   2.66771092886767        5.70447976793943     
   2.66926012220615        5.79761259249368     
   2.67080931554463        5.89149952898764     
   2.67235850888312        5.98614057742131     
   2.67390770222160        6.08153573779469     
   2.67545689556008        6.17768501010778     
   2.67700608889857        6.27458839436058     
   2.67855528223705        6.37224589055309     
   2.68010447557553        6.47065749868531     
   2.68165366891402        6.56982321875724     
   2.68320286225250        6.66974305076888     
   2.68475205559098        6.77041699472024     
   2.68630124892946        6.87184505061130     
   2.68785044226795        6.97402721844208     
   2.68939963560643        7.07696349821256     
   2.69094882894491        7.18065388992276     
   2.69249802228340        7.28509839357266     
   2.69404721562188        7.39029700916228     
   2.69559640896036        7.49624973669161     
   2.69714560229885        7.60295657616065     
   2.69869479563733        7.71041752756940     
   2.70024398897581        7.81863259091786     
   2.70179318231429        7.92760176620603     
   2.70334237565278        8.03732505343391     
   2.70489156899126        8.14780245260150     
   2.70644076232974        8.25903396370880     
   2.70798995566823        8.37101958675581     
   2.70953914900671        8.48375932174254     
   2.71108834234519        8.59725316866897     
   2.71263753568367        8.71150112753511     
   2.71418672902216        8.82650319834097     
   2.71573592236064        8.94225938108653     
   2.71728511569912        9.05876967577181     
   2.71883430903761        9.17603408239680     
   2.72038350237609        9.29405260096149     
   2.72193269571457        9.41282523146590     
   2.72348188905306        9.53235197391002     
   2.72503108239154        9.65263282829385     
   2.72658027573002        9.77366779461739     
   2.72812946906850        9.89545687288064     
   2.72967866240699        10.0180000630836     
   2.73122785574547        10.1412973652263     
   2.73277704908395        10.2653487793087     
   2.73432624242244        10.3901543053307     
   2.73587543576092        10.5157139432926     
   2.73742462909940        10.6420276931941     
   2.73897382243789        10.7690955550353     
   2.74052301577637        10.8969175288162     
   2.74207220911485        11.0254936145369     
   2.74362140245333        11.1548238121972     
   2.74517059579182        11.2849081217973     
   2.74671978913030        11.4157465433371     
   2.74826898246878        11.5473390768166     
   2.74981817580727        11.6796857222358     
   2.75136736914575        11.8127864795947     
   2.75291656248423        11.9466413488933     
   2.75446575582272        12.0812503301316     
   2.75601494916120        12.2166134233097     
   2.75756414249968        12.3527306284274     
   2.75911333583816        12.4896019454849     
   2.76066252917665        12.6272273744820     
   2.76221172251513        12.7656069154189     
   2.76376091585361        12.9047405682955     
   2.76531010919210        13.0446283331118     
   2.76685930253058        13.1852702098678     
   2.76840849586906        13.3266661985636     
   2.76995768920754        13.4688162991990     
   2.77150688254603        13.6117205117742     
   2.77305607588451        13.7553788362890     
   2.77460526922299        13.8997912727436     
   2.77615446256148        14.0449578211379     
   2.77770365589996        14.1908784814718     
   2.77925284923844        14.3375532537455     
   2.78080204257693        14.4849821379590     
   2.78235123591541        14.6331651341121     
   2.78390042925389        14.6331651338937     
   2.78544962259237        14.4849821377416     
   2.78699881593086        14.3375532535294     
   2.78854800926934        14.1908784812568     
   2.79009720260782        14.0449578209239     
   2.79164639594631        13.8997912725307     
   2.79319558928479        13.7553788360772     
   2.79474478262327        13.6117205115635     
   2.79629397596176        13.4688162989895     
   2.79784316930024        13.3266661983551     
   2.79939236263872        13.1852702096605     
   2.80094155597720        13.0446283329056     
   2.80249074931569        12.9047405680904     
   2.80403994265417        12.7656069152149     
   2.80558913599265        12.6272273742792     
   2.80713832933114        12.4896019452831     
   2.80868752266962        12.3527306282267     
   2.81023671600810        12.2166134231101     
   2.81178590934658        12.0812503299332     
   2.81333510268507        11.9466413486959     
   2.81488429602355        11.8127864793984     
   2.81643348936203        11.6796857220406     
   2.81798268270052        11.5473390766225     
   2.81953187603900        11.4157465431442     
   2.82108106937748        11.2849081216055     
   2.82263026271597        11.1548238120065     
   2.82417945605445        11.0254936143473     
   2.82572864939293        10.8969175286277     
   2.82727784273141        10.7690955548479     
   2.82882703606990        10.6420276930078     
   2.83037622940838        10.5157139431074     
   2.83192542274686        10.3901543051467     
   2.83347461608535        10.2653487791257     
   2.83502380942383        10.1412973650444     
   2.83657300276231        10.0180000629029     
   2.83812219610080        9.89545687270103     
   2.83967138943928        9.77366779443889     
   2.84122058277776        9.65263282811646     
   2.84276977611624        9.53235197373374     
   2.84431896945473        9.41282523129073     
   2.84586816279321        9.29405260078743     
   2.84741735613169        9.17603408222384     
   2.84896654947018        9.05876967559996     
   2.85051574280866        8.94225938091579     
   2.85206493614714        8.82650319817134     
   2.85361412948562        8.71150112736659     
   2.85516332282411        8.59725316850155     
   2.85671251616259        8.48375932157623     
   2.85826170950107        8.37101958659061     
   2.85981090283956        8.25903396354471     
   2.86136009617804        8.14780245243852     
   2.86290928951652        8.03732505327203     
   2.86445848285501        7.92760176604526     
   2.86600767619349        7.81863259075820     
   2.86755686953197        7.71041752741085     
   2.86910606287045        7.60295657600321     
   2.87065525620894        7.49624973653528     
   2.87220444954742        7.39029700900706     
   2.87375364288590        7.28509839341855     
   2.87530283622439        7.18065388976975     
   2.87685202956287        7.07696349806067     
   2.87840122290135        6.97402721829129     
   2.87995041623984        6.87184505046162     
   2.88149960957832        6.77041699457167     
   2.88304880291680        6.66974305062142     
   2.88459799625528        6.56982321861089     
   2.88614718959377        6.47065749854007     
   2.88769638293225        6.37224589040895     
   2.88924557627073        6.27458839421755     
   2.89079476960922        6.17768500996586     
   2.89234396294770        6.08153573765388     
   2.89389315628618        5.98614057728161     
   2.89544234962466        5.89149952884905     
   2.89699154296315        5.79761259235620     
   2.89854073630163        5.70447976780306     
   2.90008992964011        5.61210105518963     
   2.90163912297860        5.52047645451591     
   2.90318831631708        5.42960596578190     
   2.90473750965556        5.33948958898761     
   2.90628670299405        5.25012732413302     
   2.90783589633253        5.16151917121815     
   2.90938508967101        5.07366513024298     
   2.91093428300949        4.98656520120753     
   2.91248347634798        4.90021938411178     
   2.91403266968646        4.81462767895575     
   2.91558186302494        4.72979008573943     
   2.91713105636343        4.64570660446282     
   2.91868024970191        4.56237723512592     
   2.92022944304039        4.47980197772873     
   2.92177863637888        4.39798083227125     
   2.92332782971736        4.31691379875348     
   2.92487702305584        4.23660087717542     
   2.92642621639432        4.15704206753707     
   2.92797540973281        4.07823736983843     
   2.92952460307129        4.00018678407951     
   2.93107379640977        3.92289031026029     
   2.93262298974826        3.84634794838078     
   2.93417218308674        3.77055969844099     
   2.93572137642522        3.69552556044090     
   2.93727056976370        3.62124553438053     
   2.93881976310219        3.54771962025987     
   2.94036895644067        3.47494781807891     
   2.94191814977915        3.40293012783767     
   2.94346734311764        3.33166654953614     
   2.94501653645612        3.26115708317432     
   2.94656572979460        3.19140172875221     
   2.94811492313309        3.12240048626981     
   2.94966411647157        3.05415335572712     
   2.95121330981005        2.98666033712414     
   2.95276250314853        2.91992143046087     
   2.95431169648702        2.85393663573732     
   2.95586088982550        2.78870595295347     
   2.95741008316398        2.72422938210933     
   2.95895927650247        2.66050692320491     
   2.96050846984095        2.59753857624019     
   2.96205766317943        2.53532434121519     
   2.96360685651792        2.47386421812990     
   2.96515604985640        2.41315820698431     
   2.96670524319488        2.35320630777844     
   2.96825443653336        2.29400852051228     
   2.96980362987185        2.23556484518583     
   2.97135282321033        2.17787528179909     
   2.97290201654881        2.12093983035206     
   2.97445120988730        2.06475849084474     
   2.97600040322578        2.00933126327713     
   2.97754959656426        1.95465814764923     
   2.97909878990275        1.90073914396104     
   2.98064798324123        1.84757425221256     
   2.98219717657971        1.79516347240380     
   2.98374636991819        1.74350680453474     
   2.98529556325668        1.69260424860540     
   2.98684475659516        1.64245580461576     
   2.98839394993364        1.59306147256584     
   2.98994314327213        1.54442125245562     
   2.99149233661061        1.49653514428512     
   2.99304152994909        1.44940314805433     
   2.99459072328757        1.40302526376325     
   2.99613991662606        1.35740149141187     
   2.99768910996454        1.31253183100021     
   2.99923830330302        1.26841628252826     
   3.00078749664151        1.22505484599602     
   3.00233668997999        1.18244752140350     
   3.00388588331847        1.14059430875068     
   3.00543507665696        1.09949520803757     
   3.00698426999544        1.05915021926417     
   3.00853346333392        1.01955934243049     
   3.01008265667240       0.980722577536511     
   3.01163185001089       0.942639924582246     
   3.01318104334937       0.905311383567691     
   3.01473023668785       0.868736954492847     
   3.01627943002634       0.832916637357714     
   3.01782862336482       0.797850432162291     
   3.01937781670330       0.763538338906579     
   3.02092701004179       0.729980357590577     
   3.02247620338027       0.697176488214286     
   3.02402539671875       0.665126730777706     
   3.02557459005723       0.633831085280836     
   3.02712378339572       0.603289551723677     
   3.02867297673420       0.573502130106228     
   3.03022217007268       0.544468820428490     
   3.03177136341117       0.516189622690463     
   3.03332055674965       0.488664536892146     
   3.03486975008813       0.461893563033540     
   3.03641894342661       0.435876701114644     
   3.03796813676510       0.410613951135459     
   3.03951733010358       0.386105313095985     
   3.04106652344206       0.362350786996221     
   3.04261571678055       0.339350372836168     
   3.04416491011903       0.317104070615826     
   3.04571410345751       0.295611880335194     
   3.04726329679600       0.274873801994272     
   3.04881249013448       0.254889835593062     
   3.05036168347296       0.235659981131561     
   3.05191087681144       0.217184238609772     
   3.05346007014993       0.199462608027693     
   3.05500926348841       0.182495089385324     
   3.05655845682689       0.166281682682667     
   3.05810765016538       0.150822387919719     
   3.05965684350386       0.136117205096483     
   3.06120603684234       0.122166134212957     
   3.06275523018083       0.108969175269141     
   3.06430442351931       9.652632826503657E-002
   3.06585361685779       8.483759320064231E-002
   3.06740281019627       7.390297007595865E-002
   3.06895200353476       6.372245889098559E-002
   3.07050119687324       5.429605964572311E-002
   3.07205039021172       4.562377234017125E-002
   3.07359958355021       3.770559697432997E-002
   3.07514877688869       3.054153354819929E-002
   3.07669797022717       2.413158206177922E-002
   3.07824716356565       1.847574251506973E-002
   3.07979635690414       1.357401490807084E-002
   3.08134555024262       9.426399240782550E-003
   3.08289474358110       6.032895513204850E-003
   3.08444393691959       3.393503725337744E-003
   3.08599313025807       1.508223877181234E-003
   3.08754232359655       3.770559687353196E-004
   3.08909151693504       8.316741357914523E-022
   3.09064071027352       3.770559709752756E-004
   3.09218990361200       1.508223881661146E-003
   3.09373909695048       3.393503732057612E-003
   3.09528829028897       6.032895522164673E-003
