  0.000000000000000E+000   9.87519570448581     
  1.000000000000000E-002   8.96427434286562     
  2.000000000000000E-002   8.15809075064968     
  3.000000000000000E-002   7.45664492783798     
  4.000000000000000E-002   6.85993687443054     
  5.000000000000000E-002   6.36796659042734     
  6.000000000000000E-002   5.98073407582840     
  7.000000000000001E-002   5.69823933063370     
  8.000000000000000E-002   5.52048235484326     
  9.000000000000000E-002   5.44746314845706     
  0.100000000000000        5.47918171147511     
  0.110000000000000        5.61563804389741     
  0.120000000000000        5.85683214572396     
  0.130000000000000        6.20276401695476     
  0.140000000000000        6.65343365758981     
  0.150000000000000        7.20884106762911     
  0.160000000000000        7.86898624707266     
  0.170000000000000        8.63386919592045     
  0.180000000000000        9.50348991417250     
  0.190000000000000        10.4778484018288     
  0.200000000000000        9.03798777504029     
  0.210000000000000        8.16676087371264     
  0.220000000000000        7.40027174178923     
  0.230000000000000        6.73852037927008     
  0.240000000000000        6.18150678615517     
  0.250000000000000        5.72923096244451     
  0.260000000000000        5.38169290813810     
  0.270000000000000        5.13889262323595     
  0.280000000000000        5.00083010773804     
  0.290000000000000        4.96750536164438     
  0.300000000000000        5.03891838495497     
  0.310000000000000        5.21506917766981     
  0.320000000000000        5.49595773978890     
  0.330000000000000        5.88158407131223     
  0.340000000000000        6.37194817223982     
  0.350000000000000        6.96705004257166     
  0.360000000000000        7.66688968230774     
  0.370000000000000        8.47146709144808     
  0.380000000000000        9.38078226999266     
  0.390000000000000        9.12162757773843     
  0.400000000000000        8.29941526941407     
  0.410000000000000        7.58194073049395     
  0.420000000000000        6.96920396097809     
  0.430000000000000        6.46120496086647     
  0.440000000000000        6.05794373015910     
  0.450000000000000        5.75942026885599     
  0.460000000000000        5.56563457695712     
  0.470000000000000        5.47658665446250     
  0.480000000000000        5.49227650137213     
  0.490000000000000        5.61270411768601     
  0.500000000000000        5.83786950340414     
  0.510000000000000        6.16777265852651     
  0.520000000000000        6.60241358305314     
  0.530000000000000        7.14179227698402     
  0.540000000000000        7.78590874031915     
  0.550000000000000        8.53476297305852     
  0.560000000000000        8.87143843223457     
  0.570000000000000        8.20117252639101     
  0.580000000000000        7.63564438995170     
  0.590000000000000        7.17485402291664     
  0.600000000000000        6.81880142528583     
  0.610000000000000        6.56748659705927     
  0.620000000000000        6.42090953823696     
  0.630000000000000        6.37907024881890     
  0.640000000000000        6.44196872880509     
  0.650000000000000        6.60960497819553     
  0.660000000000000        6.88197899699021     
  0.670000000000000        7.25909078518915     
  0.680000000000000        7.74094034279234     
  0.690000000000000        8.32752766979977     
  0.700000000000000        9.01885276621145     
  0.710000000000000        8.66491468085560     
  0.720000000000000        8.08254127529973     
  0.730000000000000        7.60490563914812     
  0.740000000000000        7.23200777240075     
  0.750000000000000        6.96384767505764     
  0.760000000000000        6.80042534711877     
  0.770000000000000        6.74174078858415     
  0.780000000000000        6.78779399945378     
  0.790000000000000        6.93858497972767     
  0.800000000000000        7.19411372940580     
  0.810000000000000        7.55438024848818     
  0.820000000000000        8.01938453697480     
  0.830000000000000        8.58912659486568     
  0.840000000000000        8.77978314346758     
  0.850000000000000        8.30454970580187     
  0.860000000000000        7.93405403754040     
  0.870000000000000        7.66829613868319     
  0.880000000000000        7.50727600923022     
  0.890000000000000        7.45099364918151     
  0.900000000000000        7.49944905853704     
  0.910000000000000        7.65264223729682     
  0.920000000000000        7.91057318546085     
  0.930000000000000        8.27324190302913     
  0.940000000000000        8.74064839000166     
  0.950000000000000        8.68509015313295     
  0.960000000000000        8.30969686060927     
  0.970000000000000        8.03904133748983     
  0.980000000000000        7.87312358377465     
  0.990000000000000        7.81194359946372     
   1.00000000000000        7.85550138455704     
   1.01000000000000        8.00379693905460     
   1.02000000000000        8.25683026295642     
   1.03000000000000        8.61460135626248     
   1.04000000000000        8.68016047480951     
   1.05000000000000        8.43408873406942     
   1.06000000000000        8.29275476273358     
   1.07000000000000        8.25615856080199     
   1.08000000000000        8.32430012827465     
   1.09000000000000        8.49717946515156     
   1.10000000000000        8.77479657143272     
   1.11000000000000        8.82923669645872     
   1.12000000000000        8.66339164789085     
   1.13000000000000        8.60228436872723     
   1.14000000000000        8.64591485896786     
   1.15000000000000        8.79428311861273     
   1.16000000000000        9.04738914766186     
   1.17000000000000        9.08769429918455     
   1.18000000000000        8.96372624556382     
   1.19000000000000        8.94449596134733     
   1.20000000000000        9.00436355554380     
   1.21000000000000        9.06892875782894     
   1.22000000000000        9.13274199668096     
   1.23000000000000        9.19773472840413     
   1.24000000000000        9.26269973360153     
   1.25000000000000        9.32954761264734     
   1.26000000000000        9.39726691359410     
   1.27000000000000        9.46597886585316     
   1.28000000000000        9.53561103571505     
   1.29000000000000        9.60629122123400     
   1.30000000000000        9.67794497794246     
   1.31000000000000        9.75070730356233     
   1.32000000000000        9.82450172608831     
   1.33000000000000        9.89947116572124     
   1.34000000000000        9.97553712459267     
   1.35000000000000        10.0528512781540     
   1.36000000000000        10.1313331297485     
   1.37000000000000        10.2111440755931     
   1.38000000000000        10.2922016820967     
   1.39000000000000        10.3746781933355     
   1.40000000000000        10.4584893481654     
   1.41000000000000        10.5438195640658     
   1.42000000000000        10.6305829267070     
   1.43000000000000        10.7189775986493     
   1.44000000000000        10.8089162758537     
   1.45000000000000        10.9006127461902     
   1.46000000000000        10.9939787021665     
   1.47000000000000        11.0892458285508     
   1.48000000000000        11.1863253709772     
   1.49000000000000        11.2854696855404     
   1.50000000000000        11.3865903659239     
   1.51000000000000        11.4899638693493     
   1.52000000000000        11.5955032695884     
   1.53000000000000        11.7035134226374     
   1.54000000000000        11.8139104973867     
   1.55000000000000        11.9270332160622     
   1.56000000000000        12.0428031603133     
   1.57000000000000        12.1615999947211     
   1.58000000000000        12.2833540719258     
   1.59000000000000        12.4084953378710     
   1.60000000000000        12.5369678484126     
   1.61000000000000        12.6692644365212     
   1.62000000000000        12.8053502341708     
   1.63000000000000        12.9457984257120     
   1.64000000000000        13.0906064896183     
   1.65000000000000        13.2423918872347     
   1.66000000000000        13.3943278842175     
   1.67000000000000        13.5547659391614     
   1.68000000000000        13.7218177689529     
   1.69000000000000        13.8955736480307     
   1.70000000000000        14.0768454702424     
   1.71000000000000        14.2662474747687     
   1.72000000000000        14.4653685941716     
   1.73000000000000        14.6763296174315     
   1.74000000000000        14.8951400311103     
   1.75000000000000        15.1315327947305     
   1.76000000000000        15.3806470882160     
   1.77000000000000        15.6519102871451     
   1.78000000000000        15.9454496087733     
   1.79000000000000        16.2697330207465     
   1.80000000000000        16.6327468497722     
   1.81000000000000        17.0496004782020     
   1.82000000000000        17.5403425992370     
   1.83000000000000        18.1358224896762     
   1.84000000000000        18.8360401495196     
   1.85000000000000        19.6409955787673     
   1.86000000000000        20.5506887774192     
   1.87000000000000        21.5651197454754     
   1.88000000000000        22.4388426013974     
   1.89000000000000        22.9963455988522     
   1.90000000000000        23.4537482975934     
   1.91000000000000        23.9059724836528     
   1.92000000000000        24.3206539008617     
   1.93000000000000        24.7044202112941     
   1.94000000000000        25.0647795480864     
   1.95000000000000        25.4088621285415     
   1.96000000000000        25.7359191723101     
   1.97000000000000        26.0476752449153     
   1.98000000000000        26.3487038341773     
   1.99000000000000        26.6391472881500     
   2.00000000000000        26.9212683696121     
   2.01000000000000        27.1950153339879     
   2.02000000000000        27.4619954068660     
   2.03000000000000        27.7220255164899     
   2.04000000000000        27.9765980754809     
   2.05000000000000        28.2253803779740     
   2.06000000000000        28.4694796080921     
   2.07000000000000        28.7085427378574     
   2.08000000000000        28.9437024787839     
   2.09000000000000        29.1745418199456     
   2.10000000000000        29.4019079743084     
   2.11000000000000        29.6253940505421     
   2.12000000000000        29.8459271174252     
   2.13000000000000        30.0630720375885     
   2.14000000000000        30.2775171323649     
   2.15000000000000        30.4888451220376     
   2.16000000000000        30.7263835887041     
   2.17000000000000        31.0686598247749     
   2.18000000000000        31.5156738302499     
   2.19000000000000        32.0674256051292     
   2.20000000000000        32.7239151494127     
   2.21000000000000        33.4851424631005     
   2.22000000000000        34.3511075461925     
   2.23000000000000        35.3218103986887     
   2.24000000000000        36.3972510205893     
   2.25000000000000        37.5774294118940     
   2.26000000000000        38.8623455726030     
   2.27000000000000        40.2519995027163     
   2.28000000000000        41.7463912022338     
   2.29000000000000        43.3455206711556     
   2.30000000000000        45.0493879094816     
   2.31000000000000        46.8579929172118     
   2.32000000000000        48.7713356943463     
   2.33000000000000        50.7894162408851     
   2.34000000000000        52.9122345568281     
   2.35000000000000        55.1397906421753     
   2.36000000000000        57.4720844969268     
   2.37000000000000        59.9091161210826     
   2.38000000000000        62.4508855146426     
   2.39000000000000        65.0973926776068     
   2.40000000000000        67.8486376099753     
   2.41000000000000        70.7046203117481     
   2.42000000000000        73.6653407829251     
   2.43000000000000        76.7307990235063     
   2.44000000000000        79.9009950334918     
   2.45000000000000        83.1759288128815     
   2.46000000000000        86.5556003616755     
   2.47000000000000        90.0400096798738     
   2.48000000000000        93.6291567674763     
   2.49000000000000        97.3230416244830     
   2.50000000000000        101.121664250894     
   2.51000000000000        105.025024646709     
   2.52000000000000        109.033122811929     
   2.53000000000000        113.145958746552     
   2.54000000000000        117.363532450580     
   2.55000000000000        121.685843924013     
   2.56000000000000        126.112893166849     
   2.57000000000000        130.644680179090     
   2.58000000000000        135.281204960735     
   2.59000000000000        140.022467511784     
   2.60000000000000        144.868467832238     
   2.61000000000000        149.819205922095     
   2.62000000000000        154.874681781357     
   2.63000000000000        160.034895410023     
   2.64000000000000        165.299846808094     
   2.65000000000000        170.669535975569     
   2.66000000000000        176.143962912448     
   2.67000000000000        181.723127618731     
   2.68000000000000        187.407030094418     
   2.69000000000000        193.195670339510     
   2.70000000000000        199.089048354006     
   2.71000000000000        205.087164137906     
   2.72000000000000        211.190017691211     
   2.73000000000000        217.397609013919     
   2.74000000000000        223.709938106032     
   2.75000000000000        230.127004967550     
   2.76000000000000        236.648809598471     
   2.77000000000000        243.275351998797     
   2.78000000000000        250.006632168527     
   2.79000000000000        256.842650107661     
   2.80000000000000        263.783405816199     
   2.81000000000000        270.828899294142     
   2.82000000000000        277.979130541489     
   2.83000000000000        285.234099558240     
   2.84000000000000        292.593806344396     
   2.85000000000000        300.058250899955     
   2.86000000000000        307.627433224919     
   2.87000000000000        315.301353319287     
   2.88000000000000        323.080011183060     
   2.89000000000000        330.963406816237     
   2.90000000000000        338.951540218818     
   2.91000000000000        347.044411390803     
   2.92000000000000        355.242020332192     
   2.93000000000000        363.544367042986     
   2.94000000000000        371.951451523184     
   2.95000000000000        380.463273772786     
   2.96000000000000        389.079833791793     
   2.97000000000000        397.801131580203     
   2.98000000000000        406.627167138018     
   2.99000000000000        415.557940465237     
   3.00000000000000        424.593451561861     
   3.01000000000000        433.733700427888     
   3.02000000000000        442.978687063320     
   3.03000000000000        452.328411468157     
   3.04000000000000        461.782873642397     
   3.05000000000000        471.342073586042     
   3.06000000000000        481.006011299091     
   3.07000000000000        490.774686781544     
   3.08000000000000        500.648100033401     
   3.09000000000000        510.626251054663     
   3.10000000000000        520.709139845329     
   3.11000000000000        530.896766405399     
   3.12000000000000        541.189130734874     
   3.13000000000000        551.586232833752     
   3.14000000000000        562.088072702035     
   3.15000000000000        572.694650339722     
   3.16000000000000        583.405965746814     
   3.17000000000000        594.222018923309     
   3.18000000000000        605.142809869209     
   3.19000000000000        616.168338584513     
   3.20000000000000        627.298605069222     
   3.21000000000000        638.533609323335     
   3.22000000000000        649.873351346851     
   3.23000000000000        661.317831139773     
   3.24000000000000        672.867048702098     
   3.25000000000000        684.521004033828     
   3.26000000000000        696.279697134962     
   3.27000000000000        708.143128005500     
   3.28000000000000        720.111296645442     
   3.29000000000000        732.184203054789     
   3.30000000000000        744.361847233539     
   3.31000000000000        756.644229181695     
   3.32000000000000        769.031348899254     
   3.33000000000000        781.523206386218     
   3.34000000000000        794.119801642586     
   3.35000000000000        806.821134668358     
   3.36000000000000        819.627205463534     
   3.37000000000000        832.538014028115     
   3.38000000000000        845.553560362100     
   3.39000000000000        858.673844465489     
   3.40000000000000        871.898866338282     
   3.41000000000000        885.228625980480     
   3.42000000000000        898.663123392082     
   3.43000000000000        912.202358573088     
   3.44000000000000        925.846331523498     
   3.45000000000000        939.595042243313     
   3.46000000000000        953.448490732532     
   3.47000000000000        967.406676991155     
   3.48000000000000        981.469601019183     
   3.49000000000000        995.637262816614     
   3.50000000000000        1009.90966238345     
   3.51000000000000        1024.28679971969     
   3.52000000000000        1038.76867482533     
   3.53000000000000        1053.35528770038     
   3.54000000000000        1068.04663834484     
   3.55000000000000        1082.84272675869     
   3.56000000000000        1097.74355294195     
   3.57000000000000        1112.74911689462     
   3.58000000000000        1127.85941861669     
   3.59000000000000        1143.07445810816     
   3.60000000000000        1158.39423536904     
   3.61000000000000        1173.81875039932     
   3.62000000000000        1189.34800319901     
   3.63000000000000        1204.98199376810     
   3.64000000000000        1220.72072210660     
   3.65000000000000        1236.56418821450     
   3.66000000000000        1252.51239209180     
   3.67000000000000        1268.56533373851     
   3.68000000000000        1284.72301315462     
   3.69000000000000        1300.98543034014     
   3.70000000000000        1317.35258529506     
   3.71000000000000        1333.82447801938     
   3.72000000000000        1350.40110851311     
   3.73000000000000        1367.08247677625     
   3.74000000000000        1383.86858280879     
   3.75000000000000        1400.75942661073     
   3.76000000000000        1417.75500818207     
   3.77000000000000        1434.85532752282     
   3.78000000000000        1452.06038463298     
   3.79000000000000        1469.37017951254     
   3.80000000000000        1486.78471216150     
   3.81000000000000        1504.30398257987     
   3.82000000000000        1521.92799076764     
   3.83000000000000        1539.65673672482     
   3.84000000000000        1557.49022045140     
   3.85000000000000        1575.42844194739     
   3.86000000000000        1593.47140121277     
   3.87000000000000        1611.61909824757     
   3.88000000000000        1629.87153305177     
   3.89000000000000        1648.22870562537     
   3.90000000000000        1666.69061596837     
   3.91000000000000        1685.25726408078     
   3.92000000000000        1703.92864996260     
   3.93000000000000        1722.70477361382     
   3.94000000000000        1741.58563503444     
   3.95000000000000        1760.57123422447     
   3.96000000000000        1779.66157118390     
   3.97000000000000        1798.85664591274     
   3.98000000000000        1818.15645841098     
   3.99000000000000        1837.56100867862     
   4.00000000000000        1857.07029671567     
   4.01000000000000        1876.68432252212     
   4.02000000000000        1896.40308609798     
   4.03000000000000        1916.22658744324     
   4.04000000000000        1936.15482655791     
   4.05000000000000        1956.18780344198     
   4.06000000000000        1976.32551809545     
   4.07000000000000        1996.56797051833     
   4.08000000000000        2016.91516071061     
   4.09000000000000        2037.36708867230     
   4.10000000000000        2057.92375440339     
   4.11000000000000        2078.58515790389     
   4.12000000000000        2099.35129917379     
   4.13000000000000        2120.22217821309     
   4.14000000000000        2141.19779502180     
   4.15000000000000        2162.27814959991     
   4.16000000000000        2183.46324194743     
   4.17000000000000        2204.75307206435     
   4.18000000000000        2226.14763995067     
   4.19000000000000        2247.64694560640     
   4.20000000000000        2269.25098903154     
   4.21000000000000        2290.95977022608     
   4.22000000000000        2312.77328919002     
   4.23000000000000        2334.69154592336     
   4.24000000000000        2356.71454042612     
   4.25000000000000        2378.84227269827     
   4.26000000000000        2401.07474273983     
   4.27000000000000        2423.41195055079     
   4.28000000000000        2445.85389613116     
   4.29000000000000        2468.40057948093     
   4.30000000000000        2491.05200060011     
   4.31000000000000        2513.80815948869     
   4.32000000000000        2536.66905614667     
   4.33000000000000        2559.63469057406     
   4.34000000000000        2582.70506277086     
   4.35000000000000        2605.88017273705     
   4.36000000000000        2629.16002047266     
   4.37000000000000        2652.54460597766     
   4.38000000000000        2676.03392925207     
   4.39000000000000        2699.62799029589     
   4.40000000000000        2723.32678910911     
   4.41000000000000        2747.13032569173     
   4.42000000000000        2771.03860004376     
   4.43000000000000        2795.05161216519     
   4.44000000000000        2819.16936205602     
   4.45000000000000        2843.39184971626     
   4.46000000000000        2867.71907514591     
   4.47000000000000        2892.15103834496     
   4.48000000000000        2916.68773931341     
   4.49000000000000        2941.32917805127     
   4.50000000000000        2966.07535455853     
   4.51000000000000        2990.92626883519     
   4.52000000000000        3015.88192088126     
   4.53000000000000        3040.94231069674     
   4.54000000000000        3066.10743828162     
   4.55000000000000        3091.37730363590     
   4.56000000000000        3116.75190675959     
   4.57000000000000        3142.23124765268     
   4.58000000000000        3167.81532631517     
   4.59000000000000        3193.50414274707     
   4.60000000000000        3219.29769694838     
   4.61000000000000        3245.19598891908     
   4.62000000000000        3271.19901865920     
   4.63000000000000        3297.30678616871     
   4.64000000000000        3323.51929144763     
   4.65000000000000        3349.83653449596     
   4.66000000000000        3376.25851531369     
   4.67000000000000        3402.78523390082     
   4.68000000000000        3429.41669025736     
   4.69000000000000        3456.15288438330     
   4.70000000000000        3482.99381627865     
   4.71000000000000        3509.93948594340     
   4.72000000000000        3536.98989337755     
   4.73000000000000        3564.14503858111     
   4.74000000000000        3591.40492155408     
   4.75000000000000        3618.76954229644     
   4.76000000000000        3646.23890080822     
   4.77000000000000        3673.81299708939     
   4.78000000000000        3701.49183113997     
   4.79000000000000        3729.27540295996     
   4.80000000000000        3757.16371254935     
   4.81000000000000        3785.15675990814     
   4.82000000000000        3813.25454503634     
   4.83000000000000        3841.45706793394     
   4.84000000000000        3869.76432860095     
   4.85000000000000        3898.17632703736     
   4.86000000000000        3926.69306324317     
   4.87000000000000        3955.31453721839     
   4.88000000000000        3984.04074896301     
   4.89000000000000        4012.87169847704     
   4.90000000000000        4041.80738576047     
   4.91000000000000        4070.84781081331     
   4.92000000000000        4099.99297363555     
   4.93000000000000        4129.24287422719     
   4.94000000000000        4158.59751258824     
   4.95000000000000        4188.05688871869     
   4.96000000000000        4217.62100261855     
   4.97000000000000        4247.28985428781     
   4.98000000000000        4277.06344372648     
   4.99000000000000        4306.94177093455     
   5.00000000000000        4336.92483591202     
   5.01000000000000        4367.01263865890     
   5.02000000000000        4397.20517917518     
   5.03000000000000        4427.50245746087     
   5.04000000000000        4457.90447351596     
   5.05000000000000        4488.41122734045     
   5.06000000000000        4519.02271893435     
   5.07000000000000        4549.73894829766     
   5.08000000000000        4580.55991543036     
   5.09000000000000        4611.48562033248     
   5.10000000000000        4642.51606300399     
   5.11000000000000        4673.65124344491     
   5.12000000000000        4704.89116165524     
   5.13000000000000        4736.23581763497     
   5.14000000000000        4767.68521138410     
   5.15000000000000        4799.23934290264     
   5.16000000000000        4830.89821219058     
   5.17000000000000        4862.66181924793     
   5.18000000000000        4894.53016407468     
   5.19000000000000        4926.50324667083     
   5.20000000000000        4958.58106703639     
   5.21000000000000        4990.76362517136     
   5.22000000000000        5023.05092107572     
   5.23000000000000        5055.44295474950     
   5.24000000000000        5087.93972619267     
   5.25000000000000        5120.54123540525     
   5.26000000000000        5153.24748238724     
   5.27000000000000        5186.05846713863     
   5.28000000000000        5218.97418965942     
   5.29000000000000        5251.99464994962     
   5.30000000000000        5285.11984800922     
   5.31000000000000        5318.34978383822     
   5.32000000000000        5351.68445743663     
   5.33000000000000        5385.12386880445     
   5.34000000000000        5418.66801794167     
   5.35000000000000        5452.31690484829     
   5.36000000000000        5486.07052952432     
   5.37000000000000        5519.92889196975     
   5.38000000000000        5553.89199218458     
   5.39000000000000        5587.95983016882     
   5.40000000000000        5622.13240592247     
   5.41000000000000        5656.40971944552     
   5.42000000000000        5690.79177073797     
   5.43000000000000        5725.27855979983     
   5.44000000000000        5759.87008663109     
   5.45000000000000        5794.56635123175     
   5.46000000000000        5829.36735360182     
   5.47000000000000        5864.27309374130     
   5.48000000000000        5899.28357165017     
   5.49000000000000        5934.39878732846     
   5.50000000000000        5969.61874077614     
   5.51000000000000        6004.94343199323     
   5.52000000000000        6040.37286097973     
   5.53000000000000        6075.90702773563     
   5.54000000000000        6111.54593226093     
   5.55000000000000        6147.28957455564     
   5.56000000000000        6183.13795461975     
   5.57000000000000        6219.09107245327     
   5.58000000000000        6255.14892805619     
   5.59000000000000        6291.31152142851     
   5.60000000000000        6327.57885257024     
   5.61000000000000        6363.95092148138     
   5.62000000000000        6400.42772816191     
   5.63000000000000        6437.00927261186     
   5.64000000000000        6473.69555483120     
   5.65000000000000        6510.48657481995     
   5.66000000000000        6547.38233257811     
   5.67000000000000        6584.38282810567     
   5.68000000000000        6621.48806140263     
   5.69000000000000        6658.69803246900     
   5.70000000000000        6696.01274130477     
   5.71000000000000        6733.43218790995     
   5.72000000000000        6770.95637228452     
   5.73000000000000        6808.58529442851     
   5.74000000000000        6846.31895434190     
   5.75000000000000        6884.15735202469     
   5.76000000000000        6922.10048747689     
   5.77000000000000        6960.14836069849     
   5.78000000000000        6998.30097168950     
   5.79000000000000        7036.55832044991     
   5.80000000000000        7074.92040697972     
   5.81000000000000        7113.38723127894     
   5.82000000000000        7151.95879334756     
   5.83000000000000        7190.63509318559     
   5.84000000000000        7229.41613079302     
   5.85000000000000        7268.30190616986     
   5.86000000000000        7307.29241931609     
   5.87000000000000        7346.38767023174     
   5.88000000000000        7385.58765891679     
   5.89000000000000        7424.89238537124     
   5.90000000000000        7464.30184959510     
   5.91000000000000        7503.81605158836     
   5.92000000000000        7543.43499135102     
   5.93000000000000        7583.15866888309     
   5.94000000000000        7622.98708418457     
   5.95000000000000        7662.92023725544     
   5.96000000000000        7702.95812809573     
   5.97000000000000        7743.10075670541     
   5.98000000000000        7783.34812308450     
   5.99000000000000        7823.70022723300     
   6.00000000000000        7864.15706915090     
   6.01000000000000        7904.71864883820     
   6.02000000000000        7945.38496629491     
   6.03000000000000        7986.15602152102     
   6.04000000000000        8027.03181451654     
   6.05000000000000        8068.01234528146     
   6.06000000000000        8109.09761381578     
   6.07000000000000        8150.28762011951     
   6.08000000000000        8191.58236419264     
   6.09000000000000        8232.98184603518     
   6.10000000000000        8274.48606564712     
   6.11000000000000        8316.09502302847     
   6.12000000000000        8357.80871817922     
   6.13000000000000        8399.62715109937     
   6.14000000000000        8441.55032178893     
   6.15000000000000        8483.57823024790     
   6.16000000000000        8525.71087647627     
   6.17000000000000        8567.94826047404     
   6.18000000000000        8610.29038224121     
   6.19000000000000        8652.73724177779     
   6.20000000000000        8695.28883908378     
   6.21000000000000        8737.94517415917     
   6.22000000000000        8780.70624700396     
   6.23000000000000        8823.57205761815     
   6.24000000000000        8866.54260600176     
   6.25000000000000        8909.61789215476     
   6.26000000000000        8952.79791607717     
   6.27000000000000        8996.08267776899     
   6.28000000000000        9039.47217723020     
   6.29000000000000        9082.96641446083     
   6.30000000000000        9126.56538946085     
   6.31000000000000        9170.26910223028     
   6.32000000000000        9214.07755276912     
   6.33000000000000        9257.99074107736     
   6.34000000000000        9302.00866715500     
   6.35000000000000        9346.13133100205     
   6.36000000000000        9390.35873261850     
   6.37000000000000        9434.69087200436     
   6.38000000000000        9479.12774915962     
   6.39000000000000        9523.66936408429     
   6.40000000000000        9568.31571677836     
   6.41000000000000        9613.06680724183     
   6.42000000000000        9657.92263547471     
   6.43000000000000        9702.88320147699     
   6.44000000000000        9747.94850524868     
   6.45000000000000        9793.11854678977     
   6.46000000000000        9838.39332610026     
   6.47000000000000        9883.77284318016     
   6.48000000000000        9929.25709802946     
   6.49000000000000        9974.84609064817     
   6.50000000000000        10020.5398210363     
   6.51000000000000        10066.3382891938     
   6.52000000000000        10112.2414951207     
   6.53000000000000        10158.2494388170     
   6.54000000000000        10204.3621202828     
   6.55000000000000        10250.5795395179     
   6.56000000000000        10296.9016965224     
   6.57000000000000        10343.3285912964     
   6.58000000000000        10389.8602238397     
   6.59000000000000        10436.4965941525     
   6.60000000000000        10483.2377022346     
   6.61000000000000        10530.0835480862     
   6.62000000000000        10577.0341317072     
   6.63000000000000        10624.0894530975     
   6.64000000000000        10671.2495122573     
   6.65000000000000        10718.5143091865     
   6.66000000000000        10765.8838438851     
   6.67000000000000        10813.3581163530     
   6.68000000000000        10860.9371265904     
   6.69000000000000        10908.6208745972     
   6.70000000000000        10956.4093603734     
   6.71000000000000        11004.3025839190     
   6.72000000000000        11052.3005452340     
   6.73000000000000        11100.4032443184     
   6.74000000000000        11148.6106811722     
   6.75000000000000        11196.9228557955     
   6.76000000000000        11245.3397681881     
   6.77000000000000        11293.8614183501     
   6.78000000000000        11342.4878062815     
   6.79000000000000        11391.2189319824     
   6.80000000000000        11440.0547954526     
   6.81000000000000        11488.9953966923     
   6.82000000000000        11538.0407357013     
   6.83000000000000        11587.1908124798     
   6.84000000000000        11636.4456270276     
   6.85000000000000        11685.8051793449     
   6.86000000000000        11735.2694694315     
   6.87000000000000        11784.8384972876     
   6.88000000000000        11834.5122629131     
   6.89000000000000        11884.2907663080     
   6.90000000000000        11934.1740074722     
   6.91000000000000        11984.1619864059     
   6.92000000000000        12034.2547031090     
   6.93000000000000        12084.4521575815     
   6.94000000000000        12134.7543498234     
   6.95000000000000        12185.1612798347     
   6.96000000000000        12235.6729476154     
   6.97000000000000        12286.2893531655     
   6.98000000000000        12337.0104964851     
   6.99000000000000        12387.8363775740     
   7.00000000000000        12438.7669964323     
   7.01000000000000        12489.8023530600     
   7.02000000000000        12540.9424474572     
   7.03000000000000        12592.1872796237     
   7.04000000000000        12643.5368495596     
   7.05000000000000        12694.9911572650     
   7.06000000000000        12746.5502027397     
   7.07000000000000        12798.2139859839     
   7.08000000000000        12849.9825069975     
   7.09000000000000        12901.8557657804     
   7.10000000000000        12953.8337623328     
   7.11000000000000        13005.9164966546     
   7.12000000000000        13058.1039687457     
   7.13000000000000        13110.3961786063     
   7.14000000000000        13162.7931262363     
   7.15000000000000        13215.2948116357     
   7.16000000000000        13267.9012348045     
   7.17000000000000        13320.6123957427     
   7.18000000000000        13373.4282944503     
   7.19000000000000        13426.3489309273     
   7.20000000000000        13479.3743051737     
   7.21000000000000        13532.5044171895     
   7.22000000000000        13585.7392669747     
   7.23000000000000        13639.0788545293     
   7.24000000000000        13692.5231798534     
   7.25000000000000        13746.0722429468     
   7.26000000000000        13799.7260438096     
   7.27000000000000        13853.4845824419     
   7.28000000000000        13907.3478588435     
   7.29000000000000        13961.3158730146     
   7.30000000000000        14015.3886249550     
   7.31000000000000        14069.5661146649     
   7.32000000000000        14123.8483421441     
   7.33000000000000        14178.2353073928     
   7.34000000000000        14232.7270104109     
   7.35000000000000        14287.3234511983     
   7.36000000000000        14342.0246297552     
   7.37000000000000        14396.8305460815     
   7.38000000000000        14451.7412001772     
   7.39000000000000        14506.7565920423     
   7.40000000000000        14561.8767216768     
   7.41000000000000        14617.1015890807     
   7.42000000000000        14672.4311942540     
   7.43000000000000        14727.8655371967     
   7.44000000000000        14783.4046179088     
   7.45000000000000        14839.0484363903     
   7.46000000000000        14894.7969926412     
   7.47000000000000        14950.6502866616     
   7.48000000000000        15006.6083184513     
   7.49000000000000        15062.6710880104     
   7.50000000000000        15118.8385953390     
   7.51000000000000        15175.1108404369     
   7.52000000000000        15231.4878233042     
   7.53000000000000        15287.9695439410     
   7.54000000000000        15344.5560023471     
   7.55000000000000        15401.2471985227     
   7.56000000000000        15458.0431324677     
   7.57000000000000        15514.9438041820     
   7.58000000000000        15571.9492136658     
   7.59000000000000        15629.0593609190     
   7.60000000000000        15686.2742459416     
   7.61000000000000        15743.5938687335     
   7.62000000000000        15801.0182292949     
   7.63000000000000        15858.5473276257     
   7.64000000000000        15916.1811637259     
   7.65000000000000        15973.9197375955     
   7.66000000000000        16031.7630492345     
   7.67000000000000        16089.7110986429     
   7.68000000000000        16147.7638858208     
   7.69000000000000        16205.9214107680     
   7.70000000000000        16264.1836734846     
   7.71000000000000        16322.5506739706     
   7.72000000000000        16381.0224122260     
   7.73000000000000        16439.5988882509     
   7.74000000000000        16498.2801020451     
   7.75000000000000        16557.0660536088     
   7.76000000000000        16615.9567429418     
   7.77000000000000        16674.9521700443     
   7.78000000000000        16734.0523349161     
   7.79000000000000        16793.2572375574     
   7.80000000000000        16852.5668779680     
   7.81000000000000        16911.9812561481     
   7.82000000000000        16971.5003720976     
   7.83000000000000        17031.1242258165     
   7.84000000000000        17090.8528173047     
   7.85000000000000        17150.6861465624     
   7.86000000000000        17210.6242135895     
   7.87000000000000        17270.6670183860     
   7.88000000000000        17330.8145609519     
   7.89000000000000        17391.0668412872     
   7.90000000000000        17451.4238593919     
   7.91000000000000        17511.8856152660     
   7.92000000000000        17572.4521089096     
   7.93000000000000        17633.1233403225     
   7.94000000000000        17693.8993095048     
   7.95000000000000        17754.7800164565     
   7.96000000000000        17815.7654611777     
   7.97000000000000        17876.8556436682     
   7.98000000000000        17938.0505639281     
   7.99000000000000        17999.3502219575     
   8.00000000000000        18060.7546177562     
   8.01000000000000        18122.2637513244     
   8.02000000000000        18183.8776226619     
   8.03000000000000        18245.5962317689     
   8.04000000000000        18307.4195786453     
   8.05000000000000        18369.3476632910     
   8.06000000000000        18431.3804857062     
   8.07000000000000        18493.5180458908     
   8.08000000000000        18555.7603438448     
   8.09000000000000        18618.1073795682     
   8.10000000000000        18680.5591530610     
   8.11000000000000        18743.1156643232     
   8.12000000000000        18805.7769133548     
   8.13000000000000        18868.5429001558     
   8.14000000000000        18931.4136247262     
   8.15000000000000        18994.3890870660     
   8.16000000000000        19057.4692871752     
   8.17000000000000        19120.6542250538     
   8.18000000000000        19183.9439007019     
   8.19000000000000        19247.3383141193     
   8.20000000000000        19310.8374653061     
   8.21000000000000        19374.4413542624     
   8.22000000000000        19438.1499809880     
   8.23000000000000        19501.9633454831     
   8.24000000000000        19565.8814477475     
   8.25000000000000        19629.9042877814     
   8.26000000000000        19694.0318655846     
   8.27000000000000        19758.2641811573     
   8.28000000000000        19822.6012344994     
   8.29000000000000        19887.0430256108     
   8.30000000000000        19951.5895544917     
   8.31000000000000        20016.2408211420     
   8.32000000000000        20080.9968255617     
   8.33000000000000        20145.8575677508     
   8.34000000000000        20210.8230477093     
   8.35000000000000        20275.8932654372     
   8.36000000000000        20341.0682209345     
   8.37000000000000        20406.3479142012     
   8.38000000000000        20471.7323452373     
   8.39000000000000        20537.2215140428     
   8.40000000000000        20602.8154206177     
   8.41000000000000        20668.5140649620     
   8.42000000000000        20734.3174470758     
   8.43000000000000        20800.2255669589     
   8.44000000000000        20866.2384246114     
   8.45000000000000        20932.3560200334     
   8.46000000000000        20998.5783532247     
   8.47000000000000        21064.9054241855     
   8.48000000000000        21131.3372329156     
   8.49000000000000        21197.8737794152     
   8.50000000000000        21264.5150636841     
   8.51000000000000        21331.2610857225     
   8.52000000000000        21398.1118455303     
   8.53000000000000        21465.0673431075     
   8.54000000000000        21532.1275784540     
   8.55000000000000        21599.2925515700     
   8.56000000000000        21666.5622624554     
   8.57000000000000        21733.9367111102     
   8.58000000000000        21801.4158975344     
   8.59000000000000        21868.9998217280     
   8.60000000000000        21936.6884836910     
   8.61000000000000        22004.4818834234     
   8.62000000000000        22072.3800209252     
   8.63000000000000        22140.3828961964     
   8.64000000000000        22208.4905092371     
   8.65000000000000        22276.7028600471     
   8.66000000000000        22345.0199486265     
   8.67000000000000        22413.4417749754     
   8.68000000000000        22481.9683390936     
   8.69000000000000        22550.5996409812     
   8.70000000000000        22619.3356806383     
   8.71000000000000        22688.1764580647     
   8.72000000000000        22757.1219732606     
   8.73000000000000        22826.1722262259     
   8.74000000000000        22895.3272169605     
   8.75000000000000        22964.5869454646     
   8.76000000000000        23033.9514117381     
   8.77000000000000        23103.4206157809     
   8.78000000000000        23172.9945575932     
   8.79000000000000        23242.6732371749     
   8.80000000000000        23312.4566545260     
   8.81000000000000        23382.3448096465     
   8.82000000000000        23452.3377025364     
   8.83000000000000        23522.4353331957     
   8.84000000000000        23592.6377016244     
   8.85000000000000        23662.9448078225     
   8.86000000000000        23733.3566517900     
   8.87000000000000        23803.8732335269     
   8.88000000000000        23874.4945530333     
   8.89000000000000        23945.2206103090     
   8.90000000000000        24016.0514053541     
   8.91000000000000        24086.9869381687     
   8.92000000000000        24158.0272087526     
   8.93000000000000        24229.1722171060     
   8.94000000000000        24300.4219632287     
   8.95000000000000        24371.7764471209     
   8.96000000000000        24443.2356687824     
   8.97000000000000        24514.7996282134     
   8.98000000000000        24586.4683254137     
   8.99000000000000        24658.2417603835     
   9.00000000000000        24730.1199331227     
   9.01000000000000        24802.1028436313     
   9.02000000000000        24874.1904919093     
   9.03000000000000        24946.3828779566     
   9.04000000000000        25018.6800017734     
   9.05000000000000        25091.0818633596     
   9.06000000000000        25163.5884627152     
   9.07000000000000        25236.1997998402     
   9.08000000000000        25308.9158747346     
   9.09000000000000        25381.7366873985     
   9.10000000000000        25454.6622378317     
   9.11000000000000        25527.6925260343     
   9.12000000000000        25600.8275520063     
   9.13000000000000        25674.0673157478     
   9.14000000000000        25747.4118172586     
   9.15000000000000        25820.8610565388     
   9.16000000000000        25894.4150335885     
   9.17000000000000        25968.0737484075     
   9.18000000000000        26041.8372009960     
   9.19000000000000        26115.7053913538     
   9.20000000000000        26189.6783194811     
   9.21000000000000        26263.7559853778     
   9.22000000000000        26337.9383890438     
   9.23000000000000        26412.2255304793     
   9.24000000000000        26486.6174096842     
   9.25000000000000        26561.1140266584     
   9.26000000000000        26635.7153814021     
   9.27000000000000        26710.4214739152     
   9.28000000000000        26785.2323041977     
   9.29000000000000        26860.1478722496     
   9.30000000000000        26935.1681780709     
   9.31000000000000        27010.2932216616     
   9.32000000000000        27085.5230030217     
   9.33000000000000        27160.8575221513     
   9.34000000000000        27236.2967790502     
   9.35000000000000        27311.8407737185     
   9.36000000000000        27387.4895061562     
   9.37000000000000        27463.2429763634     
   9.38000000000000        27539.1011843399     
   9.39000000000000        27615.0641300858     
   9.40000000000000        27691.1318136012     
   9.41000000000000        27767.3042348859     
   9.42000000000000        27843.5813939401     
   9.43000000000000        27919.9632907636     
   9.44000000000000        27996.4499253566     
   9.45000000000000        28073.0412977190     
   9.46000000000000        28149.7374078507     
   9.47000000000000        28226.5382557519     
   9.48000000000000        28303.4438414225     
   9.49000000000000        28380.4541648625     
   9.50000000000000        28457.5692260719     
   9.51000000000000        28534.7890250507     
   9.52000000000000        28612.1135617989     
   9.53000000000000        28689.5428363165     
   9.54000000000000        28767.0768486035     
   9.55000000000000        28844.7155986599     
   9.56000000000000        28922.4590864857     
   9.57000000000000        29000.3073120809     
   9.58000000000000        29078.2602754455     
   9.59000000000000        29156.3179765796     
   9.60000000000000        29234.4804154830     
   9.61000000000000        29312.7475921558     
   9.62000000000000        29391.1195065981     
   9.63000000000000        29469.5961588097     
   9.64000000000000        29548.1775487907     
   9.65000000000000        29626.8636765412     
   9.66000000000000        29705.6545420610     
   9.67000000000000        29784.5501453503     
   9.68000000000000        29863.5504864090     
   9.69000000000000        29942.6555652370     
   9.70000000000000        30021.8653818345     
   9.71000000000000        30101.1799362014     
   9.72000000000000        30180.5992283377     
   9.73000000000000        30260.1232582434     
   9.74000000000000        30339.7520259184     
   9.75000000000000        30419.4855313629     
   9.76000000000000        30499.3237745768     
   9.77000000000000        30579.2667555601     
   9.78000000000000        30659.3144743129     
   9.79000000000000        30739.4669308350     
   9.80000000000000        30819.7241251265     
   9.81000000000000        30900.0860571874     
   9.82000000000000        30980.5527270177     
   9.83000000000000        31061.1241346175     
   9.84000000000000        31141.8002799866     
   9.85000000000000        31222.5811631251     
   9.86000000000000        31303.4667840331     
   9.87000000000000        31384.4571427104     
   9.88000000000000        31465.5522391572     
   9.89000000000000        31546.7520733733     
   9.90000000000000        31628.0566453589     
   9.91000000000000        31709.4659551138     
   9.92000000000000        31790.9800026382     
   9.93000000000000        31872.5987879320     
   9.94000000000000        31954.3223109951     
   9.95000000000000        32036.1505718277     
   9.96000000000000        32118.0835704297     
   9.97000000000000        32200.1213068011     
   9.98000000000000        32282.2637809419     
   9.99000000000000        32364.5109928521     
   10.0000000000000        32446.8629425317     
   10.0100000000000        32529.3196299807     
   10.0200000000000        32611.8810551991     
   10.0300000000000        32694.5472181869     
   10.0400000000000        32777.3181189441     
   10.0500000000000        32860.1937574707     
   10.0600000000000        32943.1741337668     
   10.0700000000000        33026.2592478322     
   10.0800000000000        33109.4490996670     
   10.0900000000000        33192.7436892713     
   10.1000000000000        33276.1430166449     
   10.1100000000000        33359.6470817880     
   10.1200000000000        33443.2558847004     
   10.1300000000000        33526.9694253823     
   10.1400000000000        33610.7877038335     
   10.1500000000000        33694.7107200542     
   10.1600000000000        33778.7384740443     
   10.1700000000000        33862.8709658037     
   10.1800000000000        33947.1081953326     
   10.1900000000000        34031.4501626309     
   10.2000000000000        34115.8968676986     
   10.2100000000000        34200.4483105357     
   10.2200000000000        34285.1044911422     
   10.2300000000000        34369.8654095181     
   10.2400000000000        34454.7310656634     
   10.2500000000000        34539.7014595781     
   10.2600000000000        34624.7765912622     
   10.2700000000000        34709.9564607157     
   10.2800000000000        34795.2410679386     
   10.2900000000000        34880.6304129309     
   10.3000000000000        34966.1244956927     
   10.3100000000000        35051.7233162238     
   10.3200000000000        35137.4268745243     
   10.3300000000000        35223.2351705943     
   10.3400000000000        35309.1482044336     
   10.3500000000000        35395.1659760424     
   10.3600000000000        35481.2884854205     
   10.3700000000000        35567.5157325681     
   10.3800000000000        35653.8477174850     
   10.3900000000000        35740.2844401714     
   10.4000000000000        35826.8259006272     
   10.4100000000000        35913.4720988524     
   10.4200000000000        36000.2230348469     
   10.4300000000000        36087.0787086109     
   10.4400000000000        36174.0391201443     
   10.4500000000000        36261.1042694471     
   10.4600000000000        36348.2741565193     
   10.4700000000000        36435.5487813609     
   10.4800000000000        36522.9281439719     
   10.4900000000000        36610.4122443523     
   10.5000000000000        36698.0010825021     
   10.5100000000000        36785.6946584213     
   10.5200000000000        36873.4929721100     
   10.5300000000000        36961.3960235680     
   10.5400000000000        37049.4038127954     
   10.5500000000000        37137.5163397923     
   10.5600000000000        37225.7336045585     
   10.5700000000000        37314.0556070941     
   10.5800000000000        37402.4823473992     
   10.5900000000000        37491.0138254736     
   10.6000000000000        37579.6500413175     
   10.6100000000000        37668.3909949307     
   10.6200000000000        37757.2366863134     
   10.6300000000000        37846.1871154655     
   10.6400000000000        37935.2422823870     
   10.6500000000000        38024.4021870778     
   10.6600000000000        38113.6668295381     
   10.6700000000000        38203.0362097678     
   10.6800000000000        38292.5103277669     
   10.6900000000000        38382.0891835354     
   10.7000000000000        38471.7727770733     
   10.7100000000000        38561.5611083806     
   10.7200000000000        38651.4541774573     
   10.7300000000000        38741.4519843034     
   10.7400000000000        38831.5545289189     
   10.7500000000000        38921.7618113038     
   10.7600000000000        39012.0738314582     
   10.7700000000000        39102.4905893819     
   10.7800000000000        39193.0120850750     
   10.7900000000000        39283.6383185376     
   10.8000000000000        39374.3692897695     
   10.8100000000000        39465.2049987708     
   10.8200000000000        39556.1454455416     
   10.8300000000000        39647.1906300817     
   10.8400000000000        39738.3405523913     
   10.8500000000000        39829.5952124703     
   10.8600000000000        39920.9546103186     
   10.8700000000000        40012.4187459364     
   10.8800000000000        40103.9876193236     
   10.8900000000000        40195.6612304802     
   10.9000000000000        40287.4395794061     
   10.9100000000000        40379.3226661015     
   10.9200000000000        40471.3104905663     
   10.9300000000000        40563.4030528005     
   10.9400000000000        40655.6003528041     
   10.9500000000000        40747.9023905771     
   10.9600000000000        40840.3091661195     
   10.9700000000000        40932.8206794313     
   10.9800000000000        41025.4369305126     
   10.9900000000000        41118.1579193632     
   11.0000000000000        41210.9836459832     
   11.0100000000000        41303.9141103726     
   11.0200000000000        41396.9493125315     
   11.0300000000000        41490.0892524597     
   11.0400000000000        41583.3339301573     
   11.0500000000000        41676.6833456244     
   11.0600000000000        41770.1374988608     
   11.0700000000000        41863.6963898667     
   11.0800000000000        41957.3600186420     
   11.0900000000000        42051.1283851866     
   11.1000000000000        42145.0014895007     
   11.1100000000000        42238.9793315842     
   11.1200000000000        42333.0619114370     
   11.1300000000000        42427.2492290593     
   11.1400000000000        42521.5412844510     
   11.1500000000000        42615.9380776121     
   11.1600000000000        42710.4396085426     
   11.1700000000000        42805.0458772425     
   11.1800000000000        42899.7568837118     
   11.1900000000000        42994.5726279505     
   11.2000000000000        43089.4931099586     
   11.2100000000000        43184.5183297361     
   11.2200000000000        43279.6482872830     
   11.2300000000000        43374.8829825994     
   11.2400000000000        43470.2224156851     
   11.2500000000000        43565.6665865402     
   11.2600000000000        43661.2154951648     
   11.2700000000000        43756.8691415587     
   11.2800000000000        43852.6275257220     
   11.2900000000000        43948.4906476548     
   11.3000000000000        44044.4585073569     
   11.3100000000000        44140.5311048285     
   11.3200000000000        44236.7084400695     
   11.3300000000000        44332.9905130798     
   11.3400000000000        44429.3773238596     
   11.3500000000000        44525.8688724088     
   11.3600000000000        44622.4651587274     
   11.3700000000000        44719.1661828153     
   11.3800000000000        44815.9719446727     
   11.3900000000000        44912.8824442995     
   11.4000000000000        45009.8976816957     
   11.4100000000000        45107.0176568613     
   11.4200000000000        45204.2423697963     
   11.4300000000000        45301.5718205007     
   11.4400000000000        45399.0060089745     
   11.4500000000000        45496.5449352178     
   11.4600000000000        45594.1885992304     
   11.4700000000000        45691.9370010124     
   11.4800000000000        45789.7901405638     
   11.4900000000000        45887.7480178847     
   11.5000000000000        45985.8106329749     
   11.5100000000000        46083.9779858346     
   11.5200000000000        46182.2500764636     
   11.5300000000000        46280.6269048620     
   11.5400000000000        46379.1084710299     
   11.5500000000000        46477.6947749672     
   11.5600000000000        46576.3858166738     
   11.5700000000000        46675.1815961499     
   11.5800000000000        46774.0821133954     
   11.5900000000000        46873.0873684102     
   11.6000000000000        46972.1973611945     
   11.6100000000000        47071.4120917482     
   11.6200000000000        47170.7315600713     
   11.6300000000000        47270.1557661638     
   11.6400000000000        47369.6847100257     
   11.6500000000000        47469.3183916570     
   11.6600000000000        47569.0568110577     
   11.6700000000000        47668.8999682278     
   11.6800000000000        47768.8478631673     
   11.6900000000000        47868.9004958762     
   11.7000000000000        47969.0578663546     
   11.7100000000000        48069.3199746023     
   11.7200000000000        48169.6868206194     
   11.7300000000000        48270.1584044060     
   11.7400000000000        48370.7347259619     
   11.7500000000000        48471.4157852872     
   11.7600000000000        48572.2015823820     
   11.7700000000000        48673.0921172462     
   11.7800000000000        48774.0873898797     
   11.7900000000000        48875.1874002827     
   11.8000000000000        48976.3921484550     
   11.8100000000000        49077.7016343968     
   11.8200000000000        49179.1158581080     
   11.8300000000000        49280.6348195886     
   11.8400000000000        49382.2585188385     
   11.8500000000000        49483.9869558579     
   11.8600000000000        49585.8201306467     
   11.8700000000000        49687.7580432049     
   11.8800000000000        49789.8006935325     
   11.8900000000000        49891.9480816295     
   11.9000000000000        49994.2002074959     
   11.9100000000000        50096.5570711317     
   11.9200000000000        50199.0186725369     
   11.9300000000000        50301.5850117116     
   11.9400000000000        50404.2560886556     
   11.9500000000000        50507.0319033690     
   11.9600000000000        50609.9124558519     
   11.9700000000000        50712.8977461041     
   11.9800000000000        50815.9877741257     
   11.9900000000000        50919.1825399168     
   12.0000000000000        51022.4820434772     
   12.0100000000000        51125.8862848071     
   12.0200000000000        51229.3952639064     
   12.0300000000000        51333.0089807750     
   12.0400000000000        51436.7274354131     
   12.0500000000000        51540.5506278206     
   12.0600000000000        51644.4785579974     
   12.0700000000000        51748.5112259437     
   12.0800000000000        51852.6486316594     
   12.0900000000000        51956.8907751445     
   12.1000000000000        52061.2376563990     
   12.1100000000000        52165.6892754229     
   12.1200000000000        52270.2456322162     
   12.1300000000000        52374.9067267789     
   12.1400000000000        52479.6725591110     
   12.1500000000000        52584.5431292125     
   12.1600000000000        52689.5184370834     
   12.1700000000000        52794.5984827238     
   12.1800000000000        52899.7832661335     
   12.1900000000000        53005.0727873126     
   12.2000000000000        53110.4670462612     
   12.2100000000000        53215.9660429791     
   12.2200000000000        53321.5697774664     
   12.2300000000000        53427.2782497232     
   12.2400000000000        53533.0914597493     
   12.2500000000000        53639.0094075449     
   12.2600000000000        53745.0320931099     
   12.2700000000000        53851.1595164442     
   12.2800000000000        53957.3916775480     
   12.2900000000000        54063.7285764212     
   12.3000000000000        54170.1702130637     
   12.3100000000000        54276.7165874757     
   12.3200000000000        54383.3676996571     
   12.3300000000000        54490.1235496079     
   12.3400000000000        54596.9841373281     
   12.3500000000000        54703.9494628177     
   12.3600000000000        54811.0195260767     
   12.3700000000000        54918.1943271051     
   12.3800000000000        55025.4738659029     
   12.3900000000000        55132.8581424701     
   12.4000000000000        55240.3471568068     
   12.4100000000000        55347.9409089128     
   12.4200000000000        55455.6393987882     
   12.4300000000000        55563.4426264331     
   12.4400000000000        55671.3505918473     
   12.4500000000000        55779.3632950309     
   12.4600000000000        55887.4807359840     
   12.4700000000000        55995.7029147064     
   12.4800000000000        56104.0298311983     
   12.4900000000000        56212.4614854595     
   12.5000000000000        56320.9978774902     
   12.5100000000000        56429.6390072903     
   12.5200000000000        56538.3848748598     
   12.5300000000000        56647.2354801986     
   12.5400000000000        56756.1908233069     
   12.5500000000000        56865.2509041846     
   12.5600000000000        56974.4157228317     
   12.5700000000000        57083.6852792482     
   12.5800000000000        57193.0595734341     
   12.5900000000000        57302.5386053894     
   12.6000000000000        57412.1223751141     
   12.6100000000000        57521.8108826082     
   12.6200000000000        57631.6041278717     
   12.6300000000000        57741.5021109046     
   12.6400000000000        57851.5048317069     
   12.6500000000000        57961.6122902787     
   12.6600000000000        58071.8244866198     
   12.6700000000000        58182.1414207303     
   12.6800000000000        58292.5630926103     
   12.6900000000000        58403.0895022596     
   12.7000000000000        58513.7206496784     
   12.7100000000000        58624.4565348665     
   12.7200000000000        58735.2971578241     
   12.7300000000000        58846.2425185511     
   12.7400000000000        58957.2926170474     
   12.7500000000000        59068.4474533132     
   12.7600000000000        59179.7070273484     
   12.7700000000000        59291.0713391529     
   12.7800000000000        59402.5403887269     
   12.7900000000000        59514.1141760703     
   12.8000000000000        59625.7927011831     
   12.8100000000000        59737.5759640653     
   12.8200000000000        59849.4639647169     
   12.8300000000000        59961.4567031379     
   12.8400000000000        60073.5541793283     
   12.8500000000000        60185.7563932881     
   12.8600000000000        60298.0633450173     
   12.8700000000000        60410.4750345160     
   12.8800000000000        60522.9914617840     
   12.8900000000000        60635.6126268214     
   12.9000000000000        60748.3385296282     
   12.9100000000000        60861.1691702045     
   12.9200000000000        60974.1045485501     
   12.9300000000000        61087.1446646652     
   12.9400000000000        61200.2895185496     
   12.9500000000000        61313.5391102035     
   12.9600000000000        61426.8934396267     
   12.9700000000000        61540.3525068194     
   12.9800000000000        61653.9163117815     
   12.9900000000000        61767.5848545129     
   13.0000000000000        61881.3581350138     
   13.0100000000000        61995.2361532841     
   13.0200000000000        62109.2189093238     
   13.0300000000000        62223.3064031329     
   13.0400000000000        62337.4986347114     
   13.0500000000000        62451.7956040593     
   13.0600000000000        62566.1973111766     
   13.0700000000000        62680.7037560633     
   13.0800000000000        62795.3149387194     
   13.0900000000000        62910.0308591449     
   13.1000000000000        63024.8515173398     
   13.1100000000000        63139.7769133041     
   13.1200000000000        63254.8070470379     
   13.1300000000000        63369.9419185410     
   13.1400000000000        63485.1815278135     
   13.1500000000000        63600.5258748555     
   13.1600000000000        63715.9749596668     
   13.1700000000000        63831.5287822476     
   13.1800000000000        63947.1873425977     
   13.1900000000000        64062.9506407173     
   13.2000000000000        64178.8186766062     
   13.2100000000000        64294.7914502646     
   13.2200000000000        64410.8689616924     
   13.2300000000000        64527.0512108895     
   13.2400000000000        64643.3381978561     
   13.2500000000000        64759.7299225921     
   13.2600000000000        64876.2263850975     
   13.2700000000000        64992.8275853723     
   13.2800000000000        65109.5335234165     
   13.2900000000000        65226.3441992301     
   13.3000000000000        65343.2596128131     
   13.3100000000000        65460.2797641655     
   13.3200000000000        65577.4046532873     
   13.3300000000000        65694.6342801785     
   13.3400000000000        65811.9686448391     
   13.3500000000000        65929.4077472692     
   13.3600000000000        66046.9515874686     
   13.3700000000000        66164.6001654374     
   13.3800000000000        66282.3534811757     
   13.3900000000000        66400.2115346833     
   13.4000000000000        66518.1743259604     
   13.4100000000000        66636.2418550068     
   13.4200000000000        66754.4141218227     
   13.4300000000000        66872.6911264079     
   13.4400000000000        66991.0728687626     
   13.4500000000000        67109.5593488866     
   13.4600000000000        67228.1505667801     
   13.4700000000000        67346.8465224430     
   13.4800000000000        67465.6472158753     
   13.4900000000000        67584.5526470770     
   13.5000000000000        67703.5628160480     
   13.5100000000000        67822.6777227885     
   13.5200000000000        67941.8973672984     
   13.5300000000000        68061.2217495777     
   13.5400000000000        68180.6508696265     
   13.5500000000000        68300.1847274445     
   13.5600000000000        68419.8233230321     
   13.5700000000000        68539.5666563890     
   13.5800000000000        68659.4147275153     
   13.5900000000000        68779.3675364110     
   13.6000000000000        68899.4250830762     
   13.6100000000000        69019.5873675107     
   13.6200000000000        69139.8543897146     
   13.6300000000000        69260.2261496880     
   13.6400000000000        69380.7026474307     
   13.6500000000000        69501.2838829429     
   13.6600000000000        69621.9698562244     
   13.6700000000000        69742.7605672754     
   13.6800000000000        69863.6560160958     
   13.6900000000000        69984.6562026856     
   13.7000000000000        70105.7611270447     
   13.7100000000000        70226.9707891733     
   13.7200000000000        70348.2851890713     
   13.7300000000000        70469.7043267387     
   13.7400000000000        70591.2282021755     
   13.7500000000000        70712.8568153816     
   13.7600000000000        70834.5901663572     
   13.7700000000000        70956.4282551022     
   13.7800000000000        71078.3710816167     
   13.7900000000000        71200.4186459005     
   13.8000000000000        71322.5709479537     
   13.8100000000000        71444.8279877763     
   13.8200000000000        71567.1897653683     
   13.8300000000000        71689.6562807298     
   13.8400000000000        71812.2275338606     
   13.8500000000000        71934.9035247608     
   13.8600000000000        72057.6842534305     
   13.8700000000000        72180.5697198695     
   13.8800000000000        72303.5599240780     
   13.8900000000000        72426.6548660558     
   13.9000000000000        72549.8545458031     
   13.9100000000000        72673.1589633197     
   13.9200000000000        72796.5681186058     
   13.9300000000000        72920.0820116613     
   13.9400000000000        73043.7006424862     
   13.9500000000000        73167.4240110804     
   13.9600000000000        73291.2521174441     
   13.9700000000000        73415.1849615772     
   13.9800000000000        73539.2225434797     
   13.9900000000000        73663.3648631516     
   14.0000000000000        73787.6119205929     
   14.0100000000000        73911.9637158036     
   14.0200000000000        74036.4202487837     
   14.0300000000000        74160.9815195332     
   14.0400000000000        74285.6475280522     
   14.0500000000000        74410.4182743405     
   14.0600000000000        74535.2937583982     
   14.0700000000000        74660.2739802253     
   14.0800000000000        74785.3589398219     
   14.0900000000000        74910.5486371878     
   14.1000000000000        75035.8430723232     
   14.1100000000000        75161.2422452279     
   14.1200000000000        75286.7461559021     
   14.1300000000000        75412.3548043456     
   14.1400000000000        75538.0681905586     
   14.1500000000000        75663.8863145409     
   14.1600000000000        75789.8091762927     
   14.1700000000000        75915.8367758139     
   14.1800000000000        76041.9691131045     
   14.1900000000000        76168.2061881644     
   14.2000000000000        76294.5480009938     
   14.2100000000000        76420.9945515926     
   14.2200000000000        76547.5458399608     
   14.2300000000000        76674.2018660984     
   14.2400000000000        76800.9626300054     
   14.2500000000000        76927.8281316818     
   14.2600000000000        77054.7983711276     
   14.2700000000000        77181.8733483429     
   14.2800000000000        77309.0530633275     
   14.2900000000000        77436.3375160815     
   14.3000000000000        77563.7267066049     
   14.3100000000000        77691.2206348978     
   14.3200000000000        77818.8193009600     
   14.3300000000000        77946.5227047917     
   14.3400000000000        78074.3308463927     
   14.3500000000000        78202.2437257631     
   14.3600000000000        78330.2613429030     
   14.3700000000000        78458.3836978123     
   14.3800000000000        78586.6107904909     
   14.3900000000000        78714.9426209390     
   14.4000000000000        78843.3791891565     
   14.4100000000000        78971.9204951433     
   14.4200000000000        79100.5665388996     
   14.4300000000000        79229.3173204253     
   14.4400000000000        79358.1728397204     
   14.4500000000000        79487.1330967849     
   14.4600000000000        79616.1980916188     
   14.4700000000000        79745.3678242221     
   14.4800000000000        79874.6422945948     
   14.4900000000000        80004.0215027369     
   14.5000000000000        80133.5054486484     
   14.5100000000000        80263.0941323293     
   14.5200000000000        80392.7875537796     
   14.5300000000000        80522.5857129994     
   14.5400000000000        80652.4886099885     
   14.5500000000000        80782.4962447470     
   14.5600000000000        80912.6086172750     
   14.5700000000000        81042.8257275723     
   14.5800000000000        81173.1475756391     
   14.5900000000000        81303.5741614752     
   14.6000000000000        81434.1054850808     
   14.6100000000000        81564.7415464557     
   14.6200000000000        81695.4823456001     
   14.6300000000000        81826.3278825139     
   14.6400000000000        81957.2781571971     
   14.6500000000000        82088.3331696496     
   14.6600000000000        82219.4929198716     
   14.6700000000000        82350.7574078630     
   14.6800000000000        82482.1266336238     
   14.6900000000000        82613.6005971540     
   14.7000000000000        82745.1792984536     
   14.7100000000000        82876.8627375226     
   14.7200000000000        83008.6509143610     
   14.7300000000000        83140.5438289688     
   14.7400000000000        83272.5414813460     
   14.7500000000000        83404.6438714926     
   14.7600000000000        83536.8509994087     
   14.7700000000000        83669.1628650941     
   14.7800000000000        83801.5794685489     
   14.7900000000000        83934.1008097732     
   14.8000000000000        84066.7268887668     
   14.8100000000000        84199.4577055299     
   14.8200000000000        84332.2932600623     
   14.8300000000000        84465.2335523642     
   14.8400000000000        84598.2785824354     
   14.8500000000000        84731.4283502761     
   14.8600000000000        84864.6828558861     
   14.8700000000000        84998.0420992656     
   14.8800000000000        85131.5060804145     
   14.8900000000000        85265.0747993328     
   14.9000000000000        85398.7482560205     
   14.9100000000000        85532.5264504776     
   14.9200000000000        85666.4093827040     
   14.9300000000000        85800.3970526999     
   14.9400000000000        85934.4894604653     
   14.9500000000000        86068.6866059999     
   14.9600000000000        86202.9884893041     
   14.9700000000000        86337.3951103776     
   14.9800000000000        86471.9064692205     
   14.9900000000000        86606.5225658328     
   15.0000000000000        86741.2434002145     
   15.0100000000000        86876.0689723657     
   15.0200000000000        87010.9992822862     
   15.0300000000000        87146.0343299761     
   15.0400000000000        87281.1741154355     
   15.0500000000000        87416.4186386642     
   15.0600000000000        87551.7678996624     
   15.0700000000000        87687.2218984299     
   15.0800000000000        87822.7806349669     
   15.0900000000000        87958.4441092733     
   15.1000000000000        88094.2123213490     
   15.1100000000000        88230.0852711942     
   15.1200000000000        88366.0629588088     
   15.1300000000000        88502.1453841928     
   15.1400000000000        88638.3325473462     
   15.1500000000000        88774.6244482690     
   15.1600000000000        88911.0210869611     
   15.1700000000000        89047.5224634227     
   15.1800000000000        89184.1285776537     
   15.1900000000000        89320.8394296542     
   15.2000000000000        89457.6550194240     
   15.2100000000000        89594.5753469631     
   15.2200000000000        89731.6004122718     
   15.2300000000000        89868.7302153497     
   15.2400000000000        90005.9647561972     
   15.2500000000000        90143.3040348140     
   15.2600000000000        90280.7480512002     
   15.2700000000000        90418.2968053558     
   15.2800000000000        90555.9502972808     
   15.2900000000000        90693.7085269753     
   15.3000000000000        90831.5714944391     
   15.3100000000000        90969.5391996723     
   15.3200000000000        91107.6116426750     
   15.3300000000000        91245.7888234470     
   15.3400000000000        91384.0707419885     
   15.3500000000000        91522.4573982993     
   15.3600000000000        91660.9487923796     
   15.3700000000000        91799.5449242293     
   15.3800000000000        91938.2457938483     
   15.3900000000000        92077.0514012368     
   15.4000000000000        92215.9617463947     
   15.4100000000000        92354.9768293220     
   15.4200000000000        92494.0966500186     
   15.4300000000000        92633.3212084847     
   15.4400000000000        92772.6505047202     
   15.4500000000000        92912.0845387251     
   15.4600000000000        93051.6233104994     
   15.4700000000000        93191.2668200431     
   15.4800000000000        93331.0150673562     
   15.4900000000000        93470.8680524388     
   15.5000000000000        93610.8257752907     
   15.5100000000000        93750.8882359120     
   15.5200000000000        93891.0554343027     
   15.5300000000000        94031.3273704629     
   15.5400000000000        94171.7040443924     
   15.5500000000000        94312.1854560913     
   15.5600000000000        94452.7716055597     
   15.5700000000000        94593.4624927974     
   15.5800000000000        94734.2581178046     
   15.5900000000000        94875.1584805811     
   15.6000000000000        95016.1635811271     
   15.6100000000000        95157.2734194425     
   15.6200000000000        95298.4879955272     
   15.6300000000000        95439.8073093814     
   15.6400000000000        95581.2313610050     
   15.6500000000000        95722.7601503980     
   15.6600000000000        95864.3936775604     
   15.6700000000000        96006.1319424921     
   15.6800000000000        96147.9749451933     
   15.6900000000000        96289.9226856639     
   15.7000000000000        96431.9751639039     
   15.7100000000000        96574.1323799133     
   15.7200000000000        96716.3943336922     
   15.7300000000000        96858.7610252404     
   15.7400000000000        97001.2324545580     
   15.7500000000000        97143.8086216450     
   15.7600000000000        97286.4895265014     
   15.7700000000000        97429.2751691273     
   15.7800000000000        97572.1655495225     
   15.7900000000000        97715.1606676871     
   15.8000000000000        97858.2605236212     
   15.8100000000000        98001.4651173247     
   15.8200000000000        98144.7744487975     
   15.8300000000000        98288.1885180398     
   15.8400000000000        98431.7073250514     
   15.8500000000000        98575.3308698325     
   15.8600000000000        98719.0591523830     
   15.8700000000000        98862.8921727028     
   15.8800000000000        99006.8299307921     
   15.8900000000000        99150.8724266508     
   15.9000000000000        99295.0196602789     
   15.9100000000000        99439.2716316764     
   15.9200000000000        99583.6283408433     
   15.9300000000000        99728.0897877796     
   15.9400000000000        99872.6559724853     
   15.9500000000000        100017.326894960     
   15.9600000000000        100162.102555205     
   15.9700000000000        100306.982953219     
   15.9800000000000        100451.968089002     
   15.9900000000000        100597.057962555     
   16.0000000000000        100742.252573877     
   16.0100000000000        100887.551922969     
   16.0200000000000        101032.956009829     
   16.0300000000000        101178.464834460     
   16.0400000000000        101324.078396860     
   16.0500000000000        101469.796697029     
   16.0600000000000        101615.619734967     
   16.0700000000000        101761.547510675     
   16.0800000000000        101907.580024153     
   16.0900000000000        102053.717275399     
   16.1000000000000        102199.959264416     
   16.1100000000000        102346.305991201     
   16.1200000000000        102492.757455756     
   16.1300000000000        102639.313658080     
   16.1400000000000        102785.974598174     
   16.1500000000000        102932.740276037     
   16.1600000000000        103079.610691670     
   16.1700000000000        103226.585845072     
   16.1800000000000        103373.665736243     
   16.1900000000000        103520.850365184     
   16.2000000000000        103668.139731894     
   16.2100000000000        103815.533836374     
   16.2200000000000        103963.032678623     
   16.2300000000000        104110.636258642     
   16.2400000000000        104258.344576429     
   16.2500000000000        104406.157631987     
   16.2600000000000        104554.075425313     
   16.2700000000000        104702.097956409     
   16.2800000000000        104850.225225275     
   16.2900000000000        104998.457231910     
   16.3000000000000        105146.793976314     
   16.3100000000000        105295.235458487     
   16.3200000000000        105443.781678431     
   16.3300000000000        105592.432636143     
   16.3400000000000        105741.188331625     
   16.3500000000000        105890.048764876     
   16.3600000000000        106039.013935897     
   16.3700000000000        106188.083844687     
   16.3800000000000        106337.258491246     
   16.3900000000000        106486.537875575     
   16.4000000000000        106635.921997674     
   16.4100000000000        106785.410857541     
   16.4200000000000        106935.004455178     
   16.4300000000000        107084.702790585     
   16.4400000000000        107234.505863761     
   16.4500000000000        107384.413674706     
   16.4600000000000        107534.426223421     
   16.4700000000000        107684.543509905     
   16.4800000000000        107834.765534159     
   16.4900000000000        107985.092296182     
   16.5000000000000        108135.523795974     
   16.5100000000000        108286.060033536     
   16.5200000000000        108436.701008867     
   16.5300000000000        108587.446721967     
   16.5400000000000        108738.297172837     
   16.5500000000000        108889.252361477     
   16.5600000000000        109040.312287885     
   16.5700000000000        109191.476952064     
   16.5800000000000        109342.746354011     
   16.5900000000000        109494.120493728     
   16.6000000000000        109645.599371214     
   16.6100000000000        109797.182986470     
   16.6200000000000        109948.871339495     
   16.6300000000000        110100.664430290     
   16.6400000000000        110252.562258854     
   16.6500000000000        110404.564825187     
   16.6600000000000        110556.672129290     
   16.6700000000000        110708.884171162     
   16.6800000000000        110861.200950804     
   16.6900000000000        111013.622468215     
   16.7000000000000        111166.148723396     
   16.7100000000000        111318.779716345     
   16.7200000000000        111471.515447065     
   16.7300000000000        111624.355915553     
   16.7400000000000        111777.301121811     
   16.7500000000000        111930.351065839     
   16.7600000000000        112083.505747636     
   16.7700000000000        112236.765167202     
   16.7800000000000        112390.129324538     
   16.7900000000000        112543.598219643     
   16.8000000000000        112697.171852517     
   16.8100000000000        112850.850223161     
   16.8200000000000        113004.633331574     
   16.8300000000000        113158.521177757     
   16.8400000000000        113312.513761709     
   16.8500000000000        113466.611083430     
   16.8600000000000        113620.813142921     
   16.8700000000000        113775.119940182     
   16.8800000000000        113929.531475211     
   16.8900000000000        114084.047748010     
   16.9000000000000        114238.668758579     
   16.9100000000000        114393.394506917     
   16.9200000000000        114548.224993024     
   16.9300000000000        114703.160216901     
   16.9400000000000        114858.200178547     
   16.9500000000000        115013.344877963     
   16.9600000000000        115168.594315148     
   16.9700000000000        115323.948490102     
   16.9800000000000        115479.407402826     
   16.9900000000000        115634.971053319     
   17.0000000000000        115790.639441581     
   17.0100000000000        115946.412567613     
   17.0200000000000        116102.290431415     
   17.0300000000000        116258.273032985     
   17.0400000000000        116414.360372326     
   17.0500000000000        116570.552449435     
   17.0600000000000        116726.849264314     
   17.0700000000000        116883.250816962     
   17.0800000000000        117039.757107380     
   17.0900000000000        117196.368135567     
   17.1000000000000        117353.083901524     
   17.1100000000000        117509.904405250     
   17.1200000000000        117666.829646745     
   17.1300000000000        117823.859626010     
   17.1400000000000        117980.994343044     
   17.1500000000000        118138.233797848     
   17.1600000000000        118295.577990421     
   17.1700000000000        118453.026920764     
   17.1800000000000        118610.580588875     
   17.1900000000000        118768.238994757     
   17.2000000000000        118926.002138407     
   17.2100000000000        119083.870019827     
   17.2200000000000        119241.842639017     
   17.2300000000000        119399.919995976     
   17.2400000000000        119558.102090704     
   17.2500000000000        119716.388923201     
   17.2600000000000        119874.780493469     
   17.2700000000000        120033.276801505     
   17.2800000000000        120191.877847311     
   17.2900000000000        120350.583630886     
   17.3000000000000        120509.394152231     
   17.3100000000000        120668.309411345     
   17.3200000000000        120827.329408228     
   17.3300000000000        120986.454142881     
   17.3400000000000        121145.683615304     
   17.3500000000000        121305.017825495     
   17.3600000000000        121464.456773456     
   17.3700000000000        121624.000459187     
   17.3800000000000        121783.648882687     
   17.3900000000000        121943.402043956     
   17.4000000000000        122103.259942995     
   17.4100000000000        122263.222579803     
   17.4200000000000        122423.289954380     
   17.4300000000000        122583.462066727     
   17.4400000000000        122743.738916844     
   17.4500000000000        122904.120504730     
   17.4600000000000        123064.606830385     
   17.4700000000000        123225.197893809     
   17.4800000000000        123385.893695003     
   17.4900000000000        123546.694233967     
   17.5000000000000        123707.599510699     
   17.5100000000000        123868.609525201     
   17.5200000000000        124029.724277473     
   17.5300000000000        124190.943767514     
   17.5400000000000        124352.267995324     
   17.5500000000000        124513.696960904     
   17.5600000000000        124675.230664253     
   17.5700000000000        124836.869105372     
   17.5800000000000        124998.612284260     
   17.5900000000000        125160.460200917     
   17.6000000000000        125322.412855344     
   17.6100000000000        125484.470247540     
   17.6200000000000        125646.632377506     
   17.6300000000000        125808.899245241     
   17.6400000000000        125971.270850745     
   17.6500000000000        126133.747194019     
   17.6600000000000        126296.328275062     
   17.6700000000000        126459.014093875     
   17.6800000000000        126621.804650457     
   17.6900000000000        126784.699944809     
   17.7000000000000        126947.699976929     
   17.7100000000000        127110.804746820     
   17.7200000000000        127274.014254479     
   17.7300000000000        127437.328499908     
   17.7400000000000        127600.747483107     
   17.7500000000000        127764.271204075     
   17.7600000000000        127927.899662812     
   17.7700000000000        128091.632859319     
   17.7800000000000        128255.470793595     
   17.7900000000000        128419.413465640     
   17.8000000000000        128583.460875455     
   17.8100000000000        128747.613023039     
   17.8200000000000        128911.869908393     
   17.8300000000000        129076.231531516     
   17.8400000000000        129240.697892409     
   17.8500000000000        129405.268991071     
   17.8600000000000        129569.944827502     
   17.8700000000000        129734.725401703     
   17.8800000000000        129899.610713673     
   17.8900000000000        130064.600763412     
   17.9000000000000        130229.695550921     
   17.9100000000000        130394.895076200     
   17.9200000000000        130560.199339247     
   17.9300000000000        130725.608340064     
   17.9400000000000        130891.122078651     
   17.9500000000000        131056.740555007     
   17.9600000000000        131222.463769132     
   17.9700000000000        131388.291721027     
   17.9800000000000        131554.224410691     
   17.9900000000000        131720.261838125     
   18.0000000000000        131886.404003328     
   18.0100000000000        132052.650906300     
   18.0200000000000        132219.002547042     
   18.0300000000000        132385.458925553     
   18.0400000000000        132552.020041834     
   18.0500000000000        132718.685895884     
   18.0600000000000        132885.456487703     
   18.0700000000000        133052.331817292     
   18.0800000000000        133219.311884650     
   18.0900000000000        133386.396689778     
   18.1000000000000        133553.586232675     
   18.1100000000000        133720.880513341     
   18.1200000000000        133888.279531777     
   18.1300000000000        134055.783287982     
   18.1400000000000        134223.391781957     
   18.1500000000000        134391.105013701     
   18.1600000000000        134558.922983214     
   18.1700000000000        134726.845690497     
   18.1800000000000        134894.873135549     
   18.1900000000000        135063.005318371     
   18.2000000000000        135231.242238962     
   18.2100000000000        135399.583897323     
   18.2200000000000        135568.030293453     
   18.2300000000000        135736.581427352     
   18.2400000000000        135905.237299020     
   18.2500000000000        136073.997908459     
   18.2600000000000        136242.863255666     
   18.2700000000000        136411.833340643     
   18.2800000000000        136580.908163389     
   18.2900000000000        136750.087723905     
   18.3000000000000        136919.372022190     
   18.3100000000000        137088.761058245     
   18.3200000000000        137258.254832068     
   18.3300000000000        137427.853343662     
   18.3400000000000        137597.556593024     
   18.3500000000000        137767.364580157     
   18.3600000000000        137937.277305058     
   18.3700000000000        138107.294767729     
   18.3800000000000        138277.416968169     
   18.3900000000000        138447.643906379     
   18.4000000000000        138617.975582358     
   18.4100000000000        138788.411996107     
   18.4200000000000        138958.953147625     
   18.4300000000000        139129.599036912     
   18.4400000000000        139300.349663969     
   18.4500000000000        139471.205028795     
   18.4600000000000        139642.165131391     
   18.4700000000000        139813.229971756     
   18.4800000000000        139984.399549890     
   18.4900000000000        140155.673865794     
   18.5000000000000        140327.052919467     
   18.5100000000000        140498.536710910     
   18.5200000000000        140670.125240122     
   18.5300000000000        140841.818507103     
   18.5400000000000        141013.616511854     
   18.5500000000000        141185.519254374     
   18.5600000000000        141357.526734664     
   18.5700000000000        141529.638952723     
   18.5800000000000        141701.855908551     
   18.5900000000000        141874.177602149     
   18.6000000000000        142046.604033516     
   18.6100000000000        142219.135202653     
   18.6200000000000        142391.771109559     
   18.6300000000000        142564.511754234     
   18.6400000000000        142737.357136679     
   18.6500000000000        142910.307256893     
   18.6600000000000        143083.362114877     
   18.6700000000000        143256.521710630     
   18.6800000000000        143429.786044152     
   18.6900000000000        143603.155115444     
   18.7000000000000        143776.628924506     
   18.7100000000000        143950.207471336     
   18.7200000000000        144123.890755936     
   18.7300000000000        144297.678778306     
   18.7400000000000        144471.571538445     
   18.7500000000000        144645.569036353     
   18.7600000000000        144819.671272031     
   18.7700000000000        144993.878245478     
   18.7800000000000        145168.189956694     
   18.7900000000000        145342.606405680     
   18.8000000000000        145517.127592435     
   18.8100000000000        145691.753516960     
   18.8200000000000        145866.484179254     
   18.8300000000000        146041.319579318     
   18.8400000000000        146216.259717151     
   18.8500000000000        146391.304592753     
   18.8600000000000        146566.454206125     
   18.8700000000000        146741.708557266     
   18.8800000000000        146917.067646176     
   18.8900000000000        147092.531472856     
   18.9000000000000        147268.100037306     
   18.9100000000000        147443.773339525     
   18.9200000000000        147619.551379513     
   18.9300000000000        147795.434157270     
   18.9400000000000        147971.421672797     
   18.9500000000000        148147.513926094     
   18.9600000000000        148323.710917159     
   18.9700000000000        148500.012645995     
   18.9800000000000        148676.419112599     
   18.9900000000000        148852.930316973     
   19.0000000000000        149029.546259117     
   19.0100000000000        149206.266939029     
   19.0200000000000        149383.092356712     
   19.0300000000000        149560.022512163     
   19.0400000000000        149737.057405384     
   19.0500000000000        149914.197036375     
   19.0600000000000        150091.441405134     
   19.0700000000000        150268.790511664     
   19.0800000000000        150446.244355962     
   19.0900000000000        150623.802938030     
   19.1000000000000        150801.466257868     
   19.1100000000000        150979.234315475     
   19.1200000000000        151157.107110851     
   19.1300000000000        151335.084643997     
   19.1400000000000        151513.166914912     
   19.1500000000000        151691.353923596     
   19.1600000000000        151869.645670050     
   19.1700000000000        152048.042154273     
   19.1800000000000        152226.543376266     
   19.1900000000000        152405.149336028     
   19.2000000000000        152583.860033559     
   19.2100000000000        152762.675468860     
   19.2200000000000        152941.595641931     
   19.2300000000000        153120.620552770     
   19.2400000000000        153299.750201379     
   19.2500000000000        153478.984587758     
   19.2600000000000        153658.323711906     
   19.2700000000000        153837.767573823     
   19.2800000000000        154017.316173510     
   19.2900000000000        154196.969510966     
   19.3000000000000        154376.727586191     
   19.3100000000000        154556.590399186     
   19.3200000000000        154736.557949951     
   19.3300000000000        154916.630238484     
   19.3400000000000        155096.807264788     
   19.3500000000000        155277.089028860     
   19.3600000000000        155457.475530702     
   19.3700000000000        155637.966770313     
   19.3800000000000        155818.562747694     
   19.3900000000000        155999.263462844     
   19.4000000000000        156180.068915764     
   19.4100000000000        156360.979106453     
   19.4200000000000        156541.994034911     
   19.4300000000000        156723.113701139     
   19.4400000000000        156904.338105136     
   19.4500000000000        157085.667246903     
   19.4600000000000        157267.101126439     
   19.4700000000000        157448.639743744     
   19.4800000000000        157630.283098819     
   19.4900000000000        157812.031191663     
   19.5000000000000        157993.884022277     
   19.5100000000000        158175.841590660     
   19.5200000000000        158357.903896812     
   19.5300000000000        158540.070940734     
   19.5400000000000        158722.342722425     
   19.5500000000000        158904.719241886     
   19.5600000000000        159087.200499116     
   19.5700000000000        159269.786494115     
   19.5800000000000        159452.477226884     
   19.5900000000000        159635.272697422     
   19.6000000000000        159818.172905730     
   19.6100000000000        160001.177851807     
   19.6200000000000        160184.287535654     
   19.6300000000000        160367.501957269     
   19.6400000000000        160550.821116655     
   19.6500000000000        160734.245013809     
   19.6600000000000        160917.773648733     
   19.6700000000000        161101.407021427     
   19.6800000000000        161285.145131890     
   19.6900000000000        161468.987980122     
   19.7000000000000        161652.935566124     
   19.7100000000000        161836.987889895     
   19.7200000000000        162021.144951435     
   19.7300000000000        162205.406750745     
   19.7400000000000        162389.773287825     
   19.7500000000000        162574.244562673     
   19.7600000000000        162758.820575291     
   19.7700000000000        162943.501325679     
   19.7800000000000        163128.286813836     
   19.7900000000000        163313.177039762     
   19.8000000000000        163498.172003458     
   19.8100000000000        163683.271704923     
   19.8200000000000        163868.476144158     
   19.8300000000000        164053.785321162     
   19.8400000000000        164239.199235935     
   19.8500000000000        164424.717888478     
   19.8600000000000        164610.341278790     
   19.8700000000000        164796.069406871     
   19.8800000000000        164981.902272722     
   19.8900000000000        165167.839876343     
   19.9000000000000        165353.882217733     
   19.9100000000000        165540.029296892     
   19.9200000000000        165726.281113820     
   19.9300000000000        165912.637668518     
   19.9400000000000        166099.098960986     
   19.9500000000000        166285.664991222     
   19.9600000000000        166472.335759229     
   19.9700000000000        166659.111265004     
   19.9800000000000        166845.991508549     
