  0.000000000000000E+000  7.273196576434789E-002
  1.000000000000000E-003  7.273196576434789E-002
  2.000000000000000E-003  7.273196576434789E-002
  3.000000000000000E-003  7.273196576434789E-002
  4.000000000000000E-003  7.273196576434789E-002
  5.000000000000000E-003  7.273196576434789E-002
  6.000000000000000E-003  7.273196576434789E-002
  7.000000000000000E-003  7.273196576434789E-002
  8.000000000000000E-003  7.273196576434789E-002
  9.000000000000001E-003  7.273196576434789E-002
  1.000000000000000E-002  7.273196576434789E-002
  1.100000000000000E-002  7.273196576434789E-002
  1.200000000000000E-002  7.273196576434789E-002
  1.300000000000000E-002  7.273196576434789E-002
  1.400000000000000E-002  7.273196576434789E-002
  1.500000000000000E-002  7.273196576434789E-002
  1.600000000000000E-002  7.273196576434789E-002
  1.700000000000000E-002  7.273196576434789E-002
  1.800000000000000E-002  7.273196576434789E-002
  1.900000000000000E-002  7.273196576434789E-002
  2.000000000000000E-002  7.273196576434789E-002
  2.100000000000000E-002  7.273196576434789E-002
  2.200000000000000E-002  7.273196576434789E-002
  2.300000000000000E-002  7.273196576434789E-002
  2.400000000000000E-002  7.273196576434789E-002
  2.500000000000000E-002  7.273196576434789E-002
  2.600000000000000E-002  7.273196576434789E-002
  2.700000000000000E-002  7.273196576434789E-002
  2.800000000000000E-002  7.273196576434789E-002
  2.900000000000000E-002  7.273196576434789E-002
  3.000000000000000E-002  7.273196576434789E-002
  3.100000000000000E-002  7.273196576434789E-002
  3.200000000000000E-002  7.273196576434789E-002
  3.300000000000000E-002  7.273196576434789E-002
  3.400000000000000E-002  7.273196576434789E-002
  3.500000000000000E-002  7.273196576434789E-002
  3.600000000000000E-002  7.273196576434789E-002
  3.700000000000000E-002  7.273196576434789E-002
  3.800000000000000E-002  7.273196576434789E-002
  3.900000000000000E-002  7.273196576434789E-002
  4.000000000000000E-002  7.273196576434789E-002
  4.100000000000000E-002  7.273196576434789E-002
  4.200000000000000E-002  7.273196576434789E-002
  4.300000000000000E-002  7.273196576434789E-002
  4.400000000000000E-002  7.273196576434789E-002
  4.500000000000000E-002  7.273196576434789E-002
  4.600000000000000E-002  7.273196576434789E-002
  4.700000000000000E-002  7.273196576434789E-002
  4.800000000000000E-002  7.273196576434789E-002
  4.900000000000000E-002  7.273196576434789E-002
  5.000000000000000E-002  7.273196576434789E-002
  5.100000000000000E-002  7.273196576434789E-002
  5.200000000000000E-002  7.273196576434789E-002
  5.300000000000000E-002  7.273196576434789E-002
  5.400000000000000E-002  7.273196576434789E-002
  5.500000000000000E-002  7.273196576434789E-002
  5.600000000000000E-002  7.273196576434789E-002
  5.700000000000000E-002  7.273196576434789E-002
  5.800000000000000E-002  7.273196576434789E-002
  5.900000000000000E-002  7.273196576434789E-002
  6.000000000000000E-002  7.273196576434789E-002
  6.100000000000000E-002  7.273196576434789E-002
  6.200000000000000E-002  7.273196576434789E-002
  6.300000000000000E-002  7.273196576434789E-002
  6.400000000000000E-002  7.273196576434789E-002
  6.500000000000000E-002  7.273196576434789E-002
  6.600000000000000E-002  7.273196576434789E-002
  6.700000000000000E-002  7.273196576434789E-002
  6.800000000000000E-002  7.273196576434789E-002
  6.900000000000001E-002  7.273196576434789E-002
  7.000000000000001E-002  7.273196576434789E-002
  7.100000000000001E-002  7.273196576434789E-002
  7.200000000000001E-002  7.273196576434789E-002
  7.300000000000000E-002  7.273196576434789E-002
  7.400000000000000E-002  7.273196576434789E-002
  7.500000000000000E-002  7.273196576434789E-002
  7.600000000000000E-002  7.273196576434789E-002
  7.700000000000000E-002  7.273196576434789E-002
  7.800000000000000E-002  7.273196576434789E-002
  7.900000000000000E-002  7.273196576434789E-002
  8.000000000000000E-002  7.273196576434789E-002
  8.100000000000000E-002  7.273196576434789E-002
  8.200000000000000E-002  7.273196576434789E-002
  8.300000000000000E-002  7.273196576434789E-002
  8.400000000000001E-002  7.273196576434789E-002
  8.500000000000001E-002  7.273196576434789E-002
  8.600000000000001E-002  7.273196576434789E-002
  8.700000000000001E-002  7.273196576434789E-002
  8.799999999999999E-002  7.273196576434789E-002
  8.900000000000000E-002  7.273196576434789E-002
  9.000000000000000E-002  7.273196576434789E-002
  9.100000000000000E-002  7.273196576434789E-002
  9.200000000000000E-002  7.273196576434789E-002
  9.300000000000000E-002  7.273196576434789E-002
  9.400000000000000E-002  7.273196576434789E-002
  9.500000000000000E-002  7.273196576434789E-002
  9.600000000000000E-002  7.273196576434789E-002
  9.700000000000000E-002  7.273196576434789E-002
  9.800000000000000E-002  7.273196576434789E-002
  9.900000000000000E-002  7.273196576434789E-002
  0.100000000000000       7.273196576434789E-002
  0.101000000000000       7.273196576434789E-002
  0.102000000000000       7.273196576434789E-002
  0.103000000000000       7.273196576434789E-002
  0.104000000000000       7.273196576434789E-002
  0.105000000000000       7.273196576434789E-002
  0.106000000000000       7.273196576434789E-002
  0.107000000000000       7.273196576434789E-002
  0.108000000000000       7.273196576434789E-002
  0.109000000000000       7.273196576434789E-002
  0.110000000000000       7.273196576434789E-002
  0.111000000000000       7.273196576434789E-002
  0.112000000000000       7.273196576434789E-002
  0.113000000000000       7.273196576434789E-002
  0.114000000000000       7.273196576434789E-002
  0.115000000000000       7.273196576434789E-002
  0.116000000000000       7.273196576434789E-002
  0.117000000000000       7.273196576434789E-002
  0.118000000000000       7.273196576434789E-002
  0.119000000000000       7.273196576434789E-002
  0.120000000000000       7.273196576434789E-002
  0.121000000000000       7.273196576434789E-002
  0.122000000000000       7.273196576434789E-002
  0.123000000000000       7.273196576434789E-002
  0.124000000000000       7.273196576434789E-002
  0.125000000000000       7.273196576434789E-002
  0.126000000000000       7.273196576434789E-002
  0.127000000000000       7.273196576434789E-002
  0.128000000000000       7.273196576434789E-002
  0.129000000000000       7.273196576434789E-002
  0.130000000000000       7.273196576434789E-002
  0.131000000000000       7.273196576434789E-002
  0.132000000000000       7.273196576434789E-002
  0.133000000000000       7.273196576434789E-002
  0.134000000000000       7.273196576434789E-002
  0.135000000000000       7.273196576434789E-002
  0.136000000000000       7.273196576434789E-002
  0.137000000000000       7.273196576434789E-002
  0.138000000000000       7.273196576434789E-002
  0.139000000000000       7.273196576434789E-002
  0.140000000000000       7.273196576434789E-002
  0.141000000000000       7.273196576434789E-002
  0.142000000000000       7.273196576434789E-002
  0.143000000000000       7.273196576434789E-002
  0.144000000000000       7.273196576434789E-002
  0.145000000000000       7.273196576434789E-002
  0.146000000000000       7.273196576434789E-002
  0.147000000000000       7.273196576434789E-002
  0.148000000000000       7.273196576434789E-002
  0.149000000000000       7.273196576434789E-002
  0.150000000000000       7.273196576434789E-002
  0.151000000000000       7.273196576434789E-002
  0.152000000000000       7.273196576434789E-002
  0.153000000000000       7.273196576434789E-002
  0.154000000000000       7.273196576434789E-002
  0.155000000000000       7.273196576434789E-002
  0.156000000000000       7.273196576434789E-002
  0.157000000000000       7.273196576434789E-002
  0.158000000000000       7.273196576434789E-002
  0.159000000000000       7.273196576434789E-002
  0.160000000000000       7.273196576434789E-002
  0.161000000000000       7.273196576434789E-002
  0.162000000000000       7.273196576434789E-002
  0.163000000000000       7.273196576434789E-002
  0.164000000000000       7.273196576434789E-002
  0.165000000000000       7.273196576434789E-002
  0.166000000000000       7.273196576434789E-002
  0.167000000000000       7.273196576434789E-002
  0.168000000000000       7.273196576434789E-002
  0.169000000000000       7.273196576434789E-002
  0.170000000000000       7.273196576434789E-002
  0.171000000000000       7.273196576434789E-002
  0.172000000000000       7.273196576434789E-002
  0.173000000000000       7.273196576434789E-002
  0.174000000000000       7.273196576434789E-002
  0.175000000000000       7.273196576434789E-002
  0.176000000000000       7.273196576434789E-002
  0.177000000000000       7.273196576434789E-002
  0.178000000000000       7.273196576434789E-002
  0.179000000000000       7.273196576434789E-002
  0.180000000000000       7.273196576434789E-002
  0.181000000000000       7.273196576434789E-002
  0.182000000000000       7.273196576434789E-002
  0.183000000000000       7.273196576434789E-002
  0.184000000000000       7.273196576434789E-002
  0.185000000000000       7.273196576434789E-002
  0.186000000000000       7.273196576434789E-002
  0.187000000000000       7.273196576434789E-002
  0.188000000000000       7.273196576434789E-002
  0.189000000000000       7.273196576434789E-002
  0.190000000000000       7.273196576434789E-002
  0.191000000000000       7.273196576434789E-002
  0.192000000000000       7.273196576434789E-002
  0.193000000000000       7.273196576434789E-002
  0.194000000000000       7.273196576434789E-002
  0.195000000000000       7.273196576434789E-002
  0.196000000000000       7.273196576434789E-002
  0.197000000000000       7.273196576434789E-002
  0.198000000000000       7.273196576434789E-002
  0.199000000000000       7.273196576434789E-002
  0.200000000000000       7.273196576434789E-002
  0.201000000000000       7.273196576434789E-002
  0.202000000000000       7.273196576434789E-002
  0.203000000000000       7.273196576434789E-002
  0.204000000000000       7.273196576434789E-002
  0.205000000000000       7.273196576434789E-002
  0.206000000000000       7.273196576434789E-002
  0.207000000000000       7.273196576434789E-002
  0.208000000000000       7.273196576434789E-002
  0.209000000000000       7.273196576434789E-002
  0.210000000000000       7.273196576434789E-002
  0.211000000000000       7.273196576434789E-002
  0.212000000000000       7.273196576434789E-002
  0.213000000000000       7.273196576434789E-002
  0.214000000000000       7.273196576434789E-002
  0.215000000000000       7.273196576434789E-002
  0.216000000000000       7.273196576434789E-002
  0.217000000000000       7.273196576434789E-002
  0.218000000000000       7.273196576434789E-002
  0.219000000000000       7.273196576434789E-002
  0.220000000000000       7.273196576434789E-002
  0.221000000000000       7.273196576434789E-002
  0.222000000000000       7.273196576434789E-002
  0.223000000000000       7.273196576434789E-002
  0.224000000000000       7.273196576434789E-002
  0.225000000000000       7.273196576434789E-002
  0.226000000000000       7.273196576434789E-002
  0.227000000000000       7.273196576434789E-002
  0.228000000000000       7.273196576434789E-002
  0.229000000000000       7.273196576434789E-002
  0.230000000000000       7.273196576434789E-002
  0.231000000000000       7.273196576434789E-002
  0.232000000000000       7.273196576434789E-002
  0.233000000000000       7.273196576434789E-002
  0.234000000000000       7.273196576434789E-002
  0.235000000000000       7.273196576434789E-002
  0.236000000000000       7.273196576434789E-002
  0.237000000000000       7.273196576434789E-002
  0.238000000000000       7.273196576434789E-002
  0.239000000000000       7.273196576434789E-002
  0.240000000000000       7.273196576434789E-002
  0.241000000000000       7.273196576434789E-002
  0.242000000000000       7.273196576434789E-002
  0.243000000000000       7.273196576434789E-002
  0.244000000000000       7.273196576434789E-002
  0.245000000000000       7.273196576434789E-002
  0.246000000000000       7.273196576434789E-002
  0.247000000000000       7.273196576434789E-002
  0.248000000000000       7.273196576434789E-002
  0.249000000000000       7.273196576434789E-002
  0.250000000000000       7.273196576434789E-002
  0.251000000000000       7.273196576434789E-002
  0.252000000000000       7.273196576434789E-002
  0.253000000000000       7.273196576434789E-002
  0.254000000000000       7.273196576434789E-002
  0.255000000000000       7.273196576434789E-002
  0.256000000000000       7.273196576434789E-002
  0.257000000000000       7.273196576434789E-002
  0.258000000000000       7.273196576434789E-002
  0.259000000000000       7.273196576434789E-002
  0.260000000000000       7.273196576434789E-002
  0.261000000000000       7.273196576434789E-002
  0.262000000000000       7.273196576434789E-002
  0.263000000000000       7.273196576434789E-002
  0.264000000000000       7.273196576434789E-002
  0.265000000000000       7.273196576434789E-002
  0.266000000000000       7.273196576434789E-002
  0.267000000000000       7.273196576434789E-002
  0.268000000000000       7.273196576434789E-002
  0.269000000000000       7.273196576434789E-002
  0.270000000000000       7.273196576434789E-002
  0.271000000000000       7.273196576434789E-002
  0.272000000000000       7.273196576434789E-002
  0.273000000000000       7.273196576434789E-002
  0.274000000000000       7.273196576434789E-002
  0.275000000000000       7.273196576434789E-002
  0.276000000000000       7.273196576434789E-002
  0.277000000000000       7.273196576434789E-002
  0.278000000000000       7.273196576434789E-002
  0.279000000000000       7.273196576434789E-002
  0.280000000000000       7.273196576434789E-002
  0.281000000000000       7.273196576434789E-002
  0.282000000000000       7.273196576434789E-002
  0.283000000000000       7.273196576434789E-002
  0.284000000000000       7.273196576434789E-002
  0.285000000000000       7.273196576434789E-002
  0.286000000000000       7.273196576434789E-002
  0.287000000000000       7.273196576434789E-002
  0.288000000000000       7.273196576434789E-002
  0.289000000000000       7.273196576434789E-002
  0.290000000000000       7.273196576434789E-002
  0.291000000000000       7.273196576434789E-002
  0.292000000000000       7.273196576434789E-002
  0.293000000000000       7.273196576434789E-002
  0.294000000000000       7.273196576434789E-002
  0.295000000000000       7.273196576434789E-002
  0.296000000000000       7.273196576434789E-002
  0.297000000000000       7.273196576434789E-002
  0.298000000000000       7.273196576434789E-002
  0.299000000000000       7.273196576434789E-002
  0.300000000000000       7.273196576434789E-002
  0.301000000000000       7.273196576434789E-002
  0.302000000000000       7.273196576434789E-002
  0.303000000000000       7.273196576434789E-002
  0.304000000000000       7.273196576434789E-002
  0.305000000000000       7.273196576434789E-002
  0.306000000000000       7.273196576434789E-002
  0.307000000000000       7.273196576434789E-002
  0.308000000000000       7.273196576434789E-002
  0.309000000000000       7.273196576434789E-002
  0.310000000000000       7.273196576434789E-002
  0.311000000000000       7.273196576434789E-002
  0.312000000000000       7.273196576434789E-002
  0.313000000000000       7.273196576434789E-002
  0.314000000000000       7.273196576434789E-002
  0.315000000000000       7.273196576434789E-002
  0.316000000000000       7.273196576434789E-002
  0.317000000000000       7.273196576434789E-002
  0.318000000000000       7.273196576434789E-002
  0.319000000000000       7.273196576434789E-002
  0.320000000000000       7.273196576434789E-002
  0.321000000000000       7.273196576434789E-002
  0.322000000000000       7.273196576434789E-002
  0.323000000000000       7.273196576434789E-002
  0.324000000000000       7.273196576434789E-002
  0.325000000000000       7.273196576434789E-002
  0.326000000000000       7.273196576434789E-002
  0.327000000000000       7.273196576434789E-002
  0.328000000000000       7.273196576434789E-002
  0.329000000000000       7.273196576434789E-002
  0.330000000000000       7.273196576434789E-002
  0.331000000000000       7.273196576434789E-002
  0.332000000000000       7.273196576434789E-002
  0.333000000000000       7.273196576434789E-002
  0.334000000000000       7.273196576434789E-002
  0.335000000000000       7.273196576434789E-002
  0.336000000000000       7.273196576434789E-002
  0.337000000000000       7.273196576434789E-002
  0.338000000000000       7.273196576434789E-002
  0.339000000000000       7.273196576434789E-002
  0.340000000000000       7.273196576434789E-002
  0.341000000000000       7.273196576434789E-002
  0.342000000000000       7.273196576434789E-002
  0.343000000000000       7.273196576434789E-002
  0.344000000000000       7.273196576434789E-002
  0.345000000000000       7.273196576434789E-002
  0.346000000000000       7.273196576434789E-002
  0.347000000000000       7.273196576434789E-002
  0.348000000000000       7.273196576434789E-002
  0.349000000000000       7.273196576434789E-002
  0.350000000000000       7.273196576434789E-002
  0.351000000000000       7.273196576434789E-002
  0.352000000000000       7.273196576434789E-002
  0.353000000000000       7.273196576434789E-002
  0.354000000000000       7.273196576434789E-002
  0.355000000000000       7.273196576434789E-002
  0.356000000000000       7.273196576434789E-002
  0.357000000000000       7.273196576434789E-002
  0.358000000000000       7.273196576434789E-002
  0.359000000000000       7.273196576434789E-002
  0.360000000000000       7.273196576434789E-002
  0.361000000000000       7.273196576434789E-002
  0.362000000000000       7.273196576434789E-002
  0.363000000000000       7.273196576434789E-002
  0.364000000000000       7.273196576434789E-002
  0.365000000000000       7.273196576434789E-002
  0.366000000000000       7.273196576434789E-002
  0.367000000000000       7.273196576434789E-002
  0.368000000000000       7.273196576434789E-002
  0.369000000000000       7.273196576434789E-002
  0.370000000000000       7.273196576434789E-002
  0.371000000000000       7.273196576434789E-002
  0.372000000000000       7.273196576434789E-002
  0.373000000000000       7.273196576434789E-002
  0.374000000000000       7.273196576434789E-002
  0.375000000000000       7.273196576434789E-002
  0.376000000000000       7.273196576434789E-002
  0.377000000000000       7.273196576434789E-002
  0.378000000000000       7.273196576434789E-002
  0.379000000000000       7.273196576434789E-002
  0.380000000000000       7.273196576434789E-002
  0.381000000000000       7.273196576434789E-002
  0.382000000000000       7.273196576434789E-002
  0.383000000000000       7.273196576434789E-002
  0.384000000000000       7.273196576434789E-002
  0.385000000000000       7.273196576434789E-002
  0.386000000000000       7.273196576434789E-002
  0.387000000000000       7.273196576434789E-002
  0.388000000000000       7.273196576434789E-002
  0.389000000000000       7.273196576434789E-002
  0.390000000000000       7.273196576434789E-002
  0.391000000000000       7.273196576434789E-002
  0.392000000000000       7.273196576434789E-002
  0.393000000000000       7.273196576434789E-002
  0.394000000000000       7.273196576434789E-002
  0.395000000000000       7.273196576434789E-002
  0.396000000000000       7.273196576434789E-002
  0.397000000000000       7.273196576434789E-002
  0.398000000000000       7.273196576434789E-002
  0.399000000000000       7.273196576434789E-002
  0.400000000000000       7.273196576434789E-002
  0.401000000000000       7.273196576434789E-002
  0.402000000000000       7.273196576434789E-002
  0.403000000000000       7.273196576434789E-002
  0.404000000000000       7.273196576434789E-002
  0.405000000000000       7.273196576434789E-002
  0.406000000000000       7.273196576434789E-002
  0.407000000000000       7.273196576434789E-002
  0.408000000000000       7.273196576434789E-002
  0.409000000000000       7.273196576434789E-002
  0.410000000000000       7.273196576434789E-002
  0.411000000000000       7.273196576434789E-002
  0.412000000000000       7.273196576434789E-002
  0.413000000000000       7.273196576434789E-002
  0.414000000000000       7.273196576434789E-002
  0.415000000000000       7.273196576434789E-002
  0.416000000000000       7.273196576434789E-002
  0.417000000000000       7.273196576434789E-002
  0.418000000000000       7.273196576434789E-002
  0.419000000000000       7.273196576434789E-002
  0.420000000000000       7.273196576434789E-002
  0.421000000000000       7.273196576434789E-002
  0.422000000000000       7.273196576434789E-002
  0.423000000000000       7.273196576434789E-002
  0.424000000000000       7.273196576434789E-002
  0.425000000000000       7.273196576434789E-002
  0.426000000000000       7.273196576434789E-002
  0.427000000000000       7.273196576434789E-002
  0.428000000000000       7.273196576434789E-002
  0.429000000000000       7.273196576434789E-002
  0.430000000000000       7.273196576434789E-002
  0.431000000000000       7.273196576434789E-002
  0.432000000000000       7.273196576434789E-002
  0.433000000000000       7.273196576434789E-002
  0.434000000000000       7.273196576434789E-002
  0.435000000000000       7.273196576434789E-002
  0.436000000000000       7.273196576434789E-002
  0.437000000000000       7.273196576434789E-002
  0.438000000000000       7.273196576434789E-002
  0.439000000000000       7.273196576434789E-002
  0.440000000000000       7.273196576434789E-002
  0.441000000000000       7.273196576434789E-002
  0.442000000000000       7.273196576434789E-002
  0.443000000000000       7.273196576434789E-002
  0.444000000000000       7.273196576434789E-002
  0.445000000000000       7.273196576434789E-002
  0.446000000000000       7.273196576434789E-002
  0.447000000000000       7.273196576434789E-002
  0.448000000000000       7.273196576434789E-002
  0.449000000000000       7.273196576434789E-002
  0.450000000000000       7.273196576434789E-002
  0.451000000000000       7.273196576434789E-002
  0.452000000000000       7.273196576434789E-002
  0.453000000000000       7.273196576434789E-002
  0.454000000000000       7.273196576434789E-002
  0.455000000000000       7.273196576434789E-002
  0.456000000000000       7.273196576434789E-002
  0.457000000000000       7.273196576434789E-002
  0.458000000000000       7.273196576434789E-002
  0.459000000000000       7.273196576434789E-002
  0.460000000000000       7.273196576434789E-002
  0.461000000000000       7.273196576434789E-002
  0.462000000000000       7.273196576434789E-002
  0.463000000000000       7.273196576434789E-002
  0.464000000000000       7.273196576434789E-002
  0.465000000000000       7.273196576434789E-002
  0.466000000000000       7.273196576434789E-002
  0.467000000000000       7.273196576434789E-002
  0.468000000000000       7.273196576434789E-002
  0.469000000000000       7.273196576434789E-002
  0.470000000000000       7.273196576434789E-002
  0.471000000000000       7.273196576434789E-002
  0.472000000000000       7.273196576434789E-002
  0.473000000000000       7.273196576434789E-002
  0.474000000000000       7.273196576434789E-002
  0.475000000000000       7.273196576434789E-002
  0.476000000000000       7.273196576434789E-002
  0.477000000000000       7.273196576434789E-002
  0.478000000000000       7.273196576434789E-002
  0.479000000000000       7.273196576434789E-002
  0.480000000000000       7.273196576434789E-002
  0.481000000000000       7.273196576434789E-002
  0.482000000000000       7.273196576434789E-002
  0.483000000000000       7.273196576434789E-002
  0.484000000000000       7.273196576434789E-002
  0.485000000000000       7.273196576434789E-002
  0.486000000000000       7.273196576434789E-002
  0.487000000000000       7.273196576434789E-002
  0.488000000000000       7.273196576434789E-002
  0.489000000000000       7.273196576434789E-002
  0.490000000000000       7.273196576434789E-002
  0.491000000000000       7.273196576434789E-002
  0.492000000000000       7.273196576434789E-002
  0.493000000000000       7.273196576434789E-002
  0.494000000000000       7.273196576434789E-002
  0.495000000000000       7.273196576434789E-002
  0.496000000000000       7.273196576434789E-002
  0.497000000000000       7.273196576434789E-002
  0.498000000000000       7.273196576434789E-002
  0.499000000000000       7.273196576434789E-002
  0.500000000000000       7.273196576434789E-002
  0.501000000000000       7.273196576434789E-002
  0.502000000000000       7.273196576434789E-002
  0.503000000000000       7.273196576434789E-002
  0.504000000000000       7.273196576434789E-002
  0.505000000000000       7.273196576434789E-002
  0.506000000000000       7.273196576434789E-002
  0.507000000000000       7.273196576434789E-002
  0.508000000000000       7.273196576434789E-002
  0.509000000000000       7.273196576434789E-002
  0.510000000000000       7.273196576434789E-002
  0.511000000000000       7.273196576434789E-002
  0.512000000000000       7.273196576434789E-002
  0.513000000000000       7.273196576434789E-002
  0.514000000000000       7.273196576434789E-002
  0.515000000000000       7.273196576434789E-002
  0.516000000000000       7.273196576434789E-002
  0.517000000000000       7.273196576434789E-002
  0.518000000000000       7.273196576434789E-002
  0.519000000000000       7.273196576434789E-002
  0.520000000000000       7.273196576434789E-002
  0.521000000000000       7.273196576434789E-002
  0.522000000000000       7.273196576434789E-002
  0.523000000000000       7.273196576434789E-002
  0.524000000000000       7.273196576434789E-002
  0.525000000000000       7.273196576434789E-002
  0.526000000000000       7.273196576434789E-002
  0.527000000000000       7.273196576434789E-002
  0.528000000000000       7.273196576434789E-002
  0.529000000000000       7.273196576434789E-002
  0.530000000000000       7.273196576434789E-002
  0.531000000000000       7.273196576434789E-002
  0.532000000000000       7.273196576434789E-002
  0.533000000000000       7.273196576434789E-002
  0.534000000000000       7.273196576434789E-002
  0.535000000000000       7.273196576434789E-002
  0.536000000000000       7.273196576434789E-002
  0.537000000000000       7.273196576434789E-002
  0.538000000000000       7.273196576434789E-002
  0.539000000000000       7.273196576434789E-002
  0.540000000000000       7.273196576434789E-002
  0.541000000000000       7.273196576434789E-002
  0.542000000000000       7.273196576434789E-002
  0.543000000000000       7.273196576434789E-002
  0.544000000000000       7.273196576434789E-002
  0.545000000000000       7.273196576434789E-002
  0.546000000000000       7.273196576434789E-002
  0.547000000000000       7.273196576434789E-002
  0.548000000000000       7.273196576434789E-002
  0.549000000000000       7.273196576434789E-002
  0.550000000000000       7.273196576434789E-002
  0.551000000000000       7.273196576434789E-002
  0.552000000000000       7.273196576434789E-002
  0.553000000000000       7.273196576434789E-002
  0.554000000000000       7.273196576434789E-002
  0.555000000000000       7.273196576434789E-002
  0.556000000000000       7.273196576434789E-002
  0.557000000000000       7.273196576434789E-002
  0.558000000000000       7.273196576434789E-002
  0.559000000000000       7.273196576434789E-002
  0.560000000000000       7.273196576434789E-002
  0.561000000000000       7.273196576434789E-002
  0.562000000000000       7.273196576434789E-002
  0.563000000000000       7.273196576434789E-002
  0.564000000000000       7.273196576434789E-002
  0.565000000000000       7.273196576434789E-002
  0.566000000000000       7.273196576434789E-002
  0.567000000000000       7.273196576434789E-002
  0.568000000000000       7.273196576434789E-002
  0.569000000000000       7.273196576434789E-002
  0.570000000000000       7.273196576434789E-002
  0.571000000000000       7.273196576434789E-002
  0.572000000000000       7.273196576434789E-002
  0.573000000000000       7.273196576434789E-002
  0.574000000000000       7.273196576434789E-002
  0.575000000000000       7.273196576434789E-002
  0.576000000000000       7.273196576434789E-002
  0.577000000000000       7.273196576434789E-002
  0.578000000000000       7.273196576434789E-002
  0.579000000000000       7.273196576434789E-002
  0.580000000000000       7.273196576434789E-002
  0.581000000000000       7.273196576434789E-002
  0.582000000000000       7.273196576434789E-002
  0.583000000000000       7.273196576434789E-002
  0.584000000000000       7.273196576434789E-002
  0.585000000000000       7.273196576434789E-002
  0.586000000000000       7.273196576434789E-002
  0.587000000000000       7.273196576434789E-002
  0.588000000000000       7.273196576434789E-002
  0.589000000000000       7.273196576434789E-002
  0.590000000000000       7.273196576434789E-002
  0.591000000000000       7.273196576434789E-002
  0.592000000000000       7.273196576434789E-002
  0.593000000000000       7.273196576434789E-002
  0.594000000000000       7.273196576434789E-002
  0.595000000000000       7.273196576434789E-002
  0.596000000000000       7.273196576434789E-002
  0.597000000000000       7.273196576434789E-002
  0.598000000000000       7.273196576434789E-002
  0.599000000000000       7.273196576434789E-002
  0.600000000000000       7.273196576434789E-002
  0.601000000000000       7.273196576434789E-002
  0.602000000000000       7.273196576434789E-002
  0.603000000000000       7.273196576434789E-002
  0.604000000000000       7.273196576434789E-002
  0.605000000000000       7.273196576434789E-002
  0.606000000000000       7.273196576434789E-002
  0.607000000000000       7.273196576434789E-002
  0.608000000000000       7.273196576434789E-002
  0.609000000000000       7.273196576434789E-002
  0.610000000000000       7.273196576434789E-002
  0.611000000000000       7.273196576434789E-002
  0.612000000000000       7.273196576434789E-002
  0.613000000000000       7.273196576434789E-002
  0.614000000000000       7.273196576434789E-002
  0.615000000000000       7.273196576434789E-002
  0.616000000000000       7.273196576434789E-002
  0.617000000000000       7.273196576434789E-002
  0.618000000000000       7.273196576434789E-002
  0.619000000000000       7.273196576434789E-002
  0.620000000000000       7.273196576434789E-002
  0.621000000000000       7.273196576434789E-002
  0.622000000000000       7.273196576434789E-002
  0.623000000000000       7.273196576434789E-002
  0.624000000000000       7.273196576434789E-002
  0.625000000000000       7.273196576434789E-002
  0.626000000000000       7.273196576434789E-002
  0.627000000000000       7.273196576434789E-002
  0.628000000000000       7.273196576434789E-002
  0.629000000000000       7.273196576434789E-002
  0.630000000000000       7.273196576434789E-002
  0.631000000000000       7.273196576434789E-002
  0.632000000000000       7.273196576434789E-002
  0.633000000000000       7.273196576434789E-002
  0.634000000000000       7.273196576434789E-002
  0.635000000000000       7.273196576434789E-002
  0.636000000000000       7.273196576434789E-002
  0.637000000000000       7.273196576434789E-002
  0.638000000000000       7.273196576434789E-002
  0.639000000000000       7.273196576434789E-002
  0.640000000000000       7.273196576434789E-002
  0.641000000000000       7.273196576434789E-002
  0.642000000000000       7.273196576434789E-002
  0.643000000000000       7.273196576434789E-002
  0.644000000000000       7.273196576434789E-002
  0.645000000000000       7.273196576434789E-002
  0.646000000000000       7.273196576434789E-002
  0.647000000000000       7.273196576434789E-002
  0.648000000000000       7.273196576434789E-002
  0.649000000000000       7.273196576434789E-002
  0.650000000000000       7.273196576434789E-002
  0.651000000000000       7.273196576434789E-002
  0.652000000000000       7.273196576434789E-002
  0.653000000000000       7.273196576434789E-002
  0.654000000000000       7.273196576434789E-002
  0.655000000000000       7.273196576434789E-002
  0.656000000000000       7.273196576434789E-002
  0.657000000000000       7.273196576434789E-002
  0.658000000000000       7.273196576434789E-002
  0.659000000000000       7.273196576434789E-002
  0.660000000000000       7.273196576434789E-002
  0.661000000000000       7.273196576434789E-002
  0.662000000000000       7.273196576434789E-002
  0.663000000000000       7.273196576434789E-002
  0.664000000000000       7.273196576434789E-002
  0.665000000000000       7.273196576434789E-002
  0.666000000000000       7.273196576434789E-002
  0.667000000000000       7.273196576434789E-002
  0.668000000000000       7.273196576434789E-002
  0.669000000000000       7.273196576434789E-002
  0.670000000000000       7.273196576434789E-002
  0.671000000000000       7.273196576434789E-002
  0.672000000000000       7.273196576434789E-002
  0.673000000000000       7.273196576434789E-002
  0.674000000000000       7.273196576434789E-002
  0.675000000000000       7.273196576434789E-002
  0.676000000000000       7.273196576434789E-002
  0.677000000000000       7.273196576434789E-002
  0.678000000000000       7.273196576434789E-002
  0.679000000000000       7.273196576434789E-002
  0.680000000000000       7.273196576434789E-002
  0.681000000000000       7.273196576434789E-002
  0.682000000000000       7.273196576434789E-002
  0.683000000000000       7.273196576434789E-002
  0.684000000000000       7.273196576434789E-002
  0.685000000000000       7.273196576434789E-002
  0.686000000000000       7.273196576434789E-002
  0.687000000000000       7.273196576434789E-002
  0.688000000000000       7.273196576434789E-002
  0.689000000000000       7.273196576434789E-002
  0.690000000000000       7.273196576434789E-002
  0.691000000000000       7.273196576434789E-002
  0.692000000000000       7.273196576434789E-002
  0.693000000000000       7.273196576434789E-002
  0.694000000000000       7.273196576434789E-002
  0.695000000000000       7.273196576434789E-002
  0.696000000000000       7.273196576434789E-002
  0.697000000000000       7.273196576434789E-002
  0.698000000000000       7.273196576434789E-002
  0.699000000000000       7.273196576434789E-002
  0.700000000000000       7.273196576434789E-002
  0.701000000000000       7.273196576434789E-002
  0.702000000000000       7.273196576434789E-002
  0.703000000000000       7.273196576434789E-002
  0.704000000000000       7.273196576434789E-002
  0.705000000000000       7.273196576434789E-002
  0.706000000000000       7.273196576434789E-002
  0.707000000000000       7.273196576434789E-002
  0.708000000000000       7.273196576434789E-002
  0.709000000000000       7.273196576434789E-002
  0.710000000000000       7.273196576434789E-002
  0.711000000000000       7.273196576434789E-002
  0.712000000000000       7.273196576434789E-002
  0.713000000000000       7.273196576434789E-002
  0.714000000000000       7.273196576434789E-002
  0.715000000000000       7.273196576434789E-002
  0.716000000000000       7.273196576434789E-002
  0.717000000000000       7.273196576434789E-002
  0.718000000000000       7.273196576434789E-002
  0.719000000000000       7.273196576434789E-002
  0.720000000000000       7.273196576434789E-002
  0.721000000000000       7.273196576434789E-002
  0.722000000000000       7.273196576434789E-002
  0.723000000000000       7.273196576434789E-002
  0.724000000000000       7.273196576434789E-002
  0.725000000000000       7.273196576434789E-002
  0.726000000000000       7.273196576434789E-002
  0.727000000000000       7.273196576434789E-002
  0.728000000000000       7.273196576434789E-002
  0.729000000000000       7.273196576434789E-002
  0.730000000000000       7.273196576434789E-002
  0.731000000000000       7.273196576434789E-002
  0.732000000000000       7.273196576434789E-002
  0.733000000000000       7.273196576434789E-002
  0.734000000000000       7.273196576434789E-002
  0.735000000000000       7.273196576434789E-002
  0.736000000000000       7.273196576434789E-002
  0.737000000000000       7.273196576434789E-002
  0.738000000000000       7.273196576434789E-002
  0.739000000000000       7.273196576434789E-002
  0.740000000000000       7.273196576434789E-002
  0.741000000000000       7.273196576434789E-002
  0.742000000000000       7.273196576434789E-002
  0.743000000000000       7.273196576434789E-002
  0.744000000000000       7.273196576434789E-002
  0.745000000000000       7.273196576434789E-002
  0.746000000000000       7.273196576434789E-002
  0.747000000000000       7.273196576434789E-002
  0.748000000000000       7.273196576434789E-002
  0.749000000000000       7.273196576434789E-002
  0.750000000000000       7.273196576434789E-002
  0.751000000000000       7.273196576434789E-002
  0.752000000000000       7.273196576434789E-002
  0.753000000000000       7.273196576434789E-002
  0.754000000000000       7.273196576434789E-002
  0.755000000000000       7.273196576434789E-002
  0.756000000000000       7.273196576434789E-002
  0.757000000000000       7.273196576434789E-002
  0.758000000000000       7.273196576434789E-002
  0.759000000000000       7.273196576434789E-002
  0.760000000000000       7.273196576434789E-002
  0.761000000000000       7.273196576434789E-002
  0.762000000000000       7.273196576434789E-002
  0.763000000000000       7.273196576434789E-002
  0.764000000000000       7.273196576434789E-002
  0.765000000000000       7.273196576434789E-002
  0.766000000000000       7.273196576434789E-002
  0.767000000000000       7.273196576434789E-002
  0.768000000000000       7.273196576434789E-002
  0.769000000000000       7.273196576434789E-002
  0.770000000000000       7.273196576434789E-002
  0.771000000000000       7.273196576434789E-002
  0.772000000000000       7.273196576434789E-002
  0.773000000000000       7.273196576434789E-002
  0.774000000000000       7.273196576434789E-002
  0.775000000000000       7.273196576434789E-002
  0.776000000000000       7.273196576434789E-002
  0.777000000000000       7.273196576434789E-002
  0.778000000000000       7.273196576434789E-002
  0.779000000000000       7.273196576434789E-002
  0.780000000000000       7.273196576434789E-002
  0.781000000000000       7.273196576434789E-002
  0.782000000000000       7.273196576434789E-002
  0.783000000000000       7.273196576434789E-002
  0.784000000000000       7.273196576434789E-002
  0.785000000000000       7.273196576434789E-002
  0.786000000000000       7.273196576434789E-002
  0.787000000000000       7.273196576434789E-002
  0.788000000000000       7.273196576434789E-002
  0.789000000000000       7.273196576434789E-002
  0.790000000000000       7.273196576434789E-002
  0.791000000000000       7.273196576434789E-002
  0.792000000000000       7.273196576434789E-002
  0.793000000000000       7.273196576434789E-002
  0.794000000000000       7.273196576434789E-002
  0.795000000000000       7.273196576434789E-002
  0.796000000000000       7.273196576434789E-002
  0.797000000000000       7.273196576434789E-002
  0.798000000000000       7.273196576434789E-002
  0.799000000000000       7.273196576434789E-002
  0.800000000000000       7.273196576434789E-002
  0.801000000000000       7.273196576434789E-002
  0.802000000000000       7.273196576434789E-002
  0.803000000000000       7.273196576434789E-002
  0.804000000000000       7.273196576434789E-002
  0.805000000000000       7.273196576434789E-002
  0.806000000000000       7.273196576434789E-002
  0.807000000000000       7.273196576434789E-002
  0.808000000000000       7.273196576434789E-002
  0.809000000000000       7.273196576434789E-002
  0.810000000000000       7.273196576434789E-002
  0.811000000000000       7.273196576434789E-002
  0.812000000000000       7.273196576434789E-002
  0.813000000000000       7.273196576434789E-002
  0.814000000000000       7.273196576434789E-002
  0.815000000000000       7.273196576434789E-002
  0.816000000000000       7.273196576434789E-002
  0.817000000000000       7.273196576434789E-002
  0.818000000000000       7.273196576434789E-002
  0.819000000000000       7.273196576434789E-002
  0.820000000000000       7.273196576434789E-002
  0.821000000000000       7.273196576434789E-002
  0.822000000000000       7.273196576434789E-002
  0.823000000000000       7.273196576434789E-002
  0.824000000000000       7.273196576434789E-002
  0.825000000000000       7.273196576434789E-002
  0.826000000000000       7.273196576434789E-002
  0.827000000000000       7.273196576434789E-002
  0.828000000000000       7.273196576434789E-002
  0.829000000000000       7.273196576434789E-002
  0.830000000000000       7.273196576434789E-002
  0.831000000000000       7.273196576434789E-002
  0.832000000000000       7.273196576434789E-002
  0.833000000000000       7.273196576434789E-002
  0.834000000000000       7.273196576434789E-002
  0.835000000000000       7.273196576434789E-002
  0.836000000000000       7.273196576434789E-002
  0.837000000000000       7.273196576434789E-002
  0.838000000000000       7.273196576434789E-002
  0.839000000000000       7.273196576434789E-002
  0.840000000000000       7.273196576434789E-002
  0.841000000000000       7.273196576434789E-002
  0.842000000000000       7.273196576434789E-002
  0.843000000000000       7.273196576434789E-002
  0.844000000000000       7.273196576434789E-002
  0.845000000000000       7.273196576434789E-002
  0.846000000000000       7.273196576434789E-002
  0.847000000000000       7.273196576434789E-002
  0.848000000000000       7.273196576434789E-002
  0.849000000000000       7.273196576434789E-002
  0.850000000000000       7.273196576434789E-002
  0.851000000000000       7.273196576434789E-002
  0.852000000000000       7.273196576434789E-002
  0.853000000000000       7.273196576434789E-002
  0.854000000000000       7.273196576434789E-002
  0.855000000000000       7.273196576434789E-002
  0.856000000000000       7.273196576434789E-002
  0.857000000000000       7.273196576434789E-002
  0.858000000000000       7.273196576434789E-002
  0.859000000000000       7.273196576434789E-002
  0.860000000000000       7.273196576434789E-002
  0.861000000000000       7.273196576434789E-002
  0.862000000000000       7.273196576434789E-002
  0.863000000000000       7.273196576434789E-002
  0.864000000000000       7.273196576434789E-002
  0.865000000000000       7.273196576434789E-002
  0.866000000000000       7.273196576434789E-002
  0.867000000000000       7.273196576434789E-002
  0.868000000000000       7.273196576434789E-002
  0.869000000000000       7.273196576434789E-002
  0.870000000000000       7.273196576434789E-002
  0.871000000000000       7.273196576434789E-002
  0.872000000000000       7.273196576434789E-002
  0.873000000000000       7.273196576434789E-002
  0.874000000000000       7.273196576434789E-002
  0.875000000000000       7.273196576434789E-002
  0.876000000000000       7.273196576434789E-002
  0.877000000000000       7.273196576434789E-002
  0.878000000000000       7.273196576434789E-002
  0.879000000000000       7.273196576434789E-002
  0.880000000000000       7.273196576434789E-002
  0.881000000000000       7.273196576434789E-002
  0.882000000000000       7.273196576434789E-002
  0.883000000000000       7.273196576434789E-002
  0.884000000000000       7.273196576434789E-002
  0.885000000000000       7.273196576434789E-002
  0.886000000000000       7.273196576434789E-002
  0.887000000000000       7.273196576434789E-002
  0.888000000000000       7.273196576434789E-002
  0.889000000000000       7.273196576434789E-002
  0.890000000000000       7.273196576434789E-002
  0.891000000000000       7.273196576434789E-002
  0.892000000000000       7.273196576434789E-002
  0.893000000000000       7.273196576434789E-002
  0.894000000000000       7.273196576434789E-002
  0.895000000000000       7.273196576434789E-002
  0.896000000000000       7.273196576434789E-002
  0.897000000000000       7.273196576434789E-002
  0.898000000000000       7.273196576434789E-002
  0.899000000000000       7.273196576434789E-002
  0.900000000000000       7.273196576434789E-002
  0.901000000000000       7.273196576434789E-002
  0.902000000000000       7.273196576434789E-002
  0.903000000000000       7.273196576434789E-002
  0.904000000000000       7.273196576434789E-002
  0.905000000000000       7.273196576434789E-002
  0.906000000000000       7.273196576434789E-002
  0.907000000000000       7.273196576434789E-002
  0.908000000000000       7.273196576434789E-002
  0.909000000000000       7.273196576434789E-002
  0.910000000000000       7.273196576434789E-002
  0.911000000000000       7.273196576434789E-002
  0.912000000000000       7.273196576434789E-002
  0.913000000000000       7.273196576434789E-002
  0.914000000000000       7.273196576434789E-002
  0.915000000000000       7.273196576434789E-002
  0.916000000000000       7.273196576434789E-002
  0.917000000000000       7.273196576434789E-002
  0.918000000000000       7.273196576434789E-002
  0.919000000000000       7.273196576434789E-002
  0.920000000000000       7.273196576434789E-002
  0.921000000000000       7.273196576434789E-002
  0.922000000000000       7.273196576434789E-002
  0.923000000000000       7.273196576434789E-002
  0.924000000000000       7.273196576434789E-002
  0.925000000000000       7.273196576434789E-002
  0.926000000000000       7.273196576434789E-002
  0.927000000000000       7.273196576434789E-002
  0.928000000000000       7.273196576434789E-002
  0.929000000000000       7.273196576434789E-002
  0.930000000000000       7.273196576434789E-002
  0.931000000000000       7.273196576434789E-002
  0.932000000000000       7.273196576434789E-002
  0.933000000000000       7.273196576434789E-002
  0.934000000000000       7.273196576434789E-002
  0.935000000000000       7.273196576434789E-002
  0.936000000000000       7.273196576434789E-002
  0.937000000000000       7.273196576434789E-002
  0.938000000000000       7.273196576434789E-002
  0.939000000000000       7.273196576434789E-002
  0.940000000000000       7.273196576434789E-002
  0.941000000000000       7.273196576434789E-002
  0.942000000000000       7.273196576434789E-002
  0.943000000000000       7.273196576434789E-002
  0.944000000000000       7.273196576434789E-002
  0.945000000000000       7.273196576434789E-002
  0.946000000000000       7.273196576434789E-002
  0.947000000000000       7.273196576434789E-002
  0.948000000000000       7.273196576434789E-002
  0.949000000000000       7.273196576434789E-002
  0.950000000000000       7.273196576434789E-002
  0.951000000000000       7.273196576434789E-002
  0.952000000000000       7.273196576434789E-002
  0.953000000000000       7.273196576434789E-002
  0.954000000000000       7.273196576434789E-002
  0.955000000000000       7.273196576434789E-002
  0.956000000000000       7.273196576434789E-002
  0.957000000000000       7.273196576434789E-002
  0.958000000000000       7.273196576434789E-002
  0.959000000000000       7.273196576434789E-002
  0.960000000000000       7.273196576434789E-002
  0.961000000000000       7.273196576434789E-002
  0.962000000000000       7.273196576434789E-002
  0.963000000000000       7.273196576434789E-002
  0.964000000000000       7.273196576434789E-002
  0.965000000000000       7.273196576434789E-002
  0.966000000000000       7.273196576434789E-002
  0.967000000000000       7.273196576434789E-002
  0.968000000000000       7.273196576434789E-002
  0.969000000000000       7.273196576434789E-002
  0.970000000000000       7.273196576434789E-002
  0.971000000000000       7.273196576434789E-002
  0.972000000000000       7.273196576434789E-002
  0.973000000000000       7.273196576434789E-002
  0.974000000000000       7.273196576434789E-002
  0.975000000000000       7.273196576434789E-002
  0.976000000000000       7.273196576434789E-002
  0.977000000000000       7.273196576434789E-002
  0.978000000000000       7.273196576434789E-002
  0.979000000000000       7.273196576434789E-002
  0.980000000000000       7.273196576434789E-002
  0.981000000000000       7.273196576434789E-002
  0.982000000000000       7.273196576434789E-002
  0.983000000000000       7.273196576434789E-002
  0.984000000000000       7.273196576434789E-002
  0.985000000000000       7.273196576434789E-002
  0.986000000000000       7.273196576434789E-002
  0.987000000000000       7.273196576434789E-002
  0.988000000000000       7.273196576434789E-002
  0.989000000000000       7.273196576434789E-002
  0.990000000000000       7.273196576434789E-002
  0.991000000000000       7.273196576434789E-002
  0.992000000000000       7.273196576434789E-002
  0.993000000000000       7.273196576434789E-002
  0.994000000000000       7.273196576434789E-002
  0.995000000000000       7.273196576434789E-002
  0.996000000000000       7.273196576434789E-002
  0.997000000000000       7.273196576434789E-002
  0.998000000000000       7.273196576434789E-002
  0.999000000000000       7.273196576434789E-002
   1.00000000000000       7.273196576434789E-002
   1.00100000000000       7.273196576434789E-002
   1.00200000000000       7.273196576434789E-002
   1.00300000000000       7.273196576434789E-002
   1.00400000000000       7.273196576434789E-002
   1.00500000000000       7.273196576434789E-002
   1.00600000000000       7.273196576434789E-002
   1.00700000000000       7.273196576434789E-002
   1.00800000000000       7.273196576434789E-002
   1.00900000000000       7.273196576434789E-002
   1.01000000000000       7.273196576434789E-002
   1.01100000000000       7.273196576434789E-002
   1.01200000000000       7.273196576434789E-002
   1.01300000000000       7.273196576434789E-002
   1.01400000000000       7.273196576434789E-002
   1.01500000000000       7.273196576434789E-002
   1.01600000000000       7.273196576434789E-002
   1.01700000000000       7.273196576434789E-002
   1.01800000000000       7.273196576434789E-002
   1.01900000000000       7.273196576434789E-002
   1.02000000000000       7.273196576434789E-002
   1.02100000000000       7.273196576434789E-002
   1.02200000000000       7.273196576434789E-002
   1.02300000000000       7.273196576434789E-002
   1.02400000000000       7.273196576434789E-002
   1.02500000000000       7.273196576434789E-002
   1.02600000000000       7.273196576434789E-002
   1.02700000000000       7.273196576434789E-002
   1.02800000000000       7.273196576434789E-002
   1.02900000000000       7.273196576434789E-002
   1.03000000000000       7.273196576434789E-002
   1.03100000000000       7.273196576434789E-002
   1.03200000000000       7.273196576434789E-002
   1.03300000000000       7.273196576434789E-002
   1.03400000000000       7.273196576434789E-002
   1.03500000000000       7.273196576434789E-002
   1.03600000000000       7.273196576434789E-002
   1.03700000000000       7.273196576434789E-002
   1.03800000000000       7.273196576434789E-002
   1.03900000000000       7.273196576434789E-002
   1.04000000000000       7.273196576434789E-002
   1.04100000000000       7.273196576434789E-002
   1.04200000000000       7.273196576434789E-002
   1.04300000000000       7.273196576434789E-002
   1.04400000000000       7.273196576434789E-002
   1.04500000000000       7.273196576434789E-002
   1.04600000000000       7.273196576434789E-002
   1.04700000000000       7.273196576434789E-002
   1.04800000000000       7.273196576434789E-002
   1.04900000000000       7.273196576434789E-002
   1.05000000000000       7.273196576434789E-002
   1.05100000000000       7.273196576434789E-002
   1.05200000000000       7.273196576434789E-002
   1.05300000000000       7.273196576434789E-002
   1.05400000000000       7.273196576434789E-002
   1.05500000000000       7.273196576434789E-002
   1.05600000000000       7.273196576434789E-002
   1.05700000000000       7.273196576434789E-002
   1.05800000000000       7.273196576434789E-002
   1.05900000000000       7.273196576434789E-002
   1.06000000000000       7.273196576434789E-002
   1.06100000000000       7.273196576434789E-002
   1.06200000000000       7.273196576434789E-002
   1.06300000000000       7.273196576434789E-002
   1.06400000000000       7.273196576434789E-002
   1.06500000000000       7.273196576434789E-002
   1.06600000000000       7.273196576434789E-002
   1.06700000000000       7.273196576434789E-002
   1.06800000000000       7.273196576434789E-002
   1.06900000000000       7.273196576434789E-002
   1.07000000000000       7.273196576434789E-002
   1.07100000000000       7.273196576434789E-002
   1.07200000000000       7.273196576434789E-002
   1.07300000000000       7.273196576434789E-002
   1.07400000000000       7.273196576434789E-002
   1.07500000000000       7.273196576434789E-002
   1.07600000000000       7.273196576434789E-002
   1.07700000000000       7.273196576434789E-002
   1.07800000000000       7.273196576434789E-002
   1.07900000000000       7.273196576434789E-002
   1.08000000000000       7.273196576434789E-002
   1.08100000000000       7.273196576434789E-002
   1.08200000000000       7.273196576434789E-002
   1.08300000000000       7.273196576434789E-002
   1.08400000000000       7.273196576434789E-002
   1.08500000000000       7.273196576434789E-002
   1.08600000000000       7.273196576434789E-002
   1.08700000000000       7.273196576434789E-002
   1.08800000000000       7.273196576434789E-002
   1.08900000000000       7.273196576434789E-002
   1.09000000000000       7.273196576434789E-002
   1.09100000000000       7.273196576434789E-002
   1.09200000000000       7.273196576434789E-002
   1.09300000000000       7.273196576434789E-002
   1.09400000000000       7.273196576434789E-002
   1.09500000000000       7.273196576434789E-002
   1.09600000000000       7.273196576434789E-002
   1.09700000000000       7.273196576434789E-002
   1.09800000000000       7.273196576434789E-002
   1.09900000000000       7.273196576434789E-002
   1.10000000000000       7.273196576434789E-002
   1.10100000000000       7.273196576434789E-002
   1.10200000000000       7.273196576434789E-002
   1.10300000000000       7.273196576434789E-002
   1.10400000000000       7.273196576434789E-002
   1.10500000000000       7.273196576434789E-002
   1.10600000000000       7.273196576434789E-002
   1.10700000000000       7.273196576434789E-002
   1.10800000000000       7.273196576434789E-002
   1.10900000000000       7.273196576434789E-002
   1.11000000000000       7.273196576434789E-002
   1.11100000000000       7.273196576434789E-002
   1.11200000000000       7.273196576434789E-002
   1.11300000000000       7.273196576434789E-002
   1.11400000000000       7.273196576434789E-002
   1.11500000000000       7.273196576434789E-002
   1.11600000000000       7.273196576434789E-002
   1.11700000000000       7.273196576434789E-002
   1.11800000000000       7.273196576434789E-002
   1.11900000000000       7.273196576434789E-002
   1.12000000000000       7.273196576434789E-002
   1.12100000000000       7.273196576434789E-002
   1.12200000000000       7.273196576434789E-002
   1.12300000000000       7.273196576434789E-002
   1.12400000000000       7.273196576434789E-002
   1.12500000000000       7.273196576434789E-002
   1.12600000000000       7.273196576434789E-002
   1.12700000000000       7.273196576434789E-002
   1.12800000000000       7.273196576434789E-002
   1.12900000000000       7.273196576434789E-002
   1.13000000000000       7.273196576434789E-002
   1.13100000000000       7.273196576434789E-002
   1.13200000000000       7.273196576434789E-002
   1.13300000000000       7.273196576434789E-002
   1.13400000000000       7.273196576434789E-002
   1.13500000000000       7.273196576434789E-002
   1.13600000000000       7.273196576434789E-002
   1.13700000000000       7.273196576434789E-002
   1.13800000000000       7.273196576434789E-002
   1.13900000000000       7.273196576434789E-002
   1.14000000000000       7.273196576434789E-002
   1.14100000000000       7.273196576434789E-002
   1.14200000000000       7.273196576434789E-002
   1.14300000000000       7.273196576434789E-002
   1.14400000000000       7.273196576434789E-002
   1.14500000000000       7.273196576434789E-002
   1.14600000000000       7.273196576434789E-002
   1.14700000000000       7.273196576434789E-002
   1.14800000000000       7.273196576434789E-002
   1.14900000000000       7.273196576434789E-002
   1.15000000000000       7.273196576434789E-002
   1.15100000000000       7.273196576434789E-002
   1.15200000000000       7.273196576434789E-002
   1.15300000000000       7.273196576434789E-002
   1.15400000000000       7.273196576434789E-002
   1.15500000000000       7.273196576434789E-002
   1.15600000000000       7.273196576434789E-002
   1.15700000000000       7.273196576434789E-002
   1.15800000000000       7.273196576434789E-002
   1.15900000000000       7.273196576434789E-002
   1.16000000000000       7.273196576434789E-002
   1.16100000000000       7.273196576434789E-002
   1.16200000000000       7.273196576434789E-002
   1.16300000000000       7.273196576434789E-002
   1.16400000000000       7.273196576434789E-002
   1.16500000000000       7.273196576434789E-002
   1.16600000000000       7.273196576434789E-002
   1.16700000000000       7.273196576434789E-002
   1.16800000000000       7.273196576434789E-002
   1.16900000000000       7.273196576434789E-002
   1.17000000000000       7.273196576434789E-002
   1.17100000000000       7.273196576434789E-002
   1.17200000000000       7.273196576434789E-002
   1.17300000000000       7.273196576434789E-002
   1.17400000000000       7.273196576434789E-002
   1.17500000000000       7.273196576434789E-002
   1.17600000000000       7.273196576434789E-002
   1.17700000000000       7.273196576434789E-002
   1.17800000000000       7.273196576434789E-002
   1.17900000000000       7.273196576434789E-002
   1.18000000000000       7.273196576434789E-002
   1.18100000000000       7.273196576434789E-002
   1.18200000000000       7.273196576434789E-002
   1.18300000000000       7.273196576434789E-002
   1.18400000000000       7.273196576434789E-002
   1.18500000000000       7.273196576434789E-002
   1.18600000000000       7.273196576434789E-002
   1.18700000000000       7.273196576434789E-002
   1.18800000000000       7.273196576434789E-002
   1.18900000000000       7.273196576434789E-002
   1.19000000000000       7.273196576434789E-002
   1.19100000000000       7.273196576434789E-002
   1.19200000000000       7.273196576434789E-002
   1.19300000000000       7.273196576434789E-002
   1.19400000000000       7.273196576434789E-002
   1.19500000000000       7.273196576434789E-002
   1.19600000000000       7.273196576434789E-002
   1.19700000000000       7.273196576434789E-002
   1.19800000000000       7.273196576434789E-002
   1.19900000000000       7.273196576434789E-002
   1.20000000000000       7.273196576434789E-002
   1.20100000000000       7.273196576434789E-002
   1.20200000000000       7.273196576434789E-002
   1.20300000000000       7.273196576434789E-002
   1.20400000000000       7.273196576434789E-002
   1.20500000000000       7.273196576434789E-002
   1.20600000000000       7.273196576434789E-002
   1.20700000000000       7.273196576434789E-002
   1.20800000000000       7.273196576434789E-002
   1.20900000000000       7.273196576434789E-002
   1.21000000000000       7.273196576434789E-002
   1.21100000000000       7.273196576434789E-002
   1.21200000000000       7.273196576434789E-002
   1.21300000000000       7.273196576434789E-002
   1.21400000000000       7.273196576434789E-002
   1.21500000000000       7.273196576434789E-002
   1.21600000000000       7.273196576434789E-002
   1.21700000000000       7.273196576434789E-002
   1.21800000000000       7.273196576434789E-002
   1.21900000000000       7.273196576434789E-002
   1.22000000000000       7.273196576434789E-002
   1.22100000000000       7.273196576434789E-002
   1.22200000000000       7.273196576434789E-002
   1.22300000000000       7.273196576434789E-002
   1.22400000000000       7.273196576434789E-002
   1.22500000000000       7.273196576434789E-002
   1.22600000000000       7.273196576434789E-002
   1.22700000000000       7.273196576434789E-002
   1.22800000000000       7.273196576434789E-002
   1.22900000000000       7.273196576434789E-002
   1.23000000000000       7.273196576434789E-002
   1.23100000000000       7.273196576434789E-002
   1.23200000000000       7.273196576434789E-002
   1.23300000000000       7.273196576434789E-002
   1.23400000000000       7.273196576434789E-002
   1.23500000000000       7.273196576434789E-002
   1.23600000000000       7.273196576434789E-002
   1.23700000000000       7.273196576434789E-002
   1.23800000000000       7.273196576434789E-002
   1.23900000000000       7.273196576434789E-002
   1.24000000000000       7.273196576434789E-002
   1.24100000000000       7.273196576434789E-002
   1.24200000000000       7.273196576434789E-002
   1.24300000000000       7.273196576434789E-002
   1.24400000000000       7.273196576434789E-002
   1.24500000000000       7.273196576434789E-002
   1.24600000000000       7.273196576434789E-002
   1.24700000000000       7.273196576434789E-002
   1.24800000000000       7.273196576434789E-002
   1.24900000000000       7.273196576434789E-002
   1.25000000000000       7.273196576434789E-002
   1.25100000000000       7.273196576434789E-002
   1.25200000000000       7.273196576434789E-002
   1.25300000000000       7.273196576434789E-002
   1.25400000000000       7.273196576434789E-002
   1.25500000000000       7.273196576434789E-002
   1.25600000000000       7.273196576434789E-002
   1.25700000000000       7.273196576434789E-002
   1.25800000000000       7.273196576434789E-002
   1.25900000000000       7.273196576434789E-002
   1.26000000000000       7.273196576434789E-002
   1.26100000000000       7.273196576434789E-002
   1.26200000000000       7.273196576434789E-002
   1.26300000000000       7.273196576434789E-002
   1.26400000000000       7.273196576434789E-002
   1.26500000000000       7.273196576434789E-002
   1.26600000000000       7.273196576434789E-002
   1.26700000000000       7.273196576434789E-002
   1.26800000000000       7.273196576434789E-002
   1.26900000000000       7.273196576434789E-002
   1.27000000000000       7.273196576434789E-002
   1.27100000000000       7.273196576434789E-002
   1.27200000000000       7.273196576434789E-002
   1.27300000000000       7.273196576434789E-002
   1.27400000000000       7.273196576434789E-002
   1.27500000000000       7.273196576434789E-002
   1.27600000000000       7.273196576434789E-002
   1.27700000000000       7.273196576434789E-002
   1.27800000000000       7.273196576434789E-002
   1.27900000000000       7.273196576434789E-002
   1.28000000000000       7.273196576434789E-002
   1.28100000000000       7.273196576434789E-002
   1.28200000000000       7.273196576434789E-002
   1.28300000000000       7.273196576434789E-002
   1.28400000000000       7.273196576434789E-002
   1.28500000000000       7.273196576434789E-002
   1.28600000000000       7.273196576434789E-002
   1.28700000000000       7.273196576434789E-002
   1.28800000000000       7.273196576434789E-002
   1.28900000000000       7.273196576434789E-002
   1.29000000000000       7.273196576434789E-002
   1.29100000000000       7.273196576434789E-002
   1.29200000000000       7.273196576434789E-002
   1.29300000000000       7.273196576434789E-002
   1.29400000000000       7.273196576434789E-002
   1.29500000000000       7.273196576434789E-002
   1.29600000000000       7.273196576434789E-002
   1.29700000000000       7.273196576434789E-002
   1.29800000000000       7.273196576434789E-002
   1.29900000000000       7.273196576434789E-002
   1.30000000000000       7.273196576434789E-002
   1.30100000000000       7.273196576434789E-002
   1.30200000000000       7.273196576434789E-002
   1.30300000000000       7.273196576434789E-002
   1.30400000000000       7.273196576434789E-002
   1.30500000000000       7.273196576434789E-002
   1.30600000000000       7.273196576434789E-002
   1.30700000000000       7.273196576434789E-002
   1.30800000000000       7.273196576434789E-002
   1.30900000000000       7.273196576434789E-002
   1.31000000000000       7.273196576434789E-002
   1.31100000000000       7.273196576434789E-002
   1.31200000000000       7.273196576434789E-002
   1.31300000000000       7.273196576434789E-002
   1.31400000000000       7.273196576434789E-002
   1.31500000000000       7.273196576434789E-002
   1.31600000000000       7.273196576434789E-002
   1.31700000000000       7.273196576434789E-002
   1.31800000000000       7.273196576434789E-002
   1.31900000000000       7.273196576434789E-002
   1.32000000000000       7.273196576434789E-002
   1.32100000000000       7.273196576434789E-002
   1.32200000000000       7.273196576434789E-002
   1.32300000000000       7.273196576434789E-002
   1.32400000000000       7.273196576434789E-002
   1.32500000000000       7.273196576434789E-002
   1.32600000000000       7.273196576434789E-002
   1.32700000000000       7.273196576434789E-002
   1.32800000000000       7.273196576434789E-002
   1.32900000000000       7.273196576434789E-002
   1.33000000000000       7.273196576434789E-002
   1.33100000000000       7.273196576434789E-002
   1.33200000000000       7.273196576434789E-002
   1.33300000000000       7.273196576434789E-002
   1.33400000000000       7.273196576434789E-002
   1.33500000000000       7.273196576434789E-002
   1.33600000000000       7.273196576434789E-002
   1.33700000000000       7.273196576434789E-002
   1.33800000000000       7.273196576434789E-002
   1.33900000000000       7.273196576434789E-002
   1.34000000000000       7.273196576434789E-002
   1.34100000000000       7.273196576434789E-002
   1.34200000000000       7.273196576434789E-002
   1.34300000000000       7.273196576434789E-002
   1.34400000000000       7.273196576434789E-002
   1.34500000000000       7.273196576434789E-002
   1.34600000000000       7.273196576434789E-002
   1.34700000000000       7.273196576434789E-002
   1.34800000000000       7.273196576434789E-002
   1.34900000000000       7.273196576434789E-002
   1.35000000000000       7.273196576434789E-002
   1.35100000000000       7.273196576434789E-002
   1.35200000000000       7.273196576434789E-002
   1.35300000000000       7.273196576434789E-002
   1.35400000000000       7.273196576434789E-002
   1.35500000000000       7.273196576434789E-002
   1.35600000000000       7.273196576434789E-002
   1.35700000000000       7.273196576434789E-002
   1.35800000000000       7.273196576434789E-002
   1.35900000000000       7.273196576434789E-002
   1.36000000000000       7.273196576434789E-002
   1.36100000000000       7.273196576434789E-002
   1.36200000000000       7.273196576434789E-002
   1.36300000000000       7.273196576434789E-002
   1.36400000000000       7.273196576434789E-002
   1.36500000000000       7.273196576434789E-002
   1.36600000000000       7.273196576434789E-002
   1.36700000000000       7.273196576434789E-002
   1.36800000000000       7.273196576434789E-002
   1.36900000000000       7.273196576434789E-002
   1.37000000000000       7.273196576434789E-002
   1.37100000000000       7.273196576434789E-002
   1.37200000000000       7.273196576434789E-002
   1.37300000000000       7.273196576434789E-002
   1.37400000000000       7.273196576434789E-002
   1.37500000000000       7.273196576434789E-002
   1.37600000000000       7.273196576434789E-002
   1.37700000000000       7.273196576434789E-002
   1.37800000000000       7.273196576434789E-002
   1.37900000000000       7.273196576434789E-002
   1.38000000000000       7.273196576434789E-002
   1.38100000000000       7.273196576434789E-002
   1.38200000000000       7.273196576434789E-002
   1.38300000000000       7.273196576434789E-002
   1.38400000000000       7.273196576434789E-002
   1.38500000000000       7.273196576434789E-002
   1.38600000000000       7.273196576434789E-002
   1.38700000000000       7.273196576434789E-002
   1.38800000000000       7.273196576434789E-002
   1.38900000000000       7.273196576434789E-002
   1.39000000000000       7.273196576434789E-002
   1.39100000000000       7.273196576434789E-002
   1.39200000000000       7.273196576434789E-002
   1.39300000000000       7.273196576434789E-002
   1.39400000000000       7.273196576434789E-002
   1.39500000000000       7.273196576434789E-002
   1.39600000000000       7.273196576434789E-002
   1.39700000000000       7.273196576434789E-002
   1.39800000000000       7.273196576434789E-002
   1.39900000000000       7.273196576434789E-002
   1.40000000000000       7.273196576434789E-002
   1.40100000000000       7.273196576434789E-002
   1.40200000000000       7.273196576434789E-002
   1.40300000000000       7.273196576434789E-002
   1.40400000000000       7.273196576434789E-002
   1.40500000000000       7.273196576434789E-002
   1.40600000000000       7.273196576434789E-002
   1.40700000000000       7.273196576434789E-002
   1.40800000000000       7.273196576434789E-002
   1.40900000000000       7.273196576434789E-002
   1.41000000000000       7.273196576434789E-002
   1.41100000000000       7.273196576434789E-002
   1.41200000000000       7.273196576434789E-002
   1.41300000000000       7.273196576434789E-002
   1.41400000000000       7.273196576434789E-002
   1.41500000000000       7.273196576434789E-002
   1.41600000000000       7.273196576434789E-002
   1.41700000000000       7.273196576434789E-002
   1.41800000000000       7.273196576434789E-002
   1.41900000000000       7.273196576434789E-002
   1.42000000000000       7.273196576434789E-002
   1.42100000000000       7.273196576434789E-002
   1.42200000000000       7.273196576434789E-002
   1.42300000000000       7.273196576434789E-002
   1.42400000000000       7.273196576434789E-002
   1.42500000000000       7.273196576434789E-002
   1.42600000000000       7.273196576434789E-002
   1.42700000000000       7.273196576434789E-002
   1.42800000000000       7.273196576434789E-002
   1.42900000000000       7.273196576434789E-002
   1.43000000000000       7.273196576434789E-002
   1.43100000000000       7.273196576434789E-002
   1.43200000000000       7.273196576434789E-002
   1.43300000000000       7.273196576434789E-002
   1.43400000000000       7.273196576434789E-002
   1.43500000000000       7.273196576434789E-002
   1.43600000000000       7.273196576434789E-002
   1.43700000000000       7.273196576434789E-002
   1.43800000000000       7.273196576434789E-002
   1.43900000000000       7.273196576434789E-002
   1.44000000000000       7.273196576434789E-002
   1.44100000000000       7.273196576434789E-002
   1.44200000000000       7.273196576434789E-002
   1.44300000000000       7.273196576434789E-002
   1.44400000000000       7.273196576434789E-002
   1.44500000000000       7.273196576434789E-002
   1.44600000000000       7.273196576434789E-002
   1.44700000000000       7.273196576434789E-002
   1.44800000000000       7.273196576434789E-002
   1.44900000000000       7.273196576434789E-002
   1.45000000000000       7.273196576434789E-002
   1.45100000000000       7.273196576434789E-002
   1.45200000000000       7.273196576434789E-002
   1.45300000000000       7.273196576434789E-002
   1.45400000000000       7.273196576434789E-002
   1.45500000000000       7.273196576434789E-002
   1.45600000000000       7.273196576434789E-002
   1.45700000000000       7.273196576434789E-002
   1.45800000000000       7.273196576434789E-002
   1.45900000000000       7.273196576434789E-002
   1.46000000000000       7.273196576434789E-002
   1.46100000000000       7.273196576434789E-002
   1.46200000000000       7.273196576434789E-002
   1.46300000000000       7.273196576434789E-002
   1.46400000000000       7.273196576434789E-002
   1.46500000000000       7.273196576434789E-002
   1.46600000000000       7.273196576434789E-002
   1.46700000000000       7.273196576434789E-002
   1.46800000000000       7.273196576434789E-002
   1.46900000000000       7.273196576434789E-002
   1.47000000000000       7.273196576434789E-002
   1.47100000000000       7.273196576434789E-002
   1.47200000000000       7.273196576434789E-002
   1.47300000000000       7.273196576434789E-002
   1.47400000000000       7.273196576434789E-002
   1.47500000000000       7.273196576434789E-002
   1.47600000000000       7.273196576434789E-002
   1.47700000000000       7.273196576434789E-002
   1.47800000000000       7.273196576434789E-002
   1.47900000000000       7.273196576434789E-002
   1.48000000000000       7.273196576434789E-002
   1.48100000000000       7.273196576434789E-002
   1.48200000000000       7.273196576434789E-002
   1.48300000000000       7.273196576434789E-002
   1.48400000000000       7.273196576434789E-002
   1.48500000000000       7.273196576434789E-002
   1.48600000000000       7.273196576434789E-002
   1.48700000000000       7.273196576434789E-002
   1.48800000000000       7.273196576434789E-002
   1.48900000000000       7.273196576434789E-002
   1.49000000000000       7.273196576434789E-002
   1.49100000000000       7.273196576434789E-002
   1.49200000000000       7.273196576434789E-002
   1.49300000000000       7.273196576434789E-002
   1.49400000000000       7.273196576434789E-002
   1.49500000000000       7.273196576434789E-002
   1.49600000000000       7.273196576434789E-002
   1.49700000000000       7.273196576434789E-002
   1.49800000000000       7.273196576434789E-002
   1.49900000000000       7.273196576434789E-002
   1.50000000000000       7.273196576434789E-002
   1.50100000000000       7.273196576434789E-002
   1.50200000000000       7.273196576434789E-002
   1.50300000000000       7.273196576434789E-002
   1.50400000000000       7.273196576434789E-002
   1.50500000000000       7.273196576434789E-002
   1.50600000000000       7.273196576434789E-002
   1.50700000000000       7.273196576434789E-002
   1.50800000000000       7.273196576434789E-002
   1.50900000000000       7.273196576434789E-002
   1.51000000000000       7.273196576434789E-002
   1.51100000000000       7.273196576434789E-002
   1.51200000000000       7.273196576434789E-002
   1.51300000000000       7.273196576434789E-002
   1.51400000000000       7.273196576434789E-002
   1.51500000000000       7.273196576434789E-002
   1.51600000000000       7.273196576434789E-002
   1.51700000000000       7.273196576434789E-002
   1.51800000000000       7.273196576434789E-002
   1.51900000000000       7.273196576434789E-002
   1.52000000000000       7.273196576434789E-002
   1.52100000000000       7.273196576434789E-002
   1.52200000000000       7.273196576434789E-002
   1.52300000000000       7.273196576434789E-002
   1.52400000000000       7.273196576434789E-002
   1.52500000000000       7.273196576434789E-002
   1.52600000000000       7.273196576434789E-002
   1.52700000000000       7.273196576434789E-002
   1.52800000000000       7.273196576434789E-002
   1.52900000000000       7.273196576434789E-002
   1.53000000000000       7.273196576434789E-002
   1.53100000000000       7.273196576434789E-002
   1.53200000000000       7.273196576434789E-002
   1.53300000000000       7.273196576434789E-002
   1.53400000000000       7.273196576434789E-002
   1.53500000000000       7.273196576434789E-002
   1.53600000000000       7.273196576434789E-002
   1.53700000000000       7.273196576434789E-002
   1.53800000000000       7.273196576434789E-002
   1.53900000000000       7.273196576434789E-002
   1.54000000000000       7.273196576434789E-002
   1.54100000000000       7.273196576434789E-002
   1.54200000000000       7.273196576434789E-002
   1.54300000000000       7.273196576434789E-002
   1.54400000000000       7.273196576434789E-002
   1.54500000000000       7.273196576434789E-002
   1.54600000000000       7.273196576434789E-002
   1.54700000000000       7.273196576434789E-002
   1.54800000000000       7.273196576434789E-002
   1.54900000000000       7.273196576434789E-002
   1.55000000000000       7.273196576434789E-002
   1.55100000000000       7.273196576434789E-002
   1.55200000000000       7.273196576434789E-002
   1.55300000000000       7.273196576434789E-002
   1.55400000000000       7.273196576434789E-002
   1.55500000000000       7.273196576434789E-002
   1.55600000000000       7.273196576434789E-002
   1.55700000000000       7.273196576434789E-002
   1.55800000000000       7.273196576434789E-002
   1.55900000000000       7.273196576434789E-002
   1.56000000000000       7.273196576434789E-002
   1.56100000000000       7.273196576434789E-002
   1.56200000000000       7.273196576434789E-002
   1.56300000000000       7.273196576434789E-002
   1.56400000000000       7.273196576434789E-002
   1.56500000000000       7.273196576434789E-002
   1.56600000000000       7.273196576434789E-002
   1.56700000000000       7.273196576434789E-002
   1.56800000000000       7.273196576434789E-002
   1.56900000000000       7.273196576434789E-002
   1.57000000000000       7.273196576434789E-002
   1.57100000000000       7.273196576434789E-002
   1.57200000000000       7.273196576434789E-002
   1.57300000000000       7.273196576434789E-002
   1.57400000000000       7.273196576434789E-002
   1.57500000000000       7.273196576434789E-002
   1.57600000000000       7.273196576434789E-002
   1.57700000000000       7.273196576434789E-002
   1.57800000000000       7.273196576434789E-002
   1.57900000000000       7.273196576434789E-002
   1.58000000000000       7.273196576434789E-002
   1.58100000000000       7.273196576434789E-002
   1.58200000000000       7.273196576434789E-002
   1.58300000000000       7.273196576434789E-002
   1.58400000000000       7.273196576434789E-002
   1.58500000000000       7.273196576434789E-002
   1.58600000000000       7.273196576434789E-002
   1.58700000000000       7.273196576434789E-002
   1.58800000000000       7.273196576434789E-002
   1.58900000000000       7.273196576434789E-002
   1.59000000000000       7.273196576434789E-002
   1.59100000000000       7.273196576434789E-002
   1.59200000000000       7.273196576434789E-002
   1.59300000000000       7.273196576434789E-002
   1.59400000000000       7.273196576434789E-002
   1.59500000000000       7.273196576434789E-002
   1.59600000000000       7.273196576434789E-002
   1.59700000000000       7.273196576434789E-002
   1.59800000000000       7.273196576434789E-002
   1.59900000000000       7.273196576434789E-002
   1.60000000000000       7.273196576434789E-002
   1.60100000000000       7.273196576434789E-002
   1.60200000000000       7.273196576434789E-002
   1.60300000000000       7.273196576434789E-002
   1.60400000000000       7.273196576434789E-002
   1.60500000000000       7.273196576434789E-002
   1.60600000000000       7.273196576434789E-002
   1.60700000000000       7.273196576434789E-002
   1.60800000000000       7.273196576434789E-002
   1.60900000000000       7.273196576434789E-002
   1.61000000000000       7.273196576434789E-002
   1.61100000000000       7.273196576434789E-002
   1.61200000000000       7.273196576434789E-002
   1.61300000000000       7.273196576434789E-002
   1.61400000000000       7.273196576434789E-002
   1.61500000000000       7.273196576434789E-002
   1.61600000000000       7.273196576434789E-002
   1.61700000000000       7.273196576434789E-002
   1.61800000000000       7.273196576434789E-002
   1.61900000000000       7.273196576434789E-002
   1.62000000000000       7.273196576434789E-002
   1.62100000000000       7.273196576434789E-002
   1.62200000000000       7.273196576434789E-002
   1.62300000000000       1.818299144070069E-002
   1.62400000000000       1.818299144070069E-002
   1.62500000000000       1.818299144070069E-002
   1.62600000000000       1.818299144070069E-002
   1.62700000000000       1.818299144070069E-002
   1.62800000000000       1.818299144070069E-002
   1.62900000000000       1.818299144070069E-002
   1.63000000000000       1.818299144070069E-002
   1.63100000000000       1.818299144070069E-002
   1.63200000000000       1.818299144070069E-002
   1.63300000000000       1.818299144070069E-002
   1.63400000000000       1.818299144070069E-002
   1.63500000000000       1.818299144070069E-002
   1.63600000000000       1.818299144070069E-002
   1.63700000000000       1.818299144070069E-002
   1.63800000000000       1.818299144070069E-002
   1.63900000000000       1.818299144070069E-002
   1.64000000000000       1.818299144070069E-002
   1.64100000000000       1.818299144070069E-002
   1.64200000000000       1.818299144070069E-002
   1.64300000000000       1.818299144070069E-002
   1.64400000000000       1.818299144070069E-002
   1.64500000000000       1.818299144070069E-002
   1.64600000000000       1.818299144070069E-002
   1.64700000000000       1.818299144070069E-002
   1.64800000000000       1.818299144070069E-002
   1.64900000000000       1.818299144070069E-002
   1.65000000000000       1.818299144070069E-002
   1.65100000000000       1.818299144070069E-002
   1.65200000000000       1.818299144070069E-002
   1.65300000000000       1.818299144070069E-002
   1.65400000000000       1.818299144070069E-002
   1.65500000000000       1.818299144070069E-002
   1.65600000000000       1.818299144070069E-002
   1.65700000000000       1.818299144070069E-002
   1.65800000000000       1.818299144070069E-002
   1.65900000000000       1.818299144070069E-002
   1.66000000000000       1.818299144070069E-002
   1.66100000000000       1.818299144070069E-002
   1.66200000000000       1.818299144070069E-002
   1.66300000000000       1.818299144070069E-002
   1.66400000000000       1.818299144070069E-002
   1.66500000000000       1.818299144070069E-002
   1.66600000000000       1.818299144070069E-002
   1.66700000000000       1.818299144070069E-002
   1.66800000000000       1.818299144070069E-002
   1.66900000000000       1.818299144070069E-002
   1.67000000000000       1.818299144070069E-002
   1.67100000000000       1.818299144070069E-002
   1.67200000000000       1.818299144070069E-002
   1.67300000000000       1.818299144070069E-002
   1.67400000000000       1.818299144070069E-002
   1.67500000000000       1.818299144070069E-002
   1.67600000000000       1.818299144070069E-002
   1.67700000000000       1.818299144070069E-002
   1.67800000000000       1.818299144070069E-002
   1.67900000000000       1.818299144070069E-002
   1.68000000000000       1.818299144070069E-002
   1.68100000000000       1.818299144070069E-002
   1.68200000000000       1.818299144070069E-002
   1.68300000000000       1.818299144070069E-002
   1.68400000000000       1.818299144070069E-002
   1.68500000000000       1.818299144070069E-002
   1.68600000000000       1.818299144070069E-002
   1.68700000000000       1.818299144070069E-002
   1.68800000000000       1.818299144070069E-002
   1.68900000000000       1.818299144070069E-002
   1.69000000000000       1.818299144070069E-002
   1.69100000000000       1.818299144070069E-002
   1.69200000000000       1.818299144070069E-002
   1.69300000000000       1.818299144070069E-002
   1.69400000000000       1.818299144070069E-002
   1.69500000000000       1.818299144070069E-002
   1.69600000000000       1.818299144070069E-002
   1.69700000000000       1.818299144070069E-002
   1.69800000000000       1.818299144070069E-002
   1.69900000000000       1.818299144070069E-002
   1.70000000000000       1.818299144070069E-002
   1.70100000000000       1.818299144070069E-002
   1.70200000000000       1.818299144070069E-002
   1.70300000000000       1.818299144070069E-002
   1.70400000000000       1.818299144070069E-002
   1.70500000000000       1.818299144070069E-002
   1.70600000000000       1.818299144070069E-002
   1.70700000000000       1.818299144070069E-002
   1.70800000000000       1.818299144070069E-002
   1.70900000000000       1.818299144070069E-002
   1.71000000000000       1.818299144070069E-002
   1.71100000000000       1.818299144070069E-002
   1.71200000000000       1.818299144070069E-002
   1.71300000000000       1.818299144070069E-002
   1.71400000000000       1.818299144070069E-002
   1.71500000000000       1.818299144070069E-002
   1.71600000000000       1.818299144070069E-002
   1.71700000000000       1.818299144070069E-002
   1.71800000000000       1.818299144070069E-002
   1.71900000000000       1.818299144070069E-002
   1.72000000000000       1.818299144070069E-002
   1.72100000000000       1.818299144070069E-002
   1.72200000000000       1.818299144070069E-002
   1.72300000000000       1.818299144070069E-002
   1.72400000000000       1.818299144070069E-002
   1.72500000000000       1.818299144070069E-002
   1.72600000000000       1.818299144070069E-002
   1.72700000000000       1.818299144070069E-002
   1.72800000000000       1.818299144070069E-002
   1.72900000000000       1.818299144070069E-002
   1.73000000000000       1.818299144070069E-002
   1.73100000000000       1.818299144070069E-002
   1.73200000000000       1.818299144070069E-002
   1.73300000000000       1.818299144070069E-002
   1.73400000000000       1.818299144070069E-002
   1.73500000000000       1.818299144070069E-002
   1.73600000000000       1.818299144070069E-002
   1.73700000000000       1.818299144070069E-002
   1.73800000000000       1.818299144070069E-002
   1.73900000000000       1.818299144070069E-002
   1.74000000000000       1.818299144070069E-002
   1.74100000000000       1.818299144070069E-002
   1.74200000000000       1.818299144070069E-002
   1.74300000000000       1.818299144070069E-002
   1.74400000000000       1.818299144070069E-002
   1.74500000000000       1.818299144070069E-002
   1.74600000000000       1.818299144070069E-002
   1.74700000000000       1.818299144070069E-002
   1.74800000000000       1.818299144070069E-002
   1.74900000000000       1.818299144070069E-002
   1.75000000000000       1.818299144070069E-002
   1.75100000000000       1.818299144070069E-002
   1.75200000000000       1.818299144070069E-002
   1.75300000000000       1.818299144070069E-002
   1.75400000000000       1.818299144070069E-002
   1.75500000000000       1.818299144070069E-002
   1.75600000000000       1.818299144070069E-002
   1.75700000000000       1.818299144070069E-002
   1.75800000000000       1.818299144070069E-002
   1.75900000000000       1.818299144070069E-002
   1.76000000000000       1.818299144070069E-002
   1.76100000000000       1.818299144070069E-002
   1.76200000000000       1.818299144070069E-002
   1.76300000000000       1.818299144070069E-002
   1.76400000000000       1.818299144070069E-002
   1.76500000000000       1.818299144070069E-002
   1.76600000000000       1.818299144070069E-002
   1.76700000000000       1.818299144070069E-002
   1.76800000000000       1.818299144070069E-002
   1.76900000000000       1.818299144070069E-002
   1.77000000000000       1.818299144070069E-002
   1.77100000000000       1.818299144070069E-002
   1.77200000000000       1.818299144070069E-002
   1.77300000000000       1.818299144070069E-002
   1.77400000000000       1.818299144070069E-002
   1.77500000000000       1.818299144070069E-002
   1.77600000000000       1.818299144070069E-002
   1.77700000000000       1.818299144070069E-002
   1.77800000000000       1.818299144070069E-002
   1.77900000000000       1.818299144070069E-002
   1.78000000000000       1.818299144070069E-002
   1.78100000000000       1.818299144070069E-002
   1.78200000000000       1.818299144070069E-002
   1.78300000000000       1.818299144070069E-002
   1.78400000000000       1.818299144070069E-002
   1.78500000000000       1.818299144070069E-002
   1.78600000000000       1.818299144070069E-002
   1.78700000000000       1.818299144070069E-002
   1.78800000000000       1.818299144070069E-002
   1.78900000000000       1.818299144070069E-002
   1.79000000000000       1.818299144070069E-002
   1.79100000000000       1.818299144070069E-002
   1.79200000000000       1.818299144070069E-002
   1.79300000000000       1.818299144070069E-002
   1.79400000000000       1.818299144070069E-002
   1.79500000000000       1.818299144070069E-002
   1.79600000000000       1.818299144070069E-002
   1.79700000000000       1.818299144070069E-002
   1.79800000000000       1.818299144070069E-002
   1.79900000000000       1.818299144070069E-002
   1.80000000000000       1.818299144070069E-002
   1.80100000000000       1.818299144070069E-002
   1.80200000000000       1.818299144070069E-002
   1.80300000000000       1.818299144070069E-002
   1.80400000000000       1.818299144070069E-002
   1.80500000000000       1.818299144070069E-002
   1.80600000000000       1.818299144070069E-002
   1.80700000000000       1.818299144070069E-002
   1.80800000000000       1.818299144070069E-002
   1.80900000000000       1.818299144070069E-002
   1.81000000000000       1.818299144070069E-002
   1.81100000000000       1.818299144070069E-002
   1.81200000000000       1.818299144070069E-002
   1.81300000000000       1.818299144070069E-002
   1.81400000000000       1.818299144070069E-002
   1.81500000000000       1.818299144070069E-002
   1.81600000000000       1.818299144070069E-002
   1.81700000000000       1.818299144070069E-002
   1.81800000000000       1.818299144070069E-002
   1.81900000000000       1.818299144070069E-002
   1.82000000000000       1.818299144070069E-002
   1.82100000000000       1.818299144070069E-002
   1.82200000000000       1.818299144070069E-002
   1.82300000000000       1.818299144070069E-002
   1.82400000000000       1.818299144070069E-002
   1.82500000000000       1.818299144070069E-002
   1.82600000000000       1.818299144070069E-002
   1.82700000000000       1.818299144070069E-002
   1.82800000000000       1.818299144070069E-002
   1.82900000000000       1.818299144070069E-002
   1.83000000000000       1.818299144070069E-002
   1.83100000000000       1.818299144070069E-002
   1.83200000000000       1.818299144070069E-002
   1.83300000000000       1.818299144070069E-002
   1.83400000000000       1.818299144070069E-002
   1.83500000000000       1.818299144070069E-002
   1.83600000000000       1.818299144070069E-002
   1.83700000000000       1.818299144070069E-002
   1.83800000000000       1.818299144070069E-002
   1.83900000000000       1.818299144070069E-002
   1.84000000000000       1.818299144070069E-002
   1.84100000000000       1.818299144070069E-002
   1.84200000000000       1.818299144070069E-002
   1.84300000000000       1.818299144070069E-002
   1.84400000000000       1.818299144070069E-002
   1.84500000000000       1.818299144070069E-002
   1.84600000000000       1.818299144070069E-002
   1.84700000000000       1.818299144070069E-002
   1.84800000000000       1.818299144070069E-002
   1.84900000000000       1.818299144070069E-002
   1.85000000000000       1.818299144070069E-002
   1.85100000000000       1.818299144070069E-002
   1.85200000000000       1.818299144070069E-002
   1.85300000000000       1.818299144070069E-002
   1.85400000000000       1.818299144070069E-002
   1.85500000000000       1.818299144070069E-002
   1.85600000000000       1.818299144070069E-002
   1.85700000000000       1.818299144070069E-002
   1.85800000000000       1.818299144070069E-002
   1.85900000000000       1.818299144070069E-002
   1.86000000000000       1.818299144070069E-002
   1.86100000000000       1.818299144070069E-002
   1.86200000000000       1.818299144070069E-002
   1.86300000000000       1.818299144070069E-002
   1.86400000000000       1.818299144070069E-002
   1.86500000000000       1.818299144070069E-002
   1.86600000000000       1.818299144070069E-002
   1.86700000000000       1.818299144070069E-002
   1.86800000000000       1.818299144070069E-002
   1.86900000000000       1.818299144070069E-002
   1.87000000000000       1.818299144070069E-002
   1.87100000000000       1.818299144070069E-002
   1.87200000000000       1.818299144070069E-002
   1.87300000000000       1.818299144070069E-002
   1.87400000000000       1.818299144070069E-002
   1.87500000000000       1.818299144070069E-002
   1.87600000000000       1.818299144070069E-002
   1.87700000000000       1.818299144070069E-002
   1.87800000000000       1.818299144070069E-002
   1.87900000000000       1.818299144070069E-002
   1.88000000000000       1.818299144070069E-002
   1.88100000000000       1.818299144070069E-002
   1.88200000000000       1.818299144070069E-002
   1.88300000000000       1.818299144070069E-002
   1.88400000000000       1.818299144070069E-002
   1.88500000000000       1.818299144070069E-002
   1.88600000000000       1.818299144070069E-002
   1.88700000000000       1.818299144070069E-002
   1.88800000000000       1.818299144070069E-002
   1.88900000000000       1.818299144070069E-002
   1.89000000000000       1.818299144070069E-002
   1.89100000000000       1.818299144070069E-002
   1.89200000000000       1.818299144070069E-002
   1.89300000000000       1.818299144070069E-002
   1.89400000000000       1.818299144070069E-002
   1.89500000000000       1.818299144070069E-002
   1.89600000000000       1.818299144070069E-002
   1.89700000000000       1.818299144070069E-002
   1.89800000000000       1.818299144070069E-002
   1.89900000000000       1.818299144070069E-002
   1.90000000000000       1.818299144070069E-002
   1.90100000000000       1.818299144070069E-002
   1.90200000000000       1.818299144070069E-002
   1.90300000000000       1.818299144070069E-002
   1.90400000000000       1.818299144070069E-002
   1.90500000000000       1.818299144070069E-002
   1.90600000000000       1.818299144070069E-002
   1.90700000000000       1.818299144070069E-002
   1.90800000000000       1.818299144070069E-002
   1.90900000000000       1.818299144070069E-002
   1.91000000000000       1.818299144070069E-002
   1.91100000000000       1.818299144070069E-002
   1.91200000000000       1.818299144070069E-002
   1.91300000000000       1.818299144070069E-002
   1.91400000000000       1.818299144070069E-002
   1.91500000000000       1.818299144070069E-002
   1.91600000000000       1.818299144070069E-002
   1.91700000000000       1.818299144070069E-002
   1.91800000000000       1.818299144070069E-002
   1.91900000000000       1.818299144070069E-002
   1.92000000000000       1.818299144070069E-002
   1.92100000000000       1.818299144070069E-002
   1.92200000000000       1.818299144070069E-002
   1.92300000000000       1.818299144070069E-002
   1.92400000000000       1.818299144070069E-002
   1.92500000000000       1.818299144070069E-002
   1.92600000000000       1.818299144070069E-002
   1.92700000000000       1.818299144070069E-002
   1.92800000000000       1.818299144070069E-002
   1.92900000000000       1.818299144070069E-002
   1.93000000000000       1.818299144070069E-002
   1.93100000000000       1.818299144070069E-002
   1.93200000000000       1.818299144070069E-002
   1.93300000000000       1.818299144070069E-002
   1.93400000000000       1.818299144070069E-002
   1.93500000000000       1.818299144070069E-002
   1.93600000000000       1.818299144070069E-002
   1.93700000000000       1.818299144070069E-002
   1.93800000000000       1.818299144070069E-002
   1.93900000000000       1.818299144070069E-002
   1.94000000000000       1.818299144070069E-002
   1.94100000000000       1.818299144070069E-002
   1.94200000000000       1.818299144070069E-002
   1.94300000000000       1.818299144070069E-002
   1.94400000000000       1.818299144070069E-002
   1.94500000000000       1.818299144070069E-002
   1.94600000000000       1.818299144070069E-002
   1.94700000000000       1.818299144070069E-002
   1.94800000000000       1.818299144070069E-002
   1.94900000000000       1.818299144070069E-002
   1.95000000000000       1.818299144070069E-002
   1.95100000000000       1.818299144070069E-002
   1.95200000000000       1.818299144070069E-002
   1.95300000000000       1.818299144070069E-002
   1.95400000000000       1.818299144070069E-002
   1.95500000000000       1.818299144070069E-002
   1.95600000000000       1.818299144070069E-002
   1.95700000000000       1.818299144070069E-002
   1.95800000000000       1.818299144070069E-002
   1.95900000000000       1.818299144070069E-002
   1.96000000000000       1.818299144070069E-002
   1.96100000000000       1.818299144070069E-002
   1.96200000000000       1.818299144070069E-002
   1.96300000000000       1.818299144070069E-002
   1.96400000000000       1.818299144070069E-002
   1.96500000000000       1.818299144070069E-002
   1.96600000000000       1.818299144070069E-002
   1.96700000000000       1.818299144070069E-002
   1.96800000000000       1.818299144070069E-002
   1.96900000000000       1.818299144070069E-002
   1.97000000000000       1.818299144070069E-002
   1.97100000000000       1.818299144070069E-002
   1.97200000000000       1.818299144070069E-002
   1.97300000000000       1.818299144070069E-002
   1.97400000000000       1.818299144070069E-002
   1.97500000000000       1.818299144070069E-002
   1.97600000000000       1.818299144070069E-002
   1.97700000000000       1.818299144070069E-002
   1.97800000000000       1.818299144070069E-002
   1.97900000000000       1.818299144070069E-002
   1.98000000000000       1.818299144070069E-002
   1.98100000000000       1.818299144070069E-002
   1.98200000000000       1.818299144070069E-002
   1.98300000000000       1.818299144070069E-002
   1.98400000000000       1.818299144070069E-002
   1.98500000000000       1.818299144070069E-002
   1.98600000000000       1.818299144070069E-002
   1.98700000000000       1.818299144070069E-002
   1.98800000000000       1.818299144070069E-002
   1.98900000000000       1.818299144070069E-002
   1.99000000000000       1.818299144070069E-002
   1.99100000000000       1.818299144070069E-002
   1.99200000000000       1.818299144070069E-002
   1.99300000000000       1.818299144070069E-002
   1.99400000000000       1.818299144070069E-002
   1.99500000000000       1.818299144070069E-002
   1.99600000000000       1.818299144070069E-002
   1.99700000000000       1.818299144070069E-002
   1.99800000000000       1.818299144070069E-002
