  0.000000000000000E+000  0.000000000000000E+000
  1.549193338482967E-003  3.770559593627596E-004
  3.098386676965934E-003  1.508223837451038E-003
  4.647580015448901E-003  3.393503634264836E-003
  6.196773353931867E-003  6.032895349804153E-003
  7.745966692414834E-003  9.426398984068990E-003
  9.295160030897802E-003  1.357401453705934E-002
  1.084435336938077E-002  1.847574200877522E-002
  1.239354670786373E-002  2.413158139921661E-002
  1.394274004634670E-002  3.054153270838353E-002
  1.549193338482967E-002  3.770559593627596E-002
  1.704112672331264E-002  4.562377108289391E-002
  1.859032006179560E-002  5.429605814823740E-002
  2.013951340027857E-002  6.372245713230638E-002
  2.168870673876154E-002  7.390296803510091E-002
  2.323790007724450E-002  8.483759085662093E-002
  2.478709341572747E-002  9.652632559686650E-002
  2.633628675421044E-002  0.108969172255838     
  2.788548009269340E-002  0.122166130833534     
  2.943467343117637E-002  0.136117201329956     
  3.098386676965934E-002  0.150822383745104     
  3.253306010814230E-002  0.166281678078977     
  3.408225344662527E-002  0.182495084331576     
  3.563144678510824E-002  0.199462602502900     
  3.718064012359121E-002  0.217184232592949     
  3.872983346207417E-002  0.235659974601725     
  4.027902680055714E-002  0.254889828529225     
  4.182822013904011E-002  0.274873794375452     
  4.337741347752307E-002  0.295611872140403     
  4.492660681600604E-002  0.317104061824081     
  4.647580015448900E-002  0.339350363426483     
  4.802499349297197E-002  0.362350776947612     
  4.957418683145494E-002  0.386105302387465     
  5.112338016993791E-002  0.410613939746045     
  5.267257350842088E-002  0.435876689023350     
  5.422176684690384E-002  0.461893550219380     
  5.577096018538680E-002  0.488664523334136     
  5.732015352386977E-002  0.516189608367618     
  5.886934686235274E-002  0.544468805319825     
  6.041854020083571E-002  0.573502114190757     
  6.196773353931867E-002  0.603289534980415     
  6.351692687780164E-002  0.633831067688799     
  6.506612021628461E-002  0.665126712315908     
  6.661531355476757E-002  0.697176468861743     
  6.816450689325054E-002  0.729980337326303     
  6.971370023173351E-002  0.763538317709589     
  7.126289357021648E-002  0.797850410011600     
  7.281208690869945E-002  0.832916614232337     
  7.436128024718242E-002  0.868736930371799     
  7.591047358566537E-002  0.905311358429987     
  7.745966692414834E-002  0.942639898406900     
  7.900886026263131E-002  0.980722550302539     
  8.055805360111427E-002   1.01955931411690     
  8.210724693959724E-002   1.05915018984999     
  8.365644027808021E-002   1.09949517750181     
  8.520563361656318E-002   1.14059427707235     
  8.675482695504615E-002   1.18244748856162     
  8.830402029352911E-002   1.22505481196961     
  8.985321363201208E-002   1.26841624729633     
  9.140240697049504E-002   1.31253179454177     
  9.295160030897801E-002   1.35740145370594     
  9.450079364746097E-002   1.40302522478883     
  9.604998698594394E-002   1.44940310779045     
  9.759918032442691E-002   1.49653510271080     
  9.914837366290988E-002   1.54442120954987     
  0.100697567001393        1.59306142830766     
  0.102246760339876        1.64245575898418     
  0.103795953678359        1.69260420157943     
  0.105345147016842        1.74350675609340     
  0.106894340355325        1.79516342252610     
  0.108443533693808        1.84757420087753     
  0.109992727032291        1.90073909114767     
  0.111541920370774        1.95465809333655     
  0.113091113709257        2.00933120744415     
  0.114640307047740        2.06475843347048     
  0.116189500386223        2.12093977141553     
  0.117738693724705        2.17787522127930     
  0.119287887063188        2.23556478306181     
  0.120837080401671        2.29400845676303     
  0.122386273740154        2.35320624238299     
  0.123935467078637        2.41315813992167     
  0.125484660417120        2.47386414937907     
  0.127033853755603        2.53532427075520     
  0.128583047094086        2.59753850405006     
  0.130132240432569        2.66050684926364     
  0.131681433771052        2.72422930639594     
  0.133230627109535        2.78870587544698     
  0.134779820448018        2.85393655641673     
  0.136329013786501        2.91992134930522     
  0.137878207124984        2.98666025411243     
  0.139427400463467        3.05415327083836     
  0.140976593801950        3.12240039948302     
  0.142525787140433        3.19140164004641     
  0.144074980478916        3.26115699252852     
  0.145624173817399        3.33166645692935     
  0.147173367155882        3.40293003324891     
  0.148722560494365        3.47494772148720     
  0.150271753832848        3.54771952164421     
  0.151820947171331        3.62124543371995     
  0.153370140509814        3.69552545771442     
  0.154919333848297        3.77055959362761     
  0.156468527186780        3.84634784145952     
  0.158017720525263        3.92289020121016     
  0.159566913863746        4.00018667287953     
  0.161116107202229        4.07823725646762     
  0.162665300540712        4.15704195197444     
  0.164214493879194        4.23660075939998     
  0.165763687217677        4.31691367874425     
  0.167312880556160        4.39798071000724     
  0.168862073894643        4.47980185318896     
  0.170411267233126        4.56237710828940     
  0.171960460571609        4.64570647530858     
  0.173509653910092        4.72978995424647     
  0.175058847248575        4.81462754510309     
  0.176608040587058        4.90021924787844     
  0.178157233925541        4.98656506257251     
  0.179706427264024        5.07366498918531     
  0.181255620602507        5.16151902771683     
  0.182804813940990        5.25012717816708     
  0.184354007279473        5.33948944053606     
  0.185903200617956        5.42960581482376     
  0.187452393956439        5.52047630103018     
  0.189001587294922        5.61210089915533     
  0.190550780633405        5.70447960919921     
  0.192099973971888        5.79761243116181     
  0.193649167310371        5.89149936504314     
  0.195198360648854        5.98614041084319     
  0.196747553987337        6.08153556856197     
  0.198296747325820        6.17768483819947     
  0.199845940664303        6.27458821975570     
  0.201395134002786        6.37224571323066     
  0.202944327341269        6.47065731862434     
  0.204493520679752        6.56982303593674     
  0.206042714018235        6.66974286516788     
  0.207591907356718        6.77041680631773     
  0.209141100695201        6.87184485938631     
  0.210690294033684        6.97402702437362     
  0.212239487372166        7.07696330127966     
  0.213788680710649        7.18065369010442     
  0.215337874049132        7.28509819084790     
  0.216887067387615        7.39029680351011     
  0.218436260726098        7.49624952809105     
  0.219985454064581        7.60295636459071     
  0.221534647403064        7.71041731300910     
  0.223083840741547        7.81863237334621     
  0.224633034080030        7.92760154560205     
  0.226182227418513        8.03732482977661     
  0.227731420756996        8.14780222586990     
  0.229280614095479        8.25903373388191     
  0.230829807433962        8.37101935381265     
  0.232379000772445        8.48375908566212     
  0.233928194110928        8.59725292943031     
  0.235477387449411        8.71150088511722     
  0.237026580787894        8.82650295272287     
  0.238575774126377        8.94225913224724     
  0.240124967464860        9.05876942369033     
  0.241674160803343        9.17603382705215     
  0.243223354141826        9.29405234233269     
  0.244772547480309        9.41282496953196     
  0.246321740818792        9.53235170864996     
  0.247870934157275        9.65263255968668     
  0.249420127495758        9.77366752264212     
  0.250969320834241        9.89545659751630     
  0.252518514172724        10.0179997843092     
  0.254067707511207        10.1412970830208     
  0.255616900849690        10.2653484936512     
  0.257166094188172        10.3901540162002     
  0.258715287526655        10.5157136506680     
  0.260264480865138        10.6420273970546     
  0.261813674203621        10.7690952553598     
  0.263362867542104        10.8969172255838     
  0.264912060880587        11.0254933077265     
  0.266461254219070        11.1548235017879     
  0.268010447557553        11.2849078077681     
  0.269559640896036        11.4157462256669     
  0.271108834234519        11.5473387554846     
  0.272658027573002        11.6796853972209     
  0.274207220911485        11.8127861508759     
  0.275756414249968        11.9466410164497     
  0.277305607588451        12.0812499939422     
  0.278854800926934        12.2166130833535     
  0.280403994265417        12.3527302846834     
  0.281953187603900        12.4896015979321     
  0.283502380942383        12.6272270230995     
  0.285051574280866        12.7656065601856     
  0.286600767619349        12.9047402091905     
  0.288149960957832        13.0446279701141     
  0.289699154296315        13.1852698429564     
  0.291248347634798        13.3266658277174     
  0.292797540973281        13.4688159243972     
  0.294346734311764        13.6117201329957     
  0.295895927650247        13.7553784535129     
  0.297445120988730        13.8997908859488     
  0.298994314327213        14.0449574303035     
  0.300543507665696        14.1908780865769     
  0.302092701004179        14.3375528547690     
  0.303641894342661        14.4849817348798     
  0.305191087681144        14.6331647269094     
  0.306740281019627        14.7821018308577     
  0.308289474358110        14.9317930467247     
  0.309838667696593        15.0822383745104     
  0.311387861035076        15.2334378142149     
  0.312937054373559        15.2334358183730     
  0.314486247712042        15.0822363885981     
  0.316035441050525        14.9317910707419     
  0.317584634389008        14.7820998648045     
  0.319133827727491        14.6331627707857     
  0.320683021065974        14.4849797886857     
  0.322232214404457        14.3375509185045     
  0.323781407742940        14.1908761602419     
  0.325330601081423        14.0449555138981     
  0.326879794419906        13.8997889794730     
  0.328428987758389        13.7553765569666     
  0.329978181096872        13.6117182463789     
  0.331527374435355        13.4688140477100     
  0.333076567773838        13.3266639609598     
  0.334625761112321        13.1852679861284     
  0.336174954450804        13.0446261232156     
  0.337724147789287        12.9047383722216     
  0.339273341127770        12.7656047331463     
  0.340822534466253        12.6272252059897     
  0.342371727804736        12.4895997907519     
  0.343920921143219        12.3527284874327     
  0.345470114481702        12.2166112960324     
  0.347019307820185        12.0812482165507     
  0.348568501158668        11.9466392489877     
  0.350117694497151        11.8127843933435     
  0.351666887835633        11.6796836496180     
  0.353216081174116        11.5473370178113     
  0.354765274512599        11.4157444979232     
  0.356314467851082        11.2849060899539     
  0.357863661189565        11.1548217939033     
  0.359412854528048        11.0254916097714     
  0.360962047866531        10.8969155375583     
  0.362511241205014        10.7690935772639     
  0.364060434543497        10.6420257288882     
  0.365609627881980        10.5157119924312     
  0.367158821220463        10.3901523678930     
  0.368708014558946        10.2653468552735     
  0.370257207897429        10.1412954545727     
  0.371806401235912        10.0179981657906     
  0.373355594574395        9.89545498892731     
  0.374904787912878        9.77366592398270     
  0.376453981251361        9.65263097095682     
  0.378003174589844        9.53235012984966     
  0.379552367928327        9.41282340066123     
  0.381101561266810        9.29405078339152     
  0.382650754605293        9.17603227804054     
  0.384199947943776        9.05876788460828     
  0.385749141282259        8.94225760309475     
  0.387298334620742        8.82650143349994     
  0.388847527959225        8.71149937582386     
  0.390396721297708        8.59725143006651     
  0.391945914636191        8.48375759622788     
  0.393495107974674        8.37101787430798     
  0.395044301313157        8.25903226430680     
  0.396593494651640        8.14780076622434     
  0.398142687990122        8.03732338006062     
  0.399691881328605        7.92760010581562     
  0.401241074667088        7.81863094348934     
  0.402790268005571        7.71041589308179     
  0.404339461344054        7.60295495459296     
  0.405888654682537        7.49624812802287     
  0.407437848021020        7.39029541337149     
  0.408987041359503        7.28509681063884     
  0.410536234697986        7.18065231982492     
  0.412085428036469        7.07696194092972     
  0.413634621374952        6.97402567395325     
  0.415183814713435        6.87184351889551     
  0.416733008051918        6.77041547575648     
  0.418282201390401        6.66974154453619     
  0.419831394728884        6.56982172523462     
  0.421380588067367        6.47065601785178     
  0.422929781405850        6.37224442238766     
  0.424478974744333        6.27458693884226     
  0.426028168082816        6.17768356721560     
  0.427577361421299        6.08153430750765     
  0.429126554759782        5.98613915971844     
  0.430675748098265        5.89149812384795     
  0.432224941436748        5.79761119989618     
  0.433774134775231        5.70447838786314     
  0.435323328113714        5.61209968774883     
  0.436872521452197        5.52047509955324     
  0.438421714790680        5.42960462327637     
  0.439970908129163        5.33948825891824     
  0.441520101467646        5.25012600647882     
  0.443069294806128        5.16151786595814     
  0.444618488144611        5.07366383735618     
  0.446167681483094        4.98656392067294     
  0.447716874821577        4.90021811590843     
  0.449266068160060        4.81462642306265     
  0.450815261498543        4.72978884213559     
  0.452364454837026        4.64570537312725     
  0.453913648175509        4.56237601603764     
  0.455462841513992        4.47980077086676     
  0.457012034852475        4.39797963761460     
  0.458561228190958        4.31691261628117     
  0.460110421529441        4.23659970686647     
  0.461659614867924        4.15704090937049     
  0.463208808206407        4.07823622379323     
  0.464758001544890        4.00018565013470     
  0.466307194883373        3.92288918839490     
  0.467856388221856        3.84634683857382     
  0.469405581560339        3.77055860067147     
  0.470954774898822        3.69552447468784     
  0.472503968237305        3.62124446062294     
  0.474053161575788        3.54771855847676     
  0.475602354914271        3.47494676824931     
  0.477151548252754        3.40292908994059     
  0.478700741591237        3.33166552355059     
  0.480249934929720        3.26115606907931     
  0.481799128268203        3.19140072652676     
  0.483348321606686        3.12239949589294     
  0.484897514945169        3.05415237717784     
  0.486446708283652        2.98665937038147     
  0.487995901622135        2.91992047550382     
  0.489545094960618        2.85393569254490     
  0.491094288299101        2.78870502150471     
  0.492643481637583        2.72422846238324     
  0.494192674976066        2.66050601518049     
  0.495741868314549        2.59753767989647     
  0.497291061653032        2.53532345653118     
  0.498840254991515        2.47386334508461     
  0.500389448329998        2.41315734555677     
  0.501938641668481        2.35320545794765     
  0.503487835006964        2.29400768225726     
  0.505037028345447        2.23556401848559     
  0.506586221683930        2.17787446663265     
  0.508135415022413        2.12093902669844     
  0.509684608360896        2.06475769868295     
  0.511233801699379        2.00933048258619     
  0.512782995037862        1.95465737840815     
  0.514332188376345        1.90073838614883     
  0.515881381714828        1.84757350580825     
  0.517430575053311        1.79516273738639     
  0.518979768391794        1.74350608088325     
  0.520528961730277        1.69260353629884     
  0.522078155068760        1.64245510363315     
  0.523627348407243        1.59306078288619     
  0.525176541745726        1.54442057405796     
  0.526725735084209        1.49653447714845     
  0.528274928422692        1.44940249215767     
  0.529824121761175        1.40302461908561     
  0.531373315099658        1.35740085793228     
  0.532922508438141        1.31253120869767     
  0.534471701776624        1.26841567138179     
  0.536020895115107        1.22505424598464     
  0.537570088453589        1.18244693250621     
  0.539119281792072        1.14059373094650     
  0.540668475130555        1.09949464130552     
  0.542217668469038        1.05914966358327     
  0.543766861807521        1.01955879777974     
  0.545316055146004       0.980722043894939     
  0.546865248484487       0.942639401928863     
  0.548414441822970       0.905310871881511     
  0.549963635161453       0.868736453752886     
  0.551512828499936       0.832916147542985     
  0.553062021838419       0.797849953251811     
  0.554611215176902       0.763537870879362     
  0.556160408515385       0.729979900425638     
  0.557709601853868       0.697176041890640     
  0.559258795192351       0.665126295274367     
  0.560807988530834       0.633830660576820     
  0.562357181869317       0.603289137797999     
  0.563906375207800       0.573501726937903     
  0.565455568546283       0.544468427996532     
  0.567004761884766       0.516189240973887     
  0.568553955223249       0.488664165869968     
  0.570103148561732       0.461893202684774     
  0.571652341900215       0.435876351418305     
  0.573201535238698       0.410613612070562     
  0.574750728577181       0.386104984641545     
  0.576299921915664       0.362350469131253     
  0.577849115254147       0.339350065539687     
  0.579398308592630       0.317103773866846     
  0.580947501931113       0.295611594112731     
  0.582496695269596       0.274873526277342     
  0.584045888608078       0.254889570360677     
  0.585595081946562       0.235659726362739     
  0.587144275285044       0.217183994283526     
  0.588693468623527       0.199462374123038     
  0.590242661962010       0.182494865881276     
  0.591791855300493       0.166281469558239     
  0.593341048638976       0.150822185153928     
  0.594890241977459       0.136117012668343     
  0.596439435315942       0.122165952101483     
  0.597988628654425       0.108969003453348     
  0.599537821992908       9.652616672393903E-002
  0.601087015331391       8.483744191325553E-002
  0.602636208669874       7.390282902129754E-002
  0.604185402008357       6.372232804806507E-002
  0.605734595346840       5.429593899355813E-002
  0.607283788685323       4.562366185777671E-002
  0.608832982023806       3.770549664072081E-002
  0.610382175362289       3.054144334239042E-002
  0.611931368700772       2.413150196278557E-002
  0.613480562039255       1.847567250190623E-002
  0.615029755377738       1.357395495975240E-002
  0.616578948716221       9.426349336324103E-003
  0.618128142054704       6.032855631621318E-003
  0.619677335393187       3.393473845644052E-003
  0.621226528731670       1.508203978392306E-003
  0.622775722070153       3.770460298660798E-004
  0.624324915408636       6.537239373801387E-014
  0.625874108747119       3.770658889901841E-004
  0.627423302085602       1.508243696640515E-003
  0.628972495424085       3.393533423016365E-003
  0.630521688762568       6.032935068117735E-003
  0.632070882101050       9.426448631944622E-003
  0.633620075439533       1.357407411449703E-002
  0.635169268778016       1.847581151577495E-002
  0.636718462116499       2.413166083577840E-002
  0.638267655454982       3.054162207450736E-002
  0.639816848793465       3.770569523196184E-002
  0.641366042131948       4.562388030814185E-002
  0.642915235470431       5.429617730304738E-002
  0.644464428808914       6.372258621667844E-002
  0.646013622147397       7.390310704903499E-002
  0.647562815485880       8.483773980011708E-002
  0.649112008824363       9.652648446992469E-002
  0.650661202162846       0.108969341058458     
  0.652210395501329       0.122166309565716     
  0.653759588839812       0.136117389991701     
  0.655308782178295       0.150822582336410     
  0.656857975516778       0.166281886599845     
  0.658407168855261       0.182495302782006     
  0.659956362193744       0.199462830882892     
  0.661505555532227       0.217184470902504     
  0.663054748870710       0.235660222840841     
  0.664603942209193       0.254890086697904     
  0.666153135547676       0.274874062473692     
  0.667702328886159       0.295612150168206     
  0.669251522224642       0.317104349781445     
  0.670800715563125       0.339350661313410     
  0.672349908901608       0.362351084764101     
  0.673899102240091       0.386105620133516     
  0.675448295578574       0.410614267421658     
  0.676997488917056       0.435877026628525     
  0.678546682255539       0.461893897754117     
  0.680095875594022       0.488664880798435     
  0.681645068932505       0.516189975761479     
  0.683194262270988       0.544469182643248     
  0.684743455609471       0.573502501443743     
  0.686292648947954       0.603289932162963     
  0.687841842286437       0.633831474800909     
  0.689391035624920       0.665127129357580     
  0.690940228963403       0.697176895832976     
  0.692489422301886       0.729980774227099     
  0.694038615640369       0.763538764539946     
  0.695587808978852       0.797850866771520     
  0.697137002317335       0.832917080921818     
  0.698686195655818       0.868737406990843     
  0.700235388994301       0.905311844978593     
  0.701784582332784       0.942640394885068     
  0.703333775671267       0.980723056710269     
  0.704882969009750        1.01955983045420     
  0.706432162348233        1.05915071611685     
  0.707981355686716        1.09949571369822     
  0.709530549025199        1.14059482319833     
  0.711079742363682        1.18244804461716     
  0.712628935702165        1.22505537795471     
  0.714178129040648        1.26841682321099     
  0.715727322379131        1.31253238038599     
  0.717276515717614        1.35740204947973     
  0.718825709056097        1.40302583049218     
  0.720374902394580        1.44940372342336     
  0.721924095733063        1.49653572827327     
  0.723473289071546        1.54442184504190     
  0.725022482410029        1.59306207372926     
  0.726571675748511        1.64245641433534     
  0.728120869086994        1.69260486686015     
  0.729670062425477        1.74350743130369     
  0.731219255763960        1.79516410766595     
  0.732768449102443        1.84757489594693     
  0.734317642440926        1.90073979614665     
  0.735866835779409        1.95465880826508     
  0.737416029117892        2.00933193230225     
  0.738965222456375        2.06475916825813     
  0.740514415794858        2.12094051613275     
  0.742063609133341        2.17787597592609     
  0.743612802471824        2.23556554763815     
  0.745161995810307        2.29400923126894     
  0.746711189148790        2.35320702681846     
  0.748260382487273        2.41315893428670     
  0.749809575825756        2.47386495367366     
  0.751358769164239        2.53532508497936     
  0.752907962502722        2.59753932820377     
  0.754457155841205        2.66050768334692     
  0.756006349179688        2.72423015040878     
  0.757555542518171        2.78870672938938     
  0.759104735856654        2.85393742028870     
  0.760653929195137        2.91992222310674     
  0.762203122533620        2.98666113784351     
  0.763752315872103        3.05415416449901     
  0.765301509210586        3.12240130307323     
  0.766850702549069        3.19140255356618     
  0.768399895887552        3.26115791597785     
  0.769949089226035        3.33166739030825     
  0.771498282564517        3.40293097655737     
  0.773047475903000        3.47494867472522     
  0.774596669241483        3.54772048481180     
  0.776145862579966        3.62124640681710     
  0.777695055918449        3.69552644074113     
  0.779244249256932        3.77056058658388     
  0.780793442595415        3.84634884434535     
  0.782342635933898        3.92289121402556     
  0.783891829272381        4.00018769562448     
  0.785441022610864        4.07823828914214     
  0.786990215949347        4.15704299457852     
  0.788539409287830        4.23660181193362     
  0.790088602626313        4.31691474120745     
  0.791637795964796        4.39798178240001     
  0.793186989303279        4.47980293551129     
  0.794736182641762        4.56237820054130     
  0.796285375980245        4.64570757749003     
  0.797834569318728        4.72979106635749     
  0.799383762657211        4.81462866714367     
  0.800932955995694        4.90022037984858     
  0.802482149334177        4.98656620447221     
  0.804031342672660        5.07366614101457     
  0.805580536011143        5.16152018947566     
  0.807129729349626        5.25012834985547     
  0.808678922688109        5.33949062215401     
  0.810228116026592        5.42960700637127     
  0.811777309365075        5.52047750250725     
  0.813326502703558        5.61210211056197     
  0.814875696042041        5.70448083053541     
  0.816424889380523        5.79761366242757     
  0.817974082719007        5.89150060623846     
  0.819523276057489        5.98614166196807     
  0.821072469395972        6.08153682961642     
  0.822621662734455        6.17768610918348     
  0.824170856072938        6.27458950066927     
  0.825720049411421        6.37224700407379     
  0.827269242749904        6.47065861939703     
  0.828818436088387        6.56982434663900     
  0.830367629426870        6.66974418579969     
  0.831916822765353        6.77041813687911     
  0.833466016103836        6.87184619987726     
  0.835015209442319        6.97402837479413     
  0.836564402780802        7.07696466162972     
  0.838113596119285        7.18065506038405     
  0.839662789457768        7.28509957105709     
  0.841211982796251        7.39029819364886     
  0.842761176134734        7.49625092815936     
  0.844310369473217        7.60295777458859     
  0.845859562811700        7.71041873293653     
  0.847408756150183        7.81863380320321     
  0.848957949488666        7.92760298538861     
  0.850507142827149        8.03732627949273     
  0.852056336165632        8.14780368551559     
  0.853605529504115        8.25903520345716     
  0.855154722842598        8.37102083331746     
  0.856703916181081        8.48376057509649     
  0.858253109519564        8.59725442879425     
  0.859802302858047        8.71150239441072     
  0.861351496196530        8.82650447194593     
  0.862900689535013        8.94226066139986     
  0.864449882873495        9.05877096277251     
  0.865999076211978        9.17603537606389     
  0.867548269550461        9.29405390127400     
  0.869097462888944        9.41282653840283     
  0.870646656227427        9.53235328745039     
  0.872195849565910        9.65263414841667     
  0.873745042904393        9.77366912130168     
  0.875294236242876        9.89545820610541     
  0.876843429581359        10.0180014028279     
  0.878392622919842        10.1412987114691     
  0.879941816258325        10.2653501320290     
  0.881491009596808        10.3901556645076     
  0.883040202935291        10.5157153089050     
  0.884589396273774        10.6420290652211     
  0.886138589612257        10.7690969334559     
  0.887687782950740        10.8969189136094     
  0.889236976289223        11.0254950056817     
  0.890786169627706        11.1548252096727     
  0.892335362966189        11.2849095255824     
  0.893884556304672        11.4157479534108     
  0.895433749643155        11.5473404931580     
  0.896982942981638        11.6796871448239     
  0.898532136320121        11.8127879084085     
  0.900081329658604        11.9466427839118     
  0.901630522997087        12.0812517713339     
  0.903179716335570        12.2166148706747     
  0.904728909674053        12.3527320819342     
  0.906278103012536        12.4896034051125     
  0.907827296351019        12.6272288402094     
  0.909376489689502        12.7656083872251     
  0.910925683027984        12.9047420461595     
  0.912474876366468        13.0446298170127     
  0.914024069704950        13.1852716997846     
  0.915573263043433        13.3266676944752     
  0.917122456381916        13.4688178010845     
  0.918671649720399        13.6117220196125     
  0.920220843058882        13.7553803500593     
  0.921770036397365        13.8997927924248     
  0.923319229735848        14.0449593467090     
  0.924868423074331        14.1908800129120     
  0.926417616412814        14.3375547910337     
  0.927966809751297        14.4849836810741     
  0.929516003089780        14.6331666830332     
  0.931065196428263        14.7821037969110     
  0.932614389766746        14.9317950227076     
  0.934163583105229        15.0822403604229     
  0.935712776443712        15.0822383843660     
  0.937261969782195        14.9317930565309     
  0.938811163120678        14.7821018406146     
  0.940360356459161        14.6331647366171     
  0.941909549797644        14.4849817445382     
  0.943458743136127        14.3375528643781     
  0.945007936474610        14.1908780961367     
  0.946557129813093        14.0449574398141     
  0.948106323151576        13.8997908954101     
  0.949655516490059        13.7553784629249     
  0.951204709828542        13.6117201423584     
  0.952753903167025        13.4688159337106     
  0.954303096505508        13.3266658369816     
  0.955852289843991        13.1852698521713     
  0.957401483182474        13.0446279792797     
  0.958950676520956        12.9047402183068     
  0.960499869859439        12.7656065692527     
  0.962049063197922        12.6272270321173     
  0.963598256536405        12.4896016069006     
  0.965147449874888        12.3527302936027     
  0.966696643213371        12.2166130922234     
  0.968245836551854        12.0812500027629     
  0.969795029890337        11.9466410252211     
  0.971344223228820        11.8127861595981     
  0.972893416567303        11.6796854058937     
  0.974442609905786        11.5473387641081     
  0.975991803244269        11.4157462342412     
  0.977540996582752        11.2849078162931     
  0.979090189921235        11.1548235102637     
  0.980639383259718        11.0254933161530     
  0.982188576598201        10.8969172339610     
  0.983737769936684        10.7690952636877     
  0.985286963275167        10.6420274053332     
  0.986836156613650        10.5157136588974     
  0.988385349952133        10.3901540243803     
  0.989934543290616        10.2653485017820     
  0.991483736629099        10.1412970911023     
  0.993032929967582        10.0179997923414     
  0.994582123306065        9.89545660549926     
  0.996131316644548        9.77366753057581     
  0.997680509983031        9.65263256757109     
  0.999229703321514        9.53235171648509     
   1.00077889666000        9.41282497731782     
   1.00232808999848        9.29405235006927     
   1.00387728333696        9.17603383473945     
   1.00542647667545        9.05876943132835     
   1.00697567001393        8.94225913983598     
   1.00852486335241        8.82650296026234     
   1.01007405669089        8.71150089260742     
   1.01162325002938        8.59725293687122     
   1.01317244336786        8.48375909305375     
   1.01472163670634        8.37101936115501     
   1.01627083004483        8.25903374117499     
   1.01782002338331        8.14780223311370     
   1.01936921672179        8.03732483697113     
   1.02091841006028        7.92760155274729     
   1.02246760339876        7.81863238044218     
   1.02401679673724        7.71041732005579     
   1.02556599007572        7.60295637158813     
   1.02711518341421        7.49624953503919     
   1.02866437675269        7.39029681040897     
   1.03021357009117        7.28509819769748     
   1.03176276342966        7.18065369690472     
   1.03331195676814        7.07696330803069     
   1.03486115010662        6.97402703107537     
   1.03641034344510        6.87184486603879     
   1.03795953678359        6.77041681292093     
   1.03950873012207        6.66974287172179     
   1.04105792346055        6.56982304244138     
   1.04260711679904        6.47065732507970     
   1.04415631013752        6.37224571963674     
   1.04570550347600        6.27458822611251     
   1.04725469681449        6.17768484450700     
   1.04880389015297        6.08153557482022     
   1.05035308349145        5.98614041705216     
   1.05190227682993        5.89149937120283     
   1.05345147016842        5.79761243727223     
   1.05500066350690        5.70447961526035     
   1.05654985684538        5.61210090516719     
   1.05809905018387        5.52047630699277     
   1.05964824352235        5.42960582073706     
   1.06119743686083        5.33948944640009     
   1.06274663019932        5.25012718398183     
   1.06429582353780        5.16151903348231     
   1.06584501687628        5.07366499490151     
   1.06739421021476        4.98656506823943     
   1.06894340355325        4.90021925349608     
   1.07049259689173        4.81462755067146     
   1.07204179023021        4.72978995976556     
   1.07359098356870        4.64570648077838     
   1.07514017690718        4.56237711370994     
   1.07668937024566        4.47980185856021     
   1.07823856358414        4.39798071532922     
   1.07978775692263        4.31691368401695     
   1.08133695026111        4.23660076462340     
   1.08288614359959        4.15704195714858     
   1.08443533693808        4.07823726159249     
   1.08598453027656        4.00018667795512     
   1.08753372361504        3.92289020623647     
   1.08908291695353        3.84634784643656     
   1.09063211029201        3.77055959855536     
   1.09218130363049        3.69552546259290     
   1.09373049696897        3.62124543854915     
   1.09527969030746        3.54771952642414     
   1.09682888364594        3.47494772621785     
   1.09837807698442        3.40293003793028     
   1.09992727032291        3.33166646156144     
   1.10147646366139        3.26115699711133     
   1.10302565699987        3.19140164457994     
   1.10457485033836        3.12240040396728     
   1.10612404367684        3.05415327527334     
   1.10767323701532        2.98666025849813     
   1.10922243035380        2.91992135364164     
   1.11077162369229        2.85393656070388     
   1.11232081703077        2.78870587968485     
   1.11387001036925        2.72422931058454     
   1.11541920370774        2.66050685340295     
   1.11696839704622        2.59753850814010     
   1.11851759038470        2.53532427479596     
   1.12006678372319        2.47386415337055     
   1.12161597706167        2.41315814386387     
   1.12316517040015        2.35320624627592     
   1.12471436373863        2.29400846060668     
   1.12626355707712        2.23556478685618     
   1.12781275041560        2.17787522502440     
   1.12936194375408        2.12093977511134     
   1.13091113709257        2.06475843711702     
   1.13246033043105        2.00933121104141     
   1.13400952376953        1.95465809688453     
   1.13555871710801        1.90073909464638     
   1.13710791044650        1.84757420432695     
   1.13865710378498        1.79516342592625     
   1.14020629712346        1.74350675944428     
   1.14175549046195        1.69260420488103     
   1.14330468380043        1.64245576223650     
   1.14485387713891        1.59306143151070     
   1.14640307047740        1.54442121270363     
   1.14795226381588        1.49653510581528     
   1.14950145715436        1.44940311084566     
   1.15105065049284        1.40302522779476     
   1.15259984383133        1.35740145666259     
   1.15414903716981        1.31253179744914     
   1.15569823050829        1.26841625015442     
   1.15724742384678        1.22505481477843     
   1.15879661718526        1.18244749132116     
   1.16034581052374        1.14059427978262     
   1.16189500386223        1.09949518016280     
   1.16344419720071        1.05915019246170     
   1.16499339053919        1.01955931667934     
   1.16654258387767       0.980722552815694     
   1.16809177721616       0.942639900870778     
   1.16964097055464       0.905311360844587     
   1.17119016389312       0.868736932737122     
   1.17273935723161       0.832916616548382     
   1.17428855057009       0.797850412278368     
   1.17583774390857       0.763538319927079     
   1.17738693724705       0.729980339494516     
   1.17893613058554       0.697176470980678     
   1.18048532392402       0.665126714385566     
   1.18203451726250       0.633831069709179     
   1.18358371060099       0.603289536951518     
   1.18513290393947       0.573502116112582     
   1.18668209727795       0.544468807192372     
   1.18823129061644       0.516189610190887     
   1.18978048395492       0.488664525108128     
   1.19132967729340       0.461893551944095     
   1.19287887063188       0.435876690698787     
   1.19442806397037       0.410613941372204     
   1.19597725730885       0.386105303964347     
   1.19752645064733       0.362350778475216     
   1.19907564398582       0.339350364904810     
   1.20062483732430       0.317104063253130     
   1.20217403066278       0.295611873520175     
   1.20372322400127       0.274873795705946     
   1.20527241733975       0.254889829810442     
   1.20682161067823       0.235659975833664     
   1.20837080401671       0.217184233775611     
   1.20991999735520       0.199462603636284     
   1.21146919069368       0.182495085415682     
   1.21301838403216       0.166281679113806     
   1.21456757737065       0.150822384730655     
   1.21611677070913       0.136117202266230     
   1.21766596404761       0.122166131720530     
   1.21921515738609       0.108969173093556     
   1.22076435072458       9.652632638530748E-002
   1.22231354406306       8.483759159578436E-002
   1.22386273740154       7.390296872498676E-002
   1.22541193074003       6.372245777291469E-002
   1.22696112407851       5.429605873956813E-002
   1.22851031741699       4.562377162494709E-002
   1.23005951075548       3.770559642905157E-002
   1.23160870409396       3.054153315188158E-002
   1.23315789743244       2.413158179343710E-002
   1.23470709077092       1.847574235371815E-002
   1.23625628410941       1.357401483272472E-002
   1.23780547744789       9.426399230456801E-003
   1.23935467078637       6.032895546914403E-003
   1.24090386412486       3.393503782097523E-003
   1.24245305746334       1.508223936006164E-003
   1.24400225080182       3.770560086403231E-004
   1.24555144414031       1.610025010508025E-018
   1.24710063747879       3.770559100851994E-004
   1.24864983081727       1.508223738895916E-003
   1.25019902415575       3.393503486432152E-003
   1.25174821749424       6.032895152693908E-003
   1.25329741083272       9.426398737681181E-003
   1.25484660417120       1.357401424139397E-002
   1.25639579750969       1.847574166383228E-002
   1.25794499084817       2.413158100499611E-002
   1.25949418418665       3.054153226488546E-002
   1.26104337752514       3.770559544350034E-002
   1.26259257086362       4.562377054084073E-002
   1.26414176420210       5.429605755690664E-002
   1.26569095754058       6.372245649169807E-002
   1.26724015087907       7.390296734521502E-002
   1.26878934421755       8.483759011745751E-002
   1.27033853755603       9.652632480842549E-002
   1.27188773089452       0.108969171418119     
   1.27343692423300       0.122166129946538     
   1.27498611757148       0.136117200393683     
   1.27653531090996       0.150822382759553     
   1.27808450424845       0.166281677044148     
   1.27963369758693       0.182495083247469     
   1.28118289092541       0.199462601369516     
   1.28273208426390       0.217184231410288     
   1.28428127760238       0.235659973369786     
   1.28583047094086       0.254889827248009     
   1.28737966427935       0.274873793044957     
   1.28892885761783       0.295611870760632     
   1.29047805095631       0.317104060395031     
   1.29202724429479       0.339350361948156     
   1.29357643763328       0.362350775420007     
   1.29512563097176       0.386105300810583     
   1.29667482431024       0.410613938119885     
   1.29822401764873       0.435876687347913     
   1.29977321098721       0.461893548494666     
   1.30132240432569       0.488664521560144     
   1.30287159766418       0.516189606544348     
   1.30442079100266       0.544468803447277     
   1.30596998434114       0.573502112268932     
   1.30751917767962       0.603289533009313     
   1.30906837101811       0.633831065668419     
   1.31061756435659       0.665126710246251     
   1.31216675769507       0.697176466742808     
   1.31371595103356       0.729980335158090     
   1.31526514437204       0.763538315492098     
   1.31681433771052       0.797850407744832     
   1.31836353104900       0.832916611916291     
   1.31991272438749       0.868736928006476     
   1.32146191772597       0.905311356015386     
   1.32301111106445       0.942639895943022     
   1.32456030440294       0.980722547789383     
   1.32610949774142        1.01955931155447     
   1.32765869107990        1.05915018723828     
   1.32920788441839        1.09949517484082     
   1.33075707775687        1.14059427436208     
   1.33230627109535        1.18244748580207     
   1.33385546443383        1.22505480916079     
   1.33540465777232        1.26841624443823     
   1.33695385111080        1.31253179163439     
   1.33850304444928        1.35740145074928     
   1.34005223778777        1.40302522178290     
   1.34160143112625        1.44940310473524     
   1.34315062446473        1.49653509960631     
   1.34469981780322        1.54442120639610     
   1.34624901114170        1.59306142510462     
   1.34779820448018        1.64245575573186     
   1.34934739781866        1.69260419827783     
   1.35089659115715        1.74350675274253     
   1.35244578449563        1.79516341912595     
   1.35399497783411        1.84757419742810     
   1.35554417117260        1.90073908764897     
   1.35709336451108        1.95465808978857     
   1.35864255784956        2.00933120384689     
   1.36019175118804        2.06475842982394     
   1.36174094452653        2.12093976771971     
   1.36329013786501        2.17787521753421     
   1.36483933120349        2.23556477926743     
   1.36638852454198        2.29400845291938     
   1.36793771788046        2.35320623849006     
   1.36948691121894        2.41315813597946     
   1.37103610455743        2.47386414538759     
   1.37258529789591        2.53532426671444     
   1.37413449123439        2.59753849996002     
   1.37568368457287        2.66050684512432     
   1.37723287791136        2.72422930220735     
   1.37878207124984        2.78870587120911     
   1.38033126458832        2.85393655212959     
   1.38188045792681        2.91992134496879     
   1.38342965126529        2.98666024972672     
   1.38497884460377        3.05415326640338     
   1.38652803794226        3.12240039499876     
   1.38807723128074        3.19140163551287     
   1.38962642461922        3.26115698794570     
   1.39117561795770        3.33166645229726     
   1.39272481129619        3.40293002856755     
   1.39427400463467        3.47494771675656     
   1.39582319797315        3.54771951686429     
   1.39737239131164        3.62124542889075     
   1.39892158465012        3.69552545283594     
   1.40047077798860        3.77055958869985     
   1.40201997132708        3.84634783648249     
   1.40356916466557        3.92289019618385     
   1.40511835800405        4.00018666780394     
   1.40666755134253        4.07823725134275     
   1.40821674468102        4.15704194680029     
   1.40976593801950        4.23660075417656     
   1.41131513135798        4.31691367347155     
   1.41286432469647        4.39798070468526     
   1.41441351803495        4.47980184781771     
   1.41596271137343        4.56237710286887     
   1.41751190471191        4.64570646983877     
   1.41906109805040        4.72978994872738     
   1.42061029138888        4.81462753953473     
   1.42215948472736        4.90021924226080     
   1.42370867806585        4.98656505690559     
   1.42525787140433        5.07366498346911     
   1.42680706474281        5.16151902195136     
   1.42835625808130        5.25012717235233     
   1.42990545141978        5.33948943467203     
   1.43145464475826        5.42960580891045     
   1.43300383809674        5.52047629506760     
   1.43455303143523        5.61210089314347     
   1.43610222477371        5.70447960313807     
   1.43765141811219        5.79761242505139     
   1.43920061145068        5.89149935888344     
   1.44074980478916        5.98614040463422     
   1.44229899812764        6.08153556230372     
   1.44384819146613        6.17768483189195     
   1.44539738480461        6.27458821339890     
   1.44694657814309        6.37224570682458     
   1.44849577148157        6.47065731216898     
   1.45004496482006        6.56982302943211     
   1.45159415815854        6.66974285861396     
   1.45314335149702        6.77041679971454     
   1.45469254483551        6.87184485273384     
   1.45624173817399        6.97402701767188     
   1.45779093151247        7.07696329452863     
   1.45934012485095        7.18065368330411     
   1.46088931818944        7.28509818399832     
   1.46243851152792        7.39029679661125     
   1.46398770486640        7.49624952114291     
   1.46553689820489        7.60295635759330     
   1.46708609154337        7.71041730596240     
   1.46863528488185        7.81863236625024     
   1.47018447822034        7.92760153845680     
   1.47173367155882        8.03732482258209     
   1.47328286489730        8.14780221862610     
   1.47483205823578        8.25903372658883     
   1.47638125157427        8.37101934647030     
   1.47793044491275        8.48375907827048     
   1.47947963825123        8.59725292198940     
   1.48102883158972        8.71150087762704     
   1.48257802492820        8.82650294518340     
   1.48412721826668        8.94225912465849     
   1.48567641160517        9.05876941605231     
   1.48722560494365        9.17603381936485     
   1.48877479828213        9.29405233459612     
   1.49032399162061        9.41282496174611     
   1.49187318495910        9.53235170081483     
   1.49342237829758        9.65263255180227     
   1.49497157163606        9.77366751470844     
   1.49652076497455        9.89545658953333     
   1.49806995831303        10.0179997762770     
   1.49961915165151        10.1412970749393     
   1.50116834498999        10.2653484855204     
   1.50271753832848        10.3901540080202     
   1.50426673166696        10.5157136424387     
   1.50581592500544        10.6420273887759     
   1.50736511834393        10.7690952470319     
   1.50891431168241        10.8969172172066     
   1.51046350502089        11.0254932993000     
   1.51201269835938        11.1548234933122     
   1.51356189169786        11.2849077992431     
   1.51511108503634        11.4157462170927     
   1.51666027837482        11.5473387468610     
   1.51820947171331        11.6796853885480     
   1.51975866505179        11.8127861421538     
   1.52130785839027        11.9466410076783     
   1.52285705172876        12.0812499851215     
   1.52440624506724        12.2166130744835     
   1.52595543840572        12.3527302757642     
   1.52750463174421        12.4896015889636     
   1.52905382508269        12.6272270140817     
   1.53060301842117        12.7656065511186     
   1.53215221175965        12.9047402000741     
   1.53370140509814        13.0446279609485     
   1.53525059843662        13.1852698337415     
   1.53679979177510        13.3266658184532     
   1.53834898511359        13.4688159150837     
   1.53989817845207        13.6117201236329     
   1.54144737179055        13.7553784441009     
   1.54299656512903        13.8997908764875     
   1.54454575846752        14.0449574207929     
   1.54609495180600        14.1908780770170     
   1.54764414514448        14.3375528451599     
   1.54919333848297        14.4849817252214     
   1.55074253182145        14.6331647172017     
   1.55229172515993        14.7821018211007     
   1.55384091849842        14.9317930369185     
   1.55539011183690        14.9317910805484     
   1.55693930517538        14.7820998745617     
   1.55848849851386        14.6331627804937     
   1.56003769185235        14.4849797983444     
   1.56158688519083        14.3375509281138     
   1.56313607852931        14.1908761698020     
   1.56468527186780        14.0449555234089     
   1.56623446520628        13.8997889889345     
   1.56778365854476        13.7553765663789     
   1.56933285188325        13.6117182557419     
   1.57088204522173        13.4688140570237     
   1.57243123856021        13.3266639702243     
   1.57398043189869        13.1852679953435     
   1.57552962523718        13.0446261323815     
   1.57707881857566        12.9047383813382     
   1.57862801191414        12.7656047422136     
   1.58017720525263        12.6272252150077     
   1.58172639859111        12.4895997997206     
   1.58327559192959        12.3527284963522     
   1.58482478526808        12.2166113049025     
   1.58637397860656        12.0812482253716     
   1.58792317194504        11.9466392577594     
   1.58947236528352        11.8127844020659     
   1.59102155862201        11.6796836582911     
   1.59257075196049        11.5473370264351     
   1.59411994529897        11.4157445064977     
   1.59566913863746        11.2849060984791     
   1.59721833197594        11.1548218023793     
   1.59876752531442        11.0254916181981     
   1.60031671865290        10.8969155459357     
   1.60186591199139        10.7690935855920     
   1.60341510532987        10.6420257371671     
   1.60496429866835        10.5157120006608     
   1.60651349200684        10.3901523760733     
   1.60806268534532        10.2653468634045     
   1.60961187868380        10.1412954626544     
   1.61116107202229        10.0179981738231     
   1.61271026536077        9.89545499691049     
   1.61425945869925        9.77366593191660     
   1.61580865203773        9.65263097884144     
   1.61735784537622        9.53235013768500     
   1.61890703871470        9.41282340844729     
   1.62045623205318        9.29405079112830     
   1.62200542539167        9.17603228572804     
   1.62355461873015        9.05876789224650     
   1.62510381206863        8.94225761068369     
   1.62665300540712        8.82650144103961     
   1.62820219874560        8.71149938331425     
   1.62975139208408        8.59725143750762     
   1.63130058542256        8.48375760361971     
   1.63284977876105        8.37101788165053     
   1.63439897209953        8.25903227160007     
   1.63594816543801        8.14780077346834     
   1.63749735877650        8.03732338725533     
   1.63904655211498        7.92760011296105     
   1.64059574545346        7.81863095058550     
   1.64214493879194        7.71041590012867     
   1.64369413213043        7.60295496159056     
   1.64524332546891        7.49624813497119     
   1.64679251880739        7.39029542027053     
   1.64834171214588        7.28509681748861     
   1.64989090548436        7.18065232662541     
   1.65144009882284        7.07696194768093     
   1.65298929216133        6.97402568065518     
   1.65453848549981        6.87184352554815     
   1.65608767883829        6.77041548235985     
   1.65763687217677        6.66974155109028     
   1.65918606551526        6.56982173173943     
   1.66073525885374        6.47065602430731     
   1.66228445219222        6.37224442879391     
   1.66383364553071        6.27458694519924     
   1.66538283886919        6.17768357352329     
   1.66693203220767        6.08153431376607     
   1.66848122554616        5.98613916592758     
   1.67003041888464        5.89149813000781     
   1.67157961222312        5.79761120600676     
   1.67312880556160        5.70447839392444     
   1.67467799890009        5.61209969376085     
   1.67622719223857        5.52047510551598     
   1.67777638557705        5.42960462918984     
   1.67932557891554        5.33948826478242     
   1.68087477225402        5.25012601229373     
   1.68242396559250        5.16151787172377     
   1.68397315893098        5.07366384307253     
   1.68552235226947        4.98656392634001     
   1.68707154560795        4.90021812152622     
   1.68862073894643        4.81462642863116     
   1.69016993228492        4.72978884765482     
   1.69171912562340        4.64570537859721     
   1.69326831896188        4.56237602145832     
   1.69481751230037        4.47980077623816     
   1.69636670563885        4.39797964293672     
   1.69791589897733        4.31691262155401     
   1.69946509231581        4.23659971209003     
   1.70101428565430        4.15704091454477     
   1.70256347899278        4.07823622891824     
   1.70411267233126        4.00018565521043     
   1.70566186566975        3.92288919342134     
   1.70721105900823        3.84634684355099     
   1.70876025234671        3.77055860559935     
   1.71030944568520        3.69552447956645     
   1.71185863902368        3.62124446545227     
   1.71340783236216        3.54771856325681     
   1.71495702570064        3.47494677298008     
   1.71650621903913        3.40292909462208     
   1.71805541237761        3.33166552818280     
   1.71960460571609        3.26115607366225     
   1.72115379905458        3.19140073106042     
   1.72270299239306        3.12239950037732     
   1.72425218573154        3.05415238161294     
   1.72580137907003        2.98665937476729     
   1.72735057240851        2.91992047984036     
   1.72889976574699        2.85393569683216     
   1.73044895908547        2.78870502574269     
   1.73199815242396        2.72422846657194     
   1.73354734576244        2.66050601931992     
   1.73509653910092        2.59753768398662     
   1.73664573243941        2.53532346057205     
   1.73819492577789        2.47386334907620     
   1.73974411911637        2.41315734949908     
   1.74129331245485        2.35320546184068     
   1.74284250579334        2.29400768610101     
   1.74439169913182        2.23556402228007     
   1.74594089247030        2.17787447037785     
   1.74749008580879        2.12093903039435     
   1.74903927914727        2.06475770232959     
   1.75058847248575        2.00933048618354     
   1.75213766582424        1.95465738195623     
   1.75368685916272        1.90073838964763     
   1.75523605250120        1.84757350925777     
   1.75678524583968        1.79516274078663     
   1.75833443917817        1.74350608423421     
   1.75988363251665        1.69260353960052     
   1.76143282585513        1.64245510688556     
   1.76298201919362        1.59306078608932     
   1.76453121253210        1.54442057721181     
   1.76608040587058        1.49653448025302     
   1.76762959920907        1.44940249521296     
   1.76917879254755        1.40302462209162     
   1.77072798588603        1.35740086088901     
   1.77227717922451        1.31253121160513     
   1.77382637256300        1.26841567423997     
   1.77537556590148        1.22505424879353     
   1.77692475923996        1.18244693526582     
   1.77847395257845        1.14059373365684     
   1.78002314591693        1.09949464396658     
   1.78157233925541        1.05914966619505     
   1.78312153259389        1.01955880034224     
   1.78467072593238       0.980722046408162     
   1.78621991927086       0.942639404392806     
   1.78776911260934       0.905310874296176     
   1.78931830594783       0.868736456118271     
   1.79086749928631       0.832916149859092     
   1.79241669262479       0.797849955518638     
   1.79396588596328       0.763537873096910     
   1.79551507930176       0.729979902593908     
   1.79706427264024       0.697176044009631     
   1.79861346597872       0.665126297344079     
   1.80016265931721       0.633830662597254     
   1.80171185265569       0.603289139769153     
   1.80326104599417       0.573501728859778     
   1.80481023933266       0.544468429869129     
   1.80635943267114       0.516189242797205     
   1.80790862600962       0.488664167644007     
   1.80945781934811       0.461893204409534     
   1.81100701268659       0.435876353093787     
   1.81255620602507       0.410613613696765     
   1.81410539936355       0.386104986218469     
   1.81565459270204       0.362350470658898     
   1.81720378604052       0.339350067018053     
   1.81875297937900       0.317103775295933     
   1.82030217271749       0.295611595492539     
   1.82185136605597       0.274873527607871     
   1.82340055939445       0.254889571641927     
   1.82494975273294       0.235659727594710     
   1.82649894607142       0.217183995466218     
   1.82804813940990       0.199462375256451     
   1.82959733274838       0.182494866965411     
   1.83114652608687       0.166281470593095     
   1.83269571942535       0.150822186139505     
   1.83424491276383       0.136117013604641     
   1.83579410610232       0.122165952988502     
   1.83734329944080       0.108969004291088     
   1.83889249277928       9.652616751240044E-002
   1.84044168611776       8.483744265243806E-002
   1.84199087945625       7.390282971120118E-002
   1.84354007279473       6.372232868868985E-002
   1.84508926613321       5.429593958490402E-002
   1.84663845947170       4.562366239984372E-002
   1.84818765281018       3.770549713350894E-002
   1.84973684614866       3.054144378589968E-002
   1.85128603948715       2.413150235701595E-002
   1.85283523282563       1.847567284685773E-002
   1.85438442616411       1.357395525542503E-002
   1.85593361950259       9.426349582717847E-003
   1.85748281284108       6.032855828736184E-003
   1.85903200617956       3.393473993480041E-003
   1.86058119951804       1.508204076949416E-003
   1.86213039285653       3.770460791443110E-004
   1.86367958619501       6.472513772075029E-014
   1.86522877953349       3.770658397106584E-004
   1.86677797287198       1.508243598082111E-003
   1.86832716621046       3.393533275179082E-003
   1.86987635954894       6.032934871001574E-003
   1.87142555288742       9.426448385549582E-003
   1.87297474622591       1.357407381882311E-002
   1.87452393956439       1.847581117082216E-002
   1.87607313290287       2.413166044154672E-002
   1.87762232624136       3.054162163099680E-002
   1.87917151957984       3.770569473917242E-002
   1.88072071291832       4.562387976607354E-002
   1.88226990625680       5.429617671170019E-002
   1.88381909959529       6.372258557605237E-002
   1.88536829293377       7.390310635913006E-002
   1.88691748627225       8.483773906093325E-002
   1.88846667961074       9.652648368146199E-002
   1.89001587294922       0.108969340220716     
   1.89156506628770       0.122166308678696     
   1.89311425962619       0.136117389055401     
   1.89466345296467       0.150822581350832     
   1.89621264630315       0.166281885564988     
   1.89776183964163       0.182495301697870     
   1.89931103298012       0.199462829749477     
   1.90086022631860       0.217184469719810     
   1.90240941965708       0.235660221608869     
   1.90395861299557       0.254890085416653     
   1.90550780633405       0.274874061143162     
   1.90705699967253       0.295612148788397     
   1.90860619301102       0.317104348352357     
   1.91015538634950       0.339350659835043     
   1.91170457968798       0.362351083236455     
   1.91325377302646       0.386105618556592     
   1.91480296636495       0.410614265795454     
   1.91635215970343       0.435877024953042     
   1.91790135304191       0.461893896029356     
   1.91945054638040       0.488664879024395     
   1.92099973971888       0.516189973938160     
   1.92254893305736       0.544469180770650     
   1.92409812639584       0.573502499521866     
   1.92564731973433       0.603289930191807     
   1.92719651307281       0.633831472780474     
   1.92874570641129       0.665127127287866     
   1.93029489974978       0.697176893713984     
   1.93184409308826       0.729980772058827     
   1.93339328642674       0.763538762322396     
   1.93494247976523       0.797850864504691     
   1.93649167310371       0.832917078605710     
   1.93804086644219       0.868737404625456     
   1.93959005978067       0.905311842563927     
   1.94113925311916       0.942640392421123     
   1.94268844645764       0.980723054197045     
   1.94423763979612        1.01955982789169     
   1.94578683313461        1.05915071350507     
   1.94733602647309        1.09949571103716     
   1.94888521981157        1.14059482048799     
   1.95043441315006        1.18244804185754     
   1.95198360648854        1.22505537514581     
   1.95353279982702        1.26841682035281     
   1.95508199316550        1.31253237747854     
   1.95663118650399        1.35740204652299     
   1.95818037984247        1.40302582748617     
   1.95972957318095        1.44940372036807     
   1.96127876651944        1.49653572516870     
   1.96282795985792        1.54442184188805     
   1.96437715319640        1.59306207052613     
   1.96592634653488        1.64245641108294     
   1.96747553987337        1.69260486355847     
   1.96902473321185        1.74350742795272     
   1.97057392655033        1.79516410426571     
   1.97212311988882        1.84757489249741     
   1.97367231322730        1.90073979264785     
   1.97522150656578        1.95465880471700     
   1.97677069990427        2.00933192870489     
   1.97831989324275        2.06475916461150     
   1.97986908658123        2.12094051243683     
   1.98141827991971        2.17787597218089     
   1.98296747325820        2.23556554384368     
   1.98451666659668        2.29400922742519     
   1.98606585993516        2.35320702292542     
   1.98761505327365        2.41315893034439     
   1.98916424661213        2.47386494968207     
   1.99071343995061        2.53532508093849     
   1.99226263328910        2.59753932411363     
   1.99381182662758        2.66050767920749     
   1.99536101996606        2.72423014622008     
   1.99691021330454        2.78870672515139     
   1.99845940664303        2.85393741600144     
   2.00000859998151        2.91992221877020     
   2.00155779331999        2.98666113345769     
   2.00310698665848        3.05415416006391     
   2.00465617999696        3.12240129858885     
   2.00620537333544        3.19140254903252     
   2.00775456667392        3.26115791139492     
   2.00930376001241        3.33166738567604     
   2.01085295335089        3.40293097187588     
   2.01240214668937        3.47494866999445     
   2.01395134002786        3.54772048003175     
   2.01550053336634        3.62124640198777     
   2.01704972670482        3.69552643586252     
   2.01859892004331        3.77056058165599     
   2.02014811338179        3.84634883936819     
   2.02169730672027        3.92289120899911     
   2.02324650005875        4.00018769054876     
   2.02479569339724        4.07823828401713     
   2.02634488673572        4.15704298940423     
   2.02789408007420        4.23660180671006     
   2.02944327341269        4.31691473593461     
   2.03099246675117        4.39798177707789     
   2.03254166008965        4.47980293013989     
   2.03409085342814        4.56237819512062     
   2.03564004676662        4.64570757202007     
   2.03718924010510        4.72979106083825     
   2.03873843344358        4.81462866157516     
   2.04028762678207        4.90022037423079     
   2.04183682012055        4.98656619880514     
   2.04338601345903        5.07366613529822     
   2.04493520679752        5.16152018371003     
   2.04648440013600        5.25012834404056     
   2.04803359347448        5.33949061628982     
   2.04958278681297        5.42960700045780     
   2.05113198015145        5.52047749654451     
   2.05268117348993        5.61210210454994     
   2.05423036682841        5.70448082447410     
   2.05577956016690        5.79761365631699     
   2.05732875350538        5.89150060007860     
   2.05887794684386        5.98614165575894     
   2.06042714018235        6.08153682335800     
   2.06197633352083        6.17768610287578     
   2.06352552685931        6.27458949431230     
   2.06507472019779        6.37224699766754     
   2.06662391353628        6.47065861294150     
   2.06817310687476        6.56982434013419     
   2.06972230021324        6.66974417924560     
   2.07127149355173        6.77041813027574     
   2.07282068689021        6.87184619322461     
   2.07436988022869        6.97402836809220     
   2.07591907356718        7.07696465487852     
   2.07746826690566        7.18065505358356     
   2.07901746024414        7.28509956420733     
   2.08056665358262        7.39029818674982     
   2.08211584692111        7.49625092121104     
   2.08366504025959        7.60295776759099     
   2.08521423359807        7.71041872588965     
   2.08676342693656        7.81863379610705     
   2.08831262027504        7.92760297824317     
   2.08986181361352        8.03732627229802     
   2.09141100695201        8.14780367827159     
   2.09296020029049        8.25903519616389     
   2.09450939362897        8.37102082597491     
   2.09605858696745        8.48376056770466     
   2.09760778030594        8.59725442135314     
   2.09915697364442        8.71150238692033     
   2.10070616698290        8.82650446440626     
   2.10225536032139        8.94226065381091     
   2.10380455365987        9.05877095513429     
   2.10535374699835        9.17603536837639     
   2.10690294033683        9.29405389353722     
   2.10845213367532        9.41282653061677     
   2.11000132701380        9.53235327961505     
   2.11155052035228        9.65263414053205     
   2.11309971369077        9.77366911336778     
   2.11464890702925        9.89545819812223     
   2.11619810036773        10.0180013947954     
   2.11774729370622        10.1412987033873     
   2.11929648704470        10.2653501238980     
   2.12084568038318        10.3901556563273     
   2.12239487372166        10.5157153006754     
   2.12394406706015        10.6420290569422     
   2.12549326039863        10.7690969251277     
   2.12704245373711        10.8969189052320     
   2.12859164707560        11.0254949972550     
   2.13014084041408        11.1548252011967     
   2.13169003375256        11.2849095170571     
   2.13323922709105        11.4157479448363     
   2.13478842042953        11.5473404845342     
   2.13633761376801        11.6796871361508     
   2.13788680710649        11.8127878996861     
   2.13943600044498        11.9466427751402     
   2.14098519378346        12.0812517625130     
   2.14253438712194        12.2166148618045     
   2.14408358046043        12.3527320730147     
   2.14563277379891        12.4896033961437     
   2.14718196713739        12.6272288311914     
   2.14873116047587        12.7656083781578     
   2.15028035381436        12.9047420370429     
   2.15182954715284        13.0446298078468     
   2.15337874049132        13.1852716905694     
   2.15492793382981        13.3266676852107     
   2.15647712716829        13.4688177917708     
   2.15802632050677        13.6117220102495     
   2.15957551384526        13.7553803406470     
   2.16112470718374        13.8997927829633     
   2.16267390052222        14.0449593371982     
   2.16422309386070        14.1908800033519     
   2.16577228719919        14.3375547814243     
   2.16732148053767        14.4849836714154     
   2.16887067387615        14.6331666733252     
   2.17041986721464        14.7821037871538     
   2.17196906055312        14.7821018503716     
   2.17351825389160        14.6331647463248     
   2.17506744723009        14.4849817541966     
   2.17661664056857        14.3375528739872     
   2.17816583390705        14.1908781056966     
   2.17971502724553        14.0449574493246     
   2.18126422058402        13.8997909048714     
   2.18281341392250        13.7553784723369     
   2.18436260726098        13.6117201517211     
   2.18591180059947        13.4688159430241     
   2.18746099393795        13.3266658462458     
   2.18901018727643        13.1852698613862     
   2.19055938061492        13.0446279884453     
   2.19210857395340        12.9047402274232     
   2.19365776729188        12.7656065783198     
   2.19520696063036        12.6272270411351     
   2.19675615396885        12.4896016158691     
   2.19830534730733        12.3527303025219     
   2.19985454064581        12.2166131010934     
   2.20140373398430        12.0812500115836     
   2.20295292732278        11.9466410339925     
   2.20450212066126        11.8127861683202     
   2.20605131399974        11.6796854145666     
   2.20760050733823        11.5473387727317     
   2.20914970067671        11.4157462428155     
   2.21069889401519        11.2849078248181     
   2.21224808735368        11.1548235187394     
   2.21379728069216        11.0254933245794     
   2.21534647403064        10.8969172423382     
   2.21689566736913        10.7690952720156     
   2.21844486070761        10.6420274136118     
   2.21999405404609        10.5157136671267     
   2.22154324738457        10.3901540325604     
   2.22309244072306        10.2653485099128     
   2.22464163406154        10.1412970991839     
   2.22619082740002        10.0179998003737     
   2.22774002073851        9.89545661348223     
   2.22928921407699        9.77366753850950     
   2.23083840741547        9.65263257545550     
   2.23238760075396        9.53235172432023     
   2.23393679409244        9.41282498510368     
   2.23548598743092        9.29405235780585     
   2.23703518076940        9.17603384242675     
   2.23858437410789        9.05876943896638     
   2.24013356744637        8.94225914742473     
   2.24168276078485        8.82650296780181     
   2.24323195412334        8.71150090009761     
   2.24478114746182        8.59725294431214     
   2.24633034080030        8.48375910044539     
   2.24787953413878        8.37101936849737     
   2.24942872747727        8.25903374846808     
   2.25097792081575        8.14780224035751     
   2.25252711415423        8.03732484416566     
   2.25407630749272        7.92760155989254     
   2.25562550083120        7.81863238753815     
   2.25717469416968        7.71041732710248     
   2.25872388750817        7.60295637858554     
   2.26027308084665        7.49624954198732     
   2.26182227418513        7.39029681730783     
   2.26337146752361        7.28509820454707     
   2.26492066086210        7.18065370370503     
   2.26646985420058        7.07696331478171     
   2.26801904753906        6.97402703777712     
   2.26956824087755        6.87184487269126     
   2.27111743421603        6.77041681952412     
   2.27266662755451        6.66974287827571     
   2.27421582089300        6.56982304894602     
   2.27576501423148        6.47065733153506     
   2.27731420756996        6.37224572604283     
   2.27886340090844        6.27458823246932     
   2.28041259424693        6.17768485081453     
   2.28196178758541        6.08153558107847     
   2.28351098092389        5.98614042326114     
   2.28506017426238        5.89149937736253     
   2.28660936760086        5.79761244338265     
   2.28815856093934        5.70447962132149     
   2.28970775427783        5.61210091117906     
   2.29125694761631        5.52047631295535     
   2.29280614095479        5.42960582665037     
   2.29435533429327        5.33948945226412     
   2.29590452763176        5.25012718979659     
   2.29745372097024        5.16151903924778     
   2.29900291430872        5.07366500061771     
   2.30055210764721        4.98656507390635     
   2.30210130098569        4.90021925911373     
   2.30365049432417        4.81462755623982     
   2.30519968766265        4.72978996528465     
   2.30674888100114        4.64570648624820     
   2.30829807433962        4.56237711913047     
   2.30984726767810        4.47980186393147     
   2.31139646101659        4.39798072065120     
   2.31294565435507        4.31691368928965     
   2.31449484769355        4.23660076984682     
   2.31604404103204        4.15704196232273     
   2.31759323437052        4.07823726671735     
   2.31914242770900        4.00018668303071     
   2.32069162104748        3.92289021126279     
   2.32224081438597        3.84634785141359     
   2.32379000772445        3.77055960348312     
   2.32533920106293        3.69552546747138     
   2.32688839440142        3.62124544337836     
   2.32843758773990        3.54771953120406     
   2.32998678107838        3.47494773094850     
   2.33153597441687        3.40293004261165     
   2.33308516775535        3.33166646619354     
   2.33463436109383        3.26115700169414     
   2.33618355443231        3.19140164911348     
   2.33773274777080        3.12240040845154     
   2.33928194110928        3.05415327970832     
   2.34083113444776        2.98666026288383     
   2.34238032778625        2.91992135797807     
   2.34392952112473        2.85393656499103     
   2.34547871446321        2.78870588392272     
   2.34702790780169        2.72422931477313     
   2.34857710114018        2.66050685754227     
   2.35012629447866        2.59753851223013     
   2.35167548781714        2.53532427883672     
   2.35322468115563        2.47386415736204     
   2.35477387449411        2.41315814780608     
   2.35632306783259        2.35320625016884     
   2.35787226117108        2.29400846445034     
   2.35942145450956        2.23556479065055     
   2.36097064784804        2.17787522876950     
   2.36251984118652        2.12093977880716     
   2.36406903452501        2.06475844076356     
   2.36561822786349        2.00933121463868     
   2.36716742120197        1.95465810043252     
   2.36871661454046        1.90073909814509     
   2.37026580787894        1.84757420777639     
   2.37181500121742        1.79516342932641     
   2.37336419455591        1.74350676279515     
   2.37491338789439        1.69260420818263     
   2.37646258123287        1.64245576548882     
   2.37801177457135        1.59306143471375     
   2.37956096790984        1.54442121585740     
   2.38111016124832        1.49653510891977     
   2.38265935458680        1.44940311390087     
   2.38420854792529        1.40302523080069     
   2.38575774126377        1.35740145961925     
   2.38730693460225        1.31253180035652     
   2.38885612794073        1.26841625301252     
   2.39040532127922        1.22505481758725     
   2.39195451461770        1.18244749408070     
   2.39350370795618        1.14059428249288     
   2.39505290129467        1.09949518282379     
   2.39660209463315        1.05915019507342     
   2.39815128797163        1.01955931924177     
   2.39970048131012       0.980722555328851     
   2.40124967464860       0.942639903334657     
   2.40279886798708       0.905311363259188     
   2.40434806132556       0.868736935102445     
   2.40589725466405       0.832916618864428     
   2.40744644800253       0.797850414545136     
   2.40899564134101       0.763538322144570     
   2.41054483467950       0.729980341662729     
   2.41209402801798       0.697176473099614     
   2.41364322135646       0.665126716455224     
   2.41519241469495       0.633831071729560     
   2.41674160803343       0.603289538922621     
   2.41829080137191       0.573502118034408     
   2.41983999471039       0.544468809064920     
   2.42138918804888       0.516189612014158     
   2.42293838138736       0.488664526882121     
   2.42448757472584       0.461893553668810     
   2.42603676806433       0.435876692374224     
   2.42758596140281       0.410613942998364     
   2.42913515474129       0.386105305541230     
   2.43068434807978       0.362350780002821     
   2.43223354141826       0.339350366383138     
   2.43378273475674       0.317104064682180     
   2.43533192809522       0.295611874899947     
   2.43688112143371       0.274873797036440     
   2.43843031477219       0.254889831091659     
   2.43997950811067       0.235659977065603     
   2.44152870144916       0.217184234958273     
   2.44307789478764       0.199462604769668     
   2.44462708812612       0.182495086499789     
   2.44617628146460       0.166281680148635     
   2.44772547480309       0.150822385716207     
   2.44927466814157       0.136117203202504     
   2.45082386148005       0.122166132607527     
   2.45237305481854       0.108969173931275     
   2.45392224815702       9.652632717374873E-002
   2.45547144149550       8.483759233494804E-002
   2.45702063483399       7.390296941487286E-002
   2.45856982817247       6.372245841352320E-002
   2.46011902151095       5.429605933089907E-002
   2.46166821484943       4.562377216700046E-002
   2.46321740818792       3.770559692182736E-002
   2.46476660152640       3.054153359537978E-002
   2.46631579486488       2.413158218765774E-002
   2.46786498820337       1.847574269866120E-002
   2.46941418154185       1.357401512839019E-002
   2.47096337488033       9.426399476844696E-003
   2.47251256821882       6.032895744024719E-003
   2.47406176155730       3.393503929930262E-003
   2.47561095489578       1.508224034561324E-003
   2.47716014823426       3.770560579179057E-004
   2.47870934157275       6.440102135161828E-018
   2.48025853491123       3.770558608076264E-004
   2.48180772824971       1.508223640340765E-003
   2.48335692158820       3.393503338599424E-003
   2.48490611492668       6.032894955583602E-003
   2.48645530826516       9.426398491293297E-003
   2.48800450160364       1.357401394572851E-002
   2.48955369494213       1.847574131888925E-002
   2.49110288828061       2.413158061077550E-002
   2.49265208161909       3.054153182138727E-002
   2.49420127495758       3.770559495072456E-002
   2.49575046829606       4.562376999878737E-002
   2.49729966163454       5.429605696557571E-002
   2.49884885497303       6.372245585108957E-002
   2.50039804831151       7.390296665532894E-002
   2.50194724164999       8.483758937829385E-002
   2.50349643498847       9.652632401998426E-002
   2.50504562832696       0.108969170580400     
   2.50659482166544       0.122166129059542     
   2.50814401500392       0.136117199457409     
   2.50969320834241       0.150822381774001     
   2.51124240168089       0.166281676009319     
   2.51279159501937       0.182495082163362     
   2.51434078835786       0.199462600236131     
   2.51588998169634       0.217184230227626     
   2.51743917503482       0.235659972137846     
   2.51898836837330       0.254889825966792     
   2.52053756171179       0.274873791714463     
   2.52208675505027       0.295611869380859     
   2.52363594838875       0.317104058965981     
   2.52518514172724       0.339350360469829     
   2.52673433506572       0.362350773892402     
   2.52828352840420       0.386105299233701     
   2.52983272174269       0.410613936493725     
   2.53138191508117       0.435876685672475     
   2.53293110841965       0.461893546769950     
   2.53448030175813       0.488664519786151     
   2.53602949509662       0.516189604721078     
   2.53757868843510       0.544468801574729     
   2.53912788177358       0.573502110347107     
   2.54067707511207       0.603289531038210     
   2.54222626845055       0.633831063648038     
   2.54377546178903       0.665126708176592     
   2.54532465512751       0.697176464623872     
   2.54687384846600       0.729980332989877     
   2.54842304180448       0.763538313274607     
   2.54997223514296       0.797850405478063     
   2.55152142848145       0.832916609600245     
   2.55307062181993       0.868736925641152     
   2.55461981515841       0.905311353600785     
   2.55616900849690       0.942639893479143     
   2.55771820183538       0.980722545276227     
   2.55926739517386        1.01955930899204     
   2.56081658851234        1.05915018462657     
   2.56236578185083        1.09949517217983     
   2.56391497518931        1.14059427165182     
   2.56546416852779        1.18244748304253     
   2.56701336186628        1.22505480635196     
   2.56856255520476        1.26841624158013     
   2.57011174854324        1.31253178872701     
   2.57166094188173        1.35740144779263     
   2.57321013522021        1.40302521877697     
   2.57475932855869        1.44940310168003     
   2.57630852189717        1.49653509650182     
   2.57785771523566        1.54442120324234     
   2.57940690857414        1.59306142190158     
   2.58095610191262        1.64245575247954     
   2.58250529525111        1.69260419497624     
   2.58405448858959        1.74350674939165     
   2.58560368192807        1.79516341572580     
   2.58715287526655        1.84757419397867     
   2.58870206860504        1.90073908415026     
   2.59025126194352        1.95465808624058     
   2.59180045528200        2.00933120024962     
   2.59334964862049        2.06475842617740     
   2.59489884195897        2.12093976402389     
   2.59644803529745        2.17787521378911     
   2.59799722863594        2.23556477547306     
   2.59954642197442        2.29400844907573     
   2.60109561531290        2.35320623459713     
   2.60264480865138        2.41315813203726     
   2.60419400198987        2.47386414139611     
   2.60574319532835        2.53532426267368     
   2.60729238866683        2.59753849586998     
   2.60884158200532        2.66050684098501     
   2.61039077534380        2.72422929801876     
   2.61193996868228        2.78870586697124     
   2.61348916202077        2.85393654784244     
   2.61503835535925        2.91992134063237     
   2.61658754869773        2.98666024534102     
   2.61813674203621        3.05415326196840     
   2.61968593537470        3.12240039051450     
   2.62123512871318        3.19140163097933     
   2.62278432205166        3.26115698336289     
   2.62433351539015        3.33166644766517     
   2.62588270872863        3.40293002388618     
   2.62743190206711        3.47494771202591     
   2.62898109540559        3.54771951208437     
   2.63053028874408        3.62124542406155     
   2.63207948208256        3.69552544795746     
   2.63362867542104        3.77055958377209     
   2.63517786875953        3.84634783150545     
   2.63672706209801        3.92289019115754     
   2.63827625543649        4.00018666272835     
   2.63982544877498        4.07823724621789     
   2.64137464211346        4.15704194162615     
   2.64292383545194        4.23660074895313     
   2.64447302879042        4.31691366819885     
   2.64602222212891        4.39798069936329     
   2.64757141546739        4.47980184244645     
   2.64912060880587        4.56237709744834     
   2.65066980214436        4.64570646436896     
   2.65221899548284        4.72978994320829     
   2.65376818882132        4.81462753396636     
   2.65531738215981        4.90021923664315     
   2.65686657549829        4.98656505123867     
   2.65841576883677        5.07366497775291     
   2.65996496217525        5.16151901618588     
   2.66151415551374        5.25012716653757     
   2.66306334885222        5.33948942880799     
   2.66461254219070        5.42960580299714     
   2.66616173552919        5.52047628910501     
   2.66771092886767        5.61210088713160     
   2.66926012220615        5.70447959707693     
   2.67080931554463        5.79761241894097     
   2.67235850888312        5.89149935272375     
   2.67390770222160        5.98614039842524     
   2.67545689556008        6.08153555604547     
   2.67700608889857        6.17768482558442     
   2.67855528223705        6.27458820704209     
   2.68010447557553        6.37224570041849     
   2.68165366891402        6.47065730571362     
   2.68320286225250        6.56982302292746     
   2.68475205559098        6.66974285206004     
   2.68630124892946        6.77041679311134     
   2.68785044226795        6.87184484608137     
   2.68939963560643        6.97402701097012     
   2.69094882894491        7.07696328777760     
   2.69249802228340        7.18065367650381     
   2.69404721562188        7.28509817714874     
   2.69559640896036        7.39029678971239     
   2.69714560229885        7.49624951419477     
   2.69869479563733        7.60295635059588     
   2.70024398897581        7.71041729891571     
   2.70179318231429        7.81863235915427     
   2.70334237565278        7.92760153131155     
   2.70489156899126        8.03732481538756     
   2.70644076232974        8.14780221138229     
   2.70798995566823        8.25903371929575     
   2.70953914900671        8.37101933912794     
   2.71108834234519        8.48375907087885     
   2.71263753568367        8.59725291454848     
   2.71418672902216        8.71150087013685     
   2.71573592236064        8.82650293764393     
   2.71728511569912        8.94225911706975     
   2.71883430903761        9.05876940841428     
   2.72038350237609        9.17603381167755     
   2.72193269571457        9.29405232685954     
   2.72348188905306        9.41282495396025     
   2.72503108239154        9.53235169297969     
   2.72658027573002        9.65263254391786     
   2.72812946906850        9.77366750677475     
   2.72967866240699        9.89545658155036     
   2.73122785574547        10.0179997682447     
   2.73277704908395        10.1412970668578     
   2.73432624242244        10.2653484773896     
   2.73587543576092        10.3901539998401     
   2.73742462909940        10.5157136342093     
   2.73897382243789        10.6420273804973     
   2.74052301577637        10.7690952387040     
   2.74207220911485        10.8969172088294     
   2.74362140245333        11.0254932908736     
   2.74517059579182        11.1548234848364     
   2.74671978913030        11.2849077907180     
   2.74826898246878        11.4157462085184     
   2.74981817580727        11.5473387382374     
   2.75136736914575        11.6796853798752     
   2.75291656248423        11.8127861334317     
   2.75446575582272        11.9466409989069     
   2.75601494916120        12.0812499763009     
   2.75756414249968        12.2166130656135     
   2.75911333583816        12.3527302668449     
   2.76066252917665        12.4896015799951     
   2.76221172251513        12.6272270050639     
   2.76376091585361        12.7656065420515     
   2.76531010919210        12.9047401909578     
   2.76685930253058        13.0446279517828     
   2.76840849586906        13.1852698245266     
   2.76995768920754        13.3266658091891     
   2.77150688254603        13.4688159057703     
   2.77305607588451        13.6117201142702     
   2.77460526922299        13.7553784346889     
   2.77615446256148        13.8997908670262     
   2.77770365589996        14.0449574112823     
   2.77925284923844        14.1908780674572     
   2.78080204257693        14.3375528355507     
   2.78235123591541        14.4849817155630     
   2.78390042925389        14.6331647074940     
   2.78544962259237        14.6331627902016     
   2.78699881593086        14.4849798080030     
   2.78854800926934        14.3375509377232     
   2.79009720260782        14.1908761793621     
   2.79164639594631        14.0449555329197     
   2.79319558928479        13.8997889983961     
   2.79474478262327        13.7553765757911     
   2.79629397596176        13.6117182651049     
   2.79784316930024        13.4688140663374     
   2.79939236263872        13.3266639794887     
   2.80094155597720        13.1852680045587     
   2.80249074931569        13.0446261415473     
   2.80403994265417        12.9047383904548     
   2.80558913599265        12.7656047512809     
   2.80713832933114        12.6272252240258     
   2.80868752266962        12.4895998086894     
   2.81023671600810        12.3527285052717     
   2.81178590934658        12.2166113137727     
   2.81333510268507        12.0812482341925     
   2.81488429602355        11.9466392665310     
   2.81643348936203        11.8127844107882     
   2.81798268270052        11.6796836669642     
   2.81953187603900        11.5473370350589     
   2.82108106937748        11.4157445150723     
   2.82263026271597        11.2849061070044     
   2.82417945605445        11.1548218108552     
   2.82572864939293        11.0254916266248     
   2.82727784273141        10.8969155543131     
   2.82882703606990        10.7690935939202     
   2.83037622940838        10.6420257454459     
   2.83192542274686        10.5157120088904     
   2.83347461608535        10.3901523842536     
   2.83502380942383        10.2653468715355     
   2.83657300276231        10.1412954707362     
   2.83812219610080        10.0179981818556     
   2.83967138943928        9.89545500489367     
   2.84122058277776        9.77366593985050     
   2.84276977611624        9.65263098672606     
   2.84431896945473        9.53235014552034     
   2.84586816279321        9.41282341623335     
   2.84741735613169        9.29405079886508     
   2.84896654947018        9.17603229341554     
   2.85051574280866        9.05876789988473     
   2.85206493614714        8.94225761827264     
   2.85361412948562        8.82650144857928     
   2.85516332282411        8.71149939080464     
   2.85671251616259        8.59725144494873     
   2.85826170950107        8.48375761101154     
   2.85981090283956        8.37101788899308     
   2.86136009617804        8.25903227889334     
   2.86290928951652        8.14780078071233     
   2.86445848285501        8.03732339445005     
   2.86600767619349        7.92760012010649     
   2.86755686953197        7.81863095768166     
   2.86910606287045        7.71041590717555     
   2.87065525620894        7.60295496858816     
   2.87220444954742        7.49624814191951     
   2.87375364288590        7.39029542716958     
   2.87530283622439        7.28509682433837     
   2.87685202956287        7.18065233342589     
   2.87840122290135        7.07696195443213     
   2.87995041623984        6.97402568735711     
   2.88149960957832        6.87184353220080     
   2.88304880291680        6.77041548896322     
   2.88459799625528        6.66974155764437     
   2.88614718959377        6.56982173824424     
   2.88769638293225        6.47065603076284     
   2.88924557627073        6.37224443520016     
   2.89079476960922        6.27458695155621     
   2.89234396294770        6.17768357983099     
   2.89389315628618        6.08153432002449     
   2.89544234962466        5.98613917213671     
   2.89699154296315        5.89149813616767     
   2.89854073630163        5.79761121211734     
   2.90008992964011        5.70447839998574     
   2.90163912297860        5.61209969977287     
   2.90318831631708        5.52047511147873     
   2.90473750965556        5.42960463510330     
   2.90628670299405        5.33948827064661     
   2.90783589633253        5.25012601810864     
   2.90938508967101        5.16151787748939     
   2.91093428300949        5.07366384878887     
   2.91248347634798        4.98656393200708     
   2.91403266968646        4.90021812714401     
   2.91558186302494        4.81462643419967     
   2.91713105636343        4.72978885317405     
   2.91868024970191        4.64570538406716     
   2.92022944304039        4.56237602687900     
   2.92177863637888        4.47980078160956     
   2.92332782971736        4.39797964825884     
   2.92487702305584        4.31691262682685     
   2.92642621639432        4.23659971731359     
   2.92797540973281        4.15704091971905     
   2.92952460307129        4.07823623404324     
   2.93107379640977        4.00018566028615     
   2.93262298974826        3.92288919844779     
   2.93417218308674        3.84634684852815     
   2.93572137642522        3.77055861052724     
   2.93727056976370        3.69552448444506     
   2.93881976310219        3.62124447028160     
   2.94036895644067        3.54771856803686     
   2.94191814977915        3.47494677771085     
   2.94346734311764        3.40292909930357     
   2.94501653645612        3.33166553281501     
   2.94656572979460        3.26115607824518     
   2.94811492313309        3.19140073559407     
   2.94966411647157        3.12239950486169     
   2.95121330981005        3.05415238604804     
   2.95276250314853        2.98665937915311     
   2.95431169648702        2.91992048417690     
   2.95586088982550        2.85393570111943     
   2.95741008316398        2.78870502998067     
   2.95895927650247        2.72422847076064     
   2.96050846984095        2.66050602345934     
   2.96205766317943        2.59753768807676     
   2.96360685651792        2.53532346461291     
   2.96515604985640        2.47386335306779     
   2.96670524319488        2.41315735344139     
   2.96825443653336        2.35320546573371     
   2.96980362987185        2.29400768994476     
   2.97135282321033        2.23556402607454     
   2.97290201654881        2.17787447412304     
   2.97445120988730        2.12093903409027     
   2.97600040322578        2.06475770597622     
   2.97754959656426        2.00933048978090     
   2.97909878990275        1.95465738550430     
   2.98064798324123        1.90073839314643     
   2.98219717657971        1.84757351270729     
   2.98374636991819        1.79516274418687     
   2.98529556325668        1.74350608758518     
   2.98684475659516        1.69260354290221     
   2.98839394993364        1.64245511013796     
   2.98994314327213        1.59306078929245     
   2.99149233661061        1.54442058036566     
   2.99304152994909        1.49653448335759     
   2.99459072328757        1.44940249826825     
   2.99613991662606        1.40302462509763     
   2.99768910996454        1.35740086384574     
   2.99923830330302        1.31253121451258     
   3.00078749664151        1.26841567709814     
   3.00233668997999        1.22505425160243     
   3.00388588331847        1.18244693802544     
   3.00543507665696        1.14059373636718     
   3.00698426999544        1.09949464662764     
   3.00853346333392        1.05914966880683     
   3.01008265667240        1.01955880290474     
   3.01163185001089       0.980722048921384     
   3.01318104334937       0.942639406856749     
   3.01473023668785       0.905310876710840     
   3.01627943002634       0.868736458483657     
   3.01782862336482       0.832916152175199     
   3.01937781670330       0.797849957785466     
   3.02092701004179       0.763537875314459     
   3.02247620338027       0.729979904762178     
   3.02402539671875       0.697176046128622     
   3.02557459005723       0.665126299413792     
   3.02712378339572       0.633830664617687     
   3.02867297673420       0.603289141740308     
   3.03022217007268       0.573501730781654     
   3.03177136341117       0.544468431741726     
   3.03332055674965       0.516189244620523     
   3.03486975008813       0.488664169418046     
   3.03641894342661       0.461893206134294     
   3.03796813676510       0.435876354769268     
   3.03951733010358       0.410613615322967     
   3.04106652344206       0.386104987795392     
   3.04261571678055       0.362350472186543     
   3.04416491011903       0.339350068496419     
   3.04571410345751       0.317103776725020     
   3.04726329679600       0.295611596872347     
   3.04881249013448       0.274873528938400     
   3.05036168347296       0.254889572923178     
   3.05191087681144       0.235659728826681     
   3.05346007014993       0.217183996648910     
   3.05500926348841       0.199462376389865     
   3.05655845682689       0.182494868049545     
   3.05810765016538       0.166281471627951     
   3.05965684350386       0.150822187125082     
   3.06120603684234       0.136117014540939     
   3.06275523018083       0.122165953875521     
   3.06430442351931       0.108969005128829     
   3.06585361685779       9.652616830086184E-002
   3.06740281019627       8.483744339162058E-002
   3.06895200353476       7.390283040110485E-002
   3.07050119687324       6.372232932931463E-002
   3.07205039021172       5.429594017624993E-002
   3.07359958355021       4.562366294191075E-002
   3.07514877688869       3.770549762629708E-002
   3.07669797022717       3.054144422940894E-002
   3.07824716356565       2.413150275124633E-002
   3.07979635690414       1.847567319180923E-002
   3.08134555024262       1.357395555109766E-002
   3.08289474358110       9.426349829111596E-003
   3.08444393691959       6.032856025851054E-003
   3.08599313025807       3.393474141316032E-003
   3.08754232359655       1.508204175506529E-003
   3.08909151693504       3.770461284225454E-004
   3.09064071027352       6.408110192557430E-014
   3.09218990361200       3.770657904311360E-004
   3.09373909695048       1.508243499523710E-003
   3.09528829028897       3.393533127341803E-003
