  0.000000000000000E+000  1.633628179866693E-002
  1.549193338482967E-003  2.167708328173121E-002
  3.098386676965934E-003  2.777199668352102E-002
  4.647580015448901E-003  3.462102200403636E-002
  6.196773353931867E-003  4.222415924327721E-002
  7.745966692414834E-003  5.058140840124357E-002
  9.295160030897802E-003  5.969276947793548E-002
  1.084435336938077E-002  6.955824247335288E-002
  1.239354670786373E-002  8.017782738749582E-002
  1.394274004634670E-002  9.155152422036428E-002
  1.549193338482967E-002  0.103679332971958     
  1.704112672331264E-002  0.116561253642278     
  1.859032006179560E-002  0.130197286231323     
  2.013951340027857E-002  0.144587430739093     
  2.168870673876154E-002  0.159731687165589     
  2.323790007724450E-002  0.175630055510811     
  2.478709341572747E-002  0.192282535774758     
  2.633628675421044E-002  0.209689127957430     
  2.788548009269340E-002  0.227849832058828     
  2.943467343117637E-002  0.246764648078952     
  3.098386676965934E-002  0.266433576017801     
  3.253306010814230E-002  0.286856615875376     
  3.408225344662527E-002  0.308033767651676     
  3.563144678510824E-002  0.329965031346702     
  3.718064012359121E-002  0.352650406960453     
  3.872983346207417E-002  0.376089894492930     
  4.027902680055714E-002  0.400283493944132     
  4.182822013904011E-002  0.425231205314060     
  4.337741347752307E-002  0.450933028602713     
  4.492660681600604E-002  0.477388963810092     
  4.647580015448900E-002  0.504599010936196     
  4.802499349297197E-002  0.532563169981026     
  4.957418683145494E-002  0.561281440944582     
  5.112338016993791E-002  0.590753823826863     
  5.267257350842088E-002  0.620980318627869     
  5.422176684690384E-002  0.651960925347601     
  5.577096018538680E-002  0.683695643986059     
  5.732015352386977E-002  0.716184474543242     
  5.886934686235274E-002  0.749427417019150     
  6.041854020083571E-002  0.783424471413784     
  6.196773353931867E-002  0.818175637727144     
  6.351692687780164E-002  0.853680915959229     
  6.506612021628461E-002  0.889940306110040     
  6.661531355476757E-002  0.926953808179576     
  6.816450689325054E-002  0.964721422167838     
  6.971370023173351E-002   1.00324314807482     
  7.126289357021648E-002   1.04251898590054     
  7.281208690869945E-002   1.08254893564498     
  7.436128024718242E-002   1.12333299730814     
  7.591047358566537E-002   1.16487117089003     
  7.745966692414834E-002   1.20716345639064     
  7.900886026263131E-002   1.25020985380998     
  8.055805360111427E-002   1.29401036314805     
  8.210724693959724E-002   1.33856498440484     
  8.365644027808021E-002   1.38387371758036     
  8.520563361656318E-002   1.42993656267460     
  8.675482695504615E-002   1.47675351968757     
  8.830402029352911E-002   1.52432458861926     
  8.985321363201208E-002   1.57264976946968     
  9.140240697049504E-002   1.62172906223883     
  9.295160030897801E-002   1.67156246692670     
  9.450079364746097E-002   1.72214998353329     
  9.604998698594394E-002   1.77349161205861     
  9.759918032442691E-002   1.82558735250266     
  9.914837366290988E-002   1.87843720486543     
  0.100697567001393        1.93204116914693     
  0.102246760339876        1.98639924534715     
  0.103795953678359        2.04151143346610     
  0.105345147016842        2.09737773350378     
  0.106894340355325        2.15399814546018     
  0.108443533693808        2.21137266933530     
  0.109992727032291        2.26950130512915     
  0.111541920370774        2.32838405284173     
  0.113091113709257        2.38802091247303     
  0.114640307047740        2.44841188402306     
  0.116189500386223        2.50955696749181     
  0.117738693724705        2.57145616287929     
  0.119287887063188        2.63410947018549     
  0.120837080401671        2.69751688941042     
  0.122386273740154        2.76167842055408     
  0.123935467078637        2.82659406361646     
  0.125484660417120        2.89226381859756     
  0.127033853755603        2.95868768549740     
  0.128583047094086        3.02586566431595     
  0.130132240432569        3.09379775505324     
  0.131681433771052        3.16248395770924     
  0.133230627109535        3.23192427228398     
  0.134779820448018        3.30211869877744     
  0.136329013786501        3.37306723718962     
  0.137878207124984        3.44476988752053     
  0.139427400463467        3.51722664977017     
  0.140976593801950        3.59043752393853     
  0.142525787140433        3.66440251002562     
  0.144074980478916        3.73912160803143     
  0.145624173817399        3.81459481795597     
  0.147173367155882        3.89082213979923     
  0.148722560494365        3.96780357356122     
  0.150271753832848        4.04553911924193     
  0.151820947171331        4.12402877684137     
  0.153370140509814        4.20327254635954     
  0.154919333848297        4.28327042779643     
  0.156468527186780        4.36402242115205     
  0.158017720525263        4.44552852642639     
  0.159566913863746        4.52778874361946     
  0.161116107202229        4.61080307273125     
  0.162665300540712        4.69457151376177     
  0.164214493879194        4.77909406671101     
  0.165763687217677        4.86437073157898     
  0.167312880556160        4.95040150836568     
  0.168862073894643        5.03718639707110     
  0.170411267233126        5.12472539769524     
  0.171960460571609        5.21301851023811     
  0.173509653910092        5.30206573469971     
  0.175058847248575        5.39186707108003     
  0.176608040587058        5.48242251937908     
  0.178157233925541        5.57373207959686     
  0.179706427264024        5.66579575173336     
  0.181255620602507        5.75861353578858     
  0.182804813940990        5.85218543176253     
  0.184354007279473        5.94651143965521     
  0.185903200617956        6.04159155946661     
  0.187452393956439        6.13742579119674     
  0.189001587294922        6.23401413484559     
  0.190550780633405        6.33135659041317     
  0.192099973971888        6.42945315789947     
  0.193649167310371        6.52830383730450     
  0.195198360648854        6.62790862862825     
  0.196747553987337        6.72826753187073     
  0.198296747325820        6.82938054703194     
  0.199845940664303        6.93124767411187     
  0.201395134002786        7.03386891311053     
  0.202944327341269        7.13724426402791     
  0.204493520679752        7.24137372686402     
  0.206042714018235        7.34625730161885     
  0.207591907356718        7.45189498829241     
  0.209141100695201        7.55828678688469     
  0.210690294033684        7.66543269739570     
  0.212239487372166        7.77333271982544     
  0.213788680710649        7.88198685417390     
  0.215337874049132        7.99139510044108     
  0.216887067387615        8.10155745862700     
  0.218436260726098        8.21247392873163     
  0.219985454064581        8.32414451075500     
  0.221534647403064        8.43656920469708     
  0.223083840741547        8.54974801055790     
  0.224633034080030        8.66368092833744     
  0.226182227418513        8.77836795803571     
  0.227731420756996        8.89380909965270     
  0.229280614095479        9.01000435318841     
  0.230829807433962        9.12695371864285     
  0.232379000772445        9.24465719601602     
  0.233928194110928        9.36311478530791     
  0.235477387449411        9.48232648651853     
  0.237026580787894        9.60229229964787     
  0.238575774126377        9.72301222469594     
  0.240124967464860        9.84448626166274     
  0.241674160803343        9.96671441054826     
  0.243223354141826        10.0896966713525     
  0.244772547480309        10.2134330440755     
  0.246321740818792        10.3379235287172     
  0.247870934157275        10.4631681252776     
  0.249420127495758        10.5891668337567     
  0.250969320834241        10.7159196541546     
  0.252518514172724        10.8434265864712     
  0.254067707511207        10.9716876307065     
  0.255616900849690        11.1007027868606     
  0.257166094188172        11.2304720549334     
  0.258715287526655        11.3609954349249     
  0.260264480865138        11.4922729268351     
  0.261813674203621        11.6243045306640     
  0.263362867542104        11.7570902464117     
  0.264912060880587        11.8906300740781     
  0.266461254219070        12.0249240136633     
  0.268010447557553        12.1599720651671     
  0.269559640896036        12.2957742285897     
  0.271108834234519        12.4323305039310     
  0.272658027573002        12.5696408911910     
  0.274207220911485        12.7077053903698     
  0.275756414249968        12.8465240014673     
  0.277305607588451        12.9860967244835     
  0.278854800926934        13.1264235594184     
  0.280403994265417        13.2675045062721     
  0.281953187603900        13.4093395650444     
  0.283502380942383        13.5519287357356     
  0.285051574280866        13.6952720183454     
  0.286600767619349        13.8393694128739     
  0.288149960957832        13.9842209193212     
  0.289699154296315        14.1298265376872     
  0.291248347634798        14.2761862679720     
  0.292797540973281        14.4233001101754     
  0.294346734311764        14.5711680642976     
  0.295895927650247        14.7197901303385     
  0.297445120988730        14.8691663082982     
  0.298994314327213        15.0192965981766     
  0.300543507665696        15.1701809999736     
  0.302092701004179        15.3218195136895     
  0.303641894342661        15.3218195134887     
  0.305191087681144        15.1701809997739     
  0.306740281019627        15.0192965979778     
  0.308289474358110        14.8691663081004     
  0.309838667696593        14.7197901301418     
  0.311387861035076        14.5711680641019     
  0.312937054373559        14.4233001099807     
  0.314486247712042        14.2761862677782     
  0.316035441050525        14.1298265374945     
  0.317584634389008        13.9842209191295     
  0.319133827727491        13.8393694126832     
  0.320683021065974        13.6952720181556     
  0.322232214404457        13.5519287355468     
  0.323781407742940        13.4093395648567     
  0.325330601081423        13.2675045060853     
  0.326879794419906        13.1264235592326     
  0.328428987758389        12.9860967242987     
  0.329978181096872        12.8465240012835     
  0.331527374435355        12.7077053901870     
  0.333076567773838        12.5696408910092     
  0.334625761112321        12.4323305037502     
  0.336174954450804        12.2957742284099     
  0.337724147789287        12.1599720649883     
  0.339273341127770        12.0249240134854     
  0.340822534466253        11.8906300739013     
  0.342371727804736        11.7570902462359     
  0.343920921143219        11.6243045304892     
  0.345470114481702        11.4922729266612     
  0.347019307820185        11.3609954347520     
  0.348568501158668        11.2304720547615     
  0.350117694497151        11.1007027866897     
  0.351666887835633        10.9716876305367     
  0.353216081174116        10.8434265863023     
  0.354765274512599        10.7159196539867     
  0.356314467851082        10.5891668335899     
  0.357863661189565        10.4631681251117     
  0.359412854528048        10.3379235285523     
  0.360962047866531        10.2134330439116     
  0.362511241205014        10.0896966711896     
  0.364060434543497        9.96671441038636     
  0.365609627881980        9.84448626150183     
  0.367158821220463        9.72301222453603     
  0.368708014558946        9.60229229948896     
  0.370257207897429        9.48232648636061     
  0.371806401235912        9.36311478515099     
  0.373355594574395        9.24465719586009     
  0.374904787912878        9.12695371848792     
  0.376453981251361        9.01000435303448     
  0.378003174589844        8.89380909949976     
  0.379552367928327        8.77836795788376     
  0.381101561266810        8.66368092818649     
  0.382650754605293        8.54974801040795     
  0.384199947943776        8.43656920454813     
  0.385749141282259        8.32414451060704     
  0.387298334620742        8.21247392858467     
  0.388847527959225        8.10155745848103     
  0.390396721297708        7.99139510029611     
  0.391945914636191        7.88198685402992     
  0.393495107974674        7.77333271968246     
  0.395044301313157        7.66543269725372     
  0.396593494651640        7.55828678674370     
  0.398142687990122        7.45189498815241     
  0.399691881328605        7.34625730147985     
  0.401241074667088        7.24137372672601     
  0.402790268005571        7.13724426389090     
  0.404339461344054        7.03386891297452     
  0.405888654682537        6.93124767397686     
  0.407437848021020        6.82938054689792     
  0.408987041359503        6.72826753173771     
  0.410536234697986        6.62790862849623     
  0.412085428036469        6.52830383717347     
  0.413634621374952        6.42945315776943     
  0.415183814713435        6.33135659028413     
  0.416733008051918        6.23401413471754     
  0.418282201390401        6.13742579106969     
  0.419831394728884        6.04159155934056     
  0.421380588067367        5.94651143953015     
  0.422929781405850        5.85218543163847     
  0.424478974744333        5.75861353566552     
  0.426028168082816        5.66579575161129     
  0.427577361421299        5.57373207947578     
  0.429126554759782        5.48242251925900     
  0.430675748098265        5.39186707096095     
  0.432224941436748        5.30206573458163     
  0.433774134775231        5.21301851012102     
  0.435323328113714        5.12472539757915     
  0.436872521452197        5.03718639695600     
  0.438421714790680        4.95040150825157     
  0.439970908129163        4.86437073146587     
  0.441520101467646        4.77909406659890     
  0.443069294806128        4.69457151365065     
  0.444618488144611        4.61080307262113     
  0.446167681483094        4.52778874351033     
  0.447716874821577        4.44552852631826     
  0.449266068160060        4.36402242104491     
  0.450815261498543        4.28327042769029     
  0.452364454837026        4.20327254625440     
  0.453913648175509        4.12402877673723     
  0.455462841513992        4.04553911913878     
  0.457012034852475        3.96780357345906     
  0.458561228190958        3.89082213969807     
  0.460110421529441        3.81459481785580     
  0.461659614867924        3.73912160793226     
  0.463208808206407        3.66440250992745     
  0.464758001544890        3.59043752384135     
  0.466307194883373        3.51722664967399     
  0.467856388221856        3.44476988742535     
  0.469405581560339        3.37306723709543     
  0.470954774898822        3.30211869868425     
  0.472503968237305        3.23192427219178     
  0.474053161575788        3.16248395761804     
  0.475602354914271        3.09379775496303     
  0.477151548252754        3.02586566422675     
  0.478700741591237        2.95868768540918     
  0.480249934929720        2.89226381851035     
  0.481799128268203        2.82659406353024     
  0.483348321606686        2.76167842046885     
  0.484897514945169        2.69751688932619     
  0.486446708283652        2.63410947010226     
  0.487995901622135        2.57145616279705     
  0.489545094960618        2.50955696741057     
  0.491094288299101        2.44841188394281     
  0.492643481637583        2.38802091239378     
  0.494192674976066        2.32838405276348     
  0.495741868314549        2.26950130505189     
  0.497291061653032        2.21137266925904     
  0.498840254991515        2.15399814538491     
  0.500389448329998        2.09737773342951     
  0.501938641668481        2.04151143339283     
  0.503487835006964        1.98639924527487     
  0.505037028345447        1.93204116907565     
  0.506586221683930        1.87843720479515     
  0.508135415022413        1.82558735243337     
  0.509684608360896        1.77349161199032     
  0.511233801699379        1.72214998346599     
  0.512782995037862        1.67156246686039     
  0.514332188376345        1.62172906217352     
  0.515881381714828        1.57264976940537     
  0.517430575053311        1.52432458855595     
  0.518979768391794        1.47675351962525     
  0.520528961730277        1.42993656261328     
  0.522078155068760        1.38387371752003     
  0.523627348407243        1.33856498434551     
  0.525176541745726        1.29401036308971     
  0.526725735084209        1.25020985375264     
  0.528274928422692        1.20716345633430     
  0.529824121761175        1.16487117083468     
  0.531373315099658        1.12333299725379     
  0.532922508438141        1.08254893559162     
  0.534471701776624        1.04251898584818     
  0.536020895115107        1.00324314802346     
  0.537570088453589       0.964721422117467     
  0.539119281792072       0.926953808130201     
  0.540668475130555       0.889940306061661     
  0.542217668469038       0.853680915911846     
  0.543766861807521       0.818175637680757     
  0.545316055146004       0.783424471368393     
  0.546865248484487       0.749427416974755     
  0.548414441822970       0.716184474499842     
  0.549963635161453       0.683695643943655     
  0.551512828499936       0.651960925306193     
  0.553062021838419       0.620980318587457     
  0.554611215176902       0.590753823787446     
  0.556160408515385       0.561281440906161     
  0.557709601853868       0.532563169943601     
  0.559258795192351       0.504599010899767     
  0.560807988530834       0.477388963774659     
  0.562357181869317       0.450933028568275     
  0.563906375207800       0.425231205280618     
  0.565455568546283       0.400283493911686     
  0.567004761884766       0.376089894461480     
  0.568553955223249       0.352650406929999     
  0.570103148561732       0.329965031317243     
  0.571652341900215       0.308033767623213     
  0.573201535238698       0.286856615847909     
  0.574750728577181       0.266433575991330     
  0.576299921915664       0.246764648053477     
  0.577849115254147       0.227849832034349     
  0.579398308592630       0.209689127933947     
  0.580947501931113       0.192282535752270     
  0.582496695269596       0.175630055489319     
  0.584045888608078       0.159731687145093     
  0.585595081946562       0.144587430719593     
  0.587144275285044       0.130197286212818     
  0.588693468623527       0.116561253624769     
  0.590242661962010       0.103679332955445     
  0.591791855300493       9.155152420484727E-002
  0.593341048638976       8.017782737297463E-002
  0.594890241977459       6.955824245982752E-002
  0.596439435315942       5.969276946540591E-002
  0.597988628654425       5.058140838970983E-002
  0.599537821992908       4.222415923273927E-002
  0.601087015331391       3.462102199449423E-002
  0.602636208669874       2.777199667497471E-002
  0.604185402008357       2.167708327418072E-002
  0.605734595346840       1.633628179211225E-002
  0.607283788685323       1.174959222876929E-002
  0.608832982023806       7.917014584151852E-003
  0.610382175362289       4.838548858259931E-003
  0.611931368700772       2.514195051093529E-003
  0.613480562039255       9.439531626526479E-004
  0.615029755377738       1.278231929372857E-004
  0.616578948716221       6.580514194744255E-005
  0.618128142054704       7.578990096831185E-004
  0.619677335393187       2.204104796144314E-003
  0.621226528731670       4.404422501331029E-003
  0.622775722070153       7.358852125243262E-003
  0.624324915408636       1.106739366788101E-002
  0.625874108747119       1.553004712924428E-002
  0.627423302085602       2.074681250933307E-002
  0.628972495424085       2.671768980814739E-002
  0.630521688762568       3.344267902568722E-002
  0.632070882101050       4.092178016195257E-002
  0.633620075439533       4.915499321694344E-002
  0.635169268778016       5.814231819065984E-002
  0.636718462116499       6.788375508310175E-002
  0.638267655454982       7.837930389426918E-002
  0.639816848793465       8.962896462416214E-002
  0.641366042131948       0.101632737272781     
  0.642915235470431       0.114390621840125     
  0.644464428808914       0.127902618326194     
  0.646013622147397       0.142168726730989     
  0.647562815485880       0.157188947054510     
  0.649112008824363       0.172963279296756     
  0.650661202162846       0.189491723457727     
  0.652210395501329       0.206774279537424     
  0.653759588839812       0.224810947535847     
  0.655308782178295       0.243601727452995     
  0.656857975516778       0.263146619288869     
  0.658407168855261       0.283445623043468     
  0.659956362193744       0.304498738716792     
  0.661505555532227       0.326305966308843     
  0.663054748870710       0.348867305819618     
  0.664603942209193       0.372182757249119     
  0.666153135547676       0.396252320597346     
  0.667702328886159       0.421075995864299     
  0.669251522224642       0.446653783049976     
  0.670800715563125       0.472985682154380     
  0.672349908901608       0.500071693177509     
  0.673899102240091       0.527911816119363     
  0.675448295578574       0.556506050979943     
  0.676997488917056       0.585854397759249     
  0.678546682255539       0.615956856457280     
  0.680095875594022       0.646813427074036     
  0.681645068932505       0.678424109609518     
  0.683194262270988       0.710788904063726     
  0.684743455609471       0.743907810436659     
  0.686292648947954       0.777780828728317     
  0.687841842286437       0.812407958938702     
  0.689391035624920       0.847789201067811     
  0.690940228963403       0.883924555115646     
  0.692489422301886       0.920814021082207     
  0.694038615640369       0.958457598967493     
  0.695587808978852       0.996855288771505     
  0.697137002317335        1.03600709049424     
  0.698686195655818        1.07591300413571     
  0.700235388994301        1.11657302969589     
  0.701784582332784        1.15798716717481     
  0.703333775671267        1.20015541657245     
  0.704882969009750        1.24307777788881     
  0.706432162348233        1.28675425112390     
  0.707981355686716        1.33118483627772     
  0.709530549025199        1.37636953335026     
  0.711079742363682        1.42230834234153     
  0.712628935702165        1.46900126325152     
  0.714178129040648        1.51644829608024     
  0.715727322379131        1.56464944082768     
  0.717276515717614        1.61360469749385     
  0.718825709056097        1.66331406607874     
  0.720374902394580        1.71377754658236     
  0.721924095733063        1.76499513900471     
  0.723473289071546        1.81696684334578     
  0.725022482410029        1.86969265960558     
  0.726571675748511        1.92317258778410     
  0.728120869086994        1.97740662788135     
  0.729670062425477        2.03239477989732     
  0.731219255763960        2.08813704383202     
  0.732768449102443        2.14463341968544     
  0.734317642440926        2.20188390745759     
  0.735866835779409        2.25988850714847     
  0.737416029117892        2.31864721875807     
  0.738965222456375        2.37816004228640     
  0.740514415794858        2.43842697773345     
  0.742063609133341        2.49944802509923     
  0.743612802471824        2.56122318438373     
  0.745161995810307        2.62375245558696     
  0.746711189148790        2.68703583870891     
  0.748260382487273        2.75107333374959     
  0.749809575825756        2.81586494070900     
  0.751358769164239        2.88141065958713     
  0.752907962502722        2.94771049038398     
  0.754457155841205        3.01476443309956     
  0.756006349179688        3.08257248773387     
  0.757555542518171        3.15113465428690     
  0.759104735856654        3.22045093275866     
  0.760653929195137        3.29052132314915     
  0.762203122533620        3.36134582545836     
  0.763752315872103        3.43292443968629     
  0.765301509210586        3.50525716583295     
  0.766850702549069        3.57834400389834     
  0.768399895887552        3.65218495388245     
  0.769949089226035        3.72678001578528     
  0.771498282564517        3.80212918960685     
  0.773047475903000        3.87823247534713     
  0.774596669241483        3.95508987300615     
  0.776145862579966        4.03270138258389     
  0.777695055918449        4.11106700408035     
  0.779244249256932        4.19018673749554     
  0.780793442595415        4.27006058282946     
  0.782342635933898        4.35068854008210     
  0.783891829272381        4.43207060925346     
  0.785441022610864        4.51420679034356     
  0.786990215949347        4.59709708335237     
  0.788539409287830        4.68074148827992     
  0.790088602626313        4.76514000512619     
  0.791637795964796        4.85029263389118     
  0.793186989303279        4.93619937457490     
  0.794736182641762        5.02286022717734     
  0.796285375980245        5.11027519169852     
  0.797834569318728        5.19844426813841     
  0.799383762657211        5.28736745649703     
  0.800932955995694        5.37704475677438     
  0.802482149334177        5.46747616897045     
  0.804031342672660        5.55866169308525     
  0.805580536011143        5.65060132911878     
  0.807129729349626        5.74329507707102     
  0.808678922688109        5.83674293694200     
  0.810228116026592        5.93094490873170     
  0.811777309365075        6.02590099244013     
  0.813326502703558        6.12161118806728     
  0.814875696042041        6.21807549561315     
  0.816424889380523        6.31529391507776     
  0.817974082719007        6.41326644646109     
  0.819523276057489        6.51199308976314     
  0.821072469395972        6.61147384498392     
  0.822621662734455        6.71170871212342     
  0.824170856072938        6.81269769118165     
  0.825720049411421        6.91444078215861     
  0.827269242749904        7.01693798505429     
  0.828818436088387        7.12018929986869     
  0.830367629426870        7.22419472660183     
  0.831916822765353        7.32895426525369     
  0.833466016103836        7.43446791582427     
  0.835015209442319        7.54073567831358     
  0.836564402780802        7.64775755272161     
  0.838113596119285        7.75553353904837     
  0.839662789457768        7.86406363729386     
  0.841211982796251        7.97334784745807     
  0.842761176134734        8.08338616954100     
  0.844310369473217        8.19417860354267     
  0.845859562811700        8.30572514946305     
  0.847408756150183        8.41802580730216     
  0.848957949488666        8.53108057706000     
  0.850507142827149        8.64488945873657     
  0.852056336165632        8.75945245233186     
  0.853605529504115        8.87476955784587     
  0.855154722842598        8.99084077527861     
  0.856703916181081        9.10766610463008     
  0.858253109519564        9.22524554590027     
  0.859802302858047        9.34357909908919     
  0.861351496196530        9.46266676419683     
  0.862900689535013        9.58250854122320     
  0.864449882873495        9.70310443016829     
  0.865999076211978        9.82445443103211     
  0.867548269550461        9.94655854381466     
  0.869097462888944        10.0694167685159     
  0.870646656227427        10.1930291051359     
  0.872195849565910        10.3173955536746     
  0.873745042904393        10.4425161141321     
  0.875294236242876        10.5683907865083     
  0.876843429581359        10.6950195708032     
  0.878392622919842        10.8224024670168     
  0.879941816258325        10.9505394751491     
  0.881491009596808        11.0794305952002     
  0.883040202935291        11.2090758271700     
  0.884589396273774        11.3394751710585     
  0.886138589612257        11.4706286268658     
  0.887687782950740        11.6025361945918     
  0.889236976289223        11.7351978742365     
  0.890786169627706        11.8686136657999     
  0.892335362966189        12.0027835692820     
  0.893884556304672        12.1377075846829     
  0.895433749643155        12.2733857120025     
  0.896982942981638        12.4098179512409     
  0.898532136320121        12.5470043023979     
  0.900081329658604        12.6849447654737     
  0.901630522997087        12.8236393404682     
  0.903179716335570        12.9630880273814     
  0.904728909674053        13.1032908262134     
  0.906278103012536        13.2442477369641     
  0.907827296351019        13.3859587596335     
  0.909376489689502        13.5284238942216     
  0.910925683027984        13.6716431407285     
  0.912474876366468        13.8156164991541     
  0.914024069704950        13.9603439694984     
  0.915573263043433        14.1058255517614     
  0.917122456381916        14.2520612459432     
  0.918671649720399        14.3990510520437     
  0.920220843058882        14.5467949700629     
  0.921770036397365        14.6952930000008     
  0.923319229735848        14.8445451418575     
  0.924868423074331        14.9945513956329     
  0.926417616412814        15.1453117613270     
  0.927966809751297        15.1453117611285     
  0.929516003089780        14.9945513954354     
  0.931065196428263        14.8445451416610     
  0.932614389766746        14.6952929998053     
  0.934163583105229        14.5467949698684     
  0.935712776443712        14.3990510518502     
  0.937261969782195        14.2520612457507     
  0.938811163120678        14.1058255515699     
  0.940360356459161        13.9603439693079     
  0.941909549797644        13.8156164989645     
  0.943458743136127        13.6716431405399     
  0.945007936474610        13.5284238940341     
  0.946557129813093        13.3859587594469     
  0.948106323151576        13.2442477367785     
  0.949655516490059        13.1032908260288     
  0.951204709828542        12.9630880271979     
  0.952753903167025        12.8236393402856     
  0.954303096505508        12.6849447652921     
  0.955852289843991        12.5470043022173     
  0.957401483182474        12.4098179510612     
  0.958950676520956        12.2733857118239     
  0.960499869859439        12.1377075845053     
  0.962049063197922        12.0027835691054     
  0.963598256536405        11.8686136656242     
  0.965147449874888        11.7351978740618     
  0.966696643213371        11.6025361944181     
  0.968245836551854        11.4706286266931     
  0.969795029890337        11.3394751708868     
  0.971344223228820        11.2090758269993     
  0.972893416567303        11.0794305950305     
  0.974442609905786        10.9505394749804     
  0.975991803244269        10.8224024668490     
  0.977540996582752        10.6950195706364     
  0.979090189921235        10.5683907863425     
  0.980639383259718        10.4425161139673     
  0.982188576598201        10.3173955535109     
  0.983737769936684        10.1930291049731     
  0.985286963275167        10.0694167683541     
  0.986836156613650        9.94655854365385     
  0.988385349952133        9.82445443087230     
  0.989934543290616        9.70310443000947     
  0.991483736629099        9.58250854106536     
  0.993032929967582        9.46266676403999     
  0.994582123306065        9.34357909893333     
  0.996131316644548        9.22524554574541     
  0.997680509983031        9.10766610447620     
  0.999229703321514        8.99084077512573     
   1.00077889666000        8.87476955769398     
   1.00232808999848        8.75945245218095     
   1.00387728333696        8.64488945858665     
   1.00542647667545        8.53108057691108     
   1.00697567001393        8.41802580715423     
   1.00852486335241        8.30572514931611     
   1.01007405669089        8.19417860339671     
   1.01162325002938        8.08338616939604     
   1.01317244336786        7.97334784731409     
   1.01472163670634        7.86406363715087     
   1.01627083004483        7.75553353890638     
   1.01782002338331        7.64775755258061     
   1.01936921672179        7.54073567817356     
   1.02091841006028        7.43446791568524     
   1.02246760339876        7.32895426511565     
   1.02401679673724        7.22419472646478     
   1.02556599007572        7.12018929973264     
   1.02711518341421        7.01693798491922     
   1.02866437675269        6.91444078202453     
   1.03021357009117        6.81269769104857     
   1.03176276342966        6.71170871199133     
   1.03331195676814        6.61147384485281     
   1.03486115010662        6.51199308963302     
   1.03641034344510        6.41326644633196     
   1.03795953678359        6.31529391494962     
   1.03950873012207        6.21807549548601     
   1.04105792346055        6.12161118794112     
   1.04260711679904        6.02590099231496     
   1.04415631013752        5.93094490860753     
   1.04570550347600        5.83674293681881     
   1.04725469681449        5.74329507694883     
   1.04880389015297        5.65060132899757     
   1.05035308349145        5.55866169296504     
   1.05190227682993        5.46747616885123     
   1.05345147016842        5.37704475665615     
   1.05500066350690        5.28736745637979     
   1.05654985684538        5.19844426802216     
   1.05809905018387        5.11027519158325     
   1.05964824352235        5.02286022706307     
   1.06119743686083        4.93619937446161     
   1.06274663019932        4.85029263377888     
   1.06429582353780        4.76514000501488     
   1.06584501687628        4.68074148816960     
   1.06739421021476        4.59709708324305     
   1.06894340355325        4.51420679023522     
   1.07049259689173        4.43207060914612     
   1.07204179023021        4.35068853997574     
   1.07359098356870        4.27006058272409     
   1.07514017690718        4.19018673739117     
   1.07668937024566        4.11106700397697     
   1.07823856358414        4.03270138248149     
   1.07978775692263        3.95508987290474     
   1.08133695026111        3.87823247524672     
   1.08288614359959        3.80212918950742     
   1.08443533693808        3.72678001568685     
   1.08598453027656        3.65218495378500     
   1.08753372361504        3.57834400380188     
   1.08908291695353        3.50525716573749     
   1.09063211029201        3.43292443959182     
   1.09218130363049        3.36134582536487     
   1.09373049696897        3.29052132305665     
   1.09527969030746        3.22045093266716     
   1.09682888364594        3.15113465419639     
   1.09837807698442        3.08257248764435     
   1.09992727032291        3.01476443301103     
   1.10147646366139        2.94771049029644     
   1.10302565699987        2.88141065950057     
   1.10457485033836        2.81586494062343     
   1.10612404367684        2.75107333366502     
   1.10767323701532        2.68703583862533     
   1.10922243035380        2.62375245550437     
   1.11077162369229        2.56122318430213     
   1.11232081703077        2.49944802501861     
   1.11387001036925        2.43842697765383     
   1.11541920370774        2.37816004220777     
   1.11696839704622        2.31864721868043     
   1.11851759038470        2.25988850707182     
   1.12006678372319        2.20188390738193     
   1.12161597706167        2.14463341961077     
   1.12316517040015        2.08813704375834     
   1.12471436373863        2.03239477982463     
   1.12626355707712        1.97740662780965     
   1.12781275041560        1.92317258771339     
   1.12936194375408        1.86969265953586     
   1.13091113709257        1.81696684327705     
   1.13246033043105        1.76499513893697     
   1.13400952376953        1.71377754651561     
   1.13555871710801        1.66331406601298     
   1.13710791044650        1.61360469742908     
   1.13865710378498        1.56464944076390     
   1.14020629712346        1.51644829601745     
   1.14175549046195        1.46900126318972     
   1.14330468380043        1.42230834228072     
   1.14485387713891        1.37636953329044     
   1.14640307047740        1.33118483621889     
   1.14795226381588        1.28675425106606     
   1.14950145715436        1.24307777783196     
   1.15105065049284        1.20015541651659     
   1.15259984383133        1.15798716711994     
   1.15414903716981        1.11657302964201     
   1.15569823050829        1.07591300408282     
   1.15724742384678        1.03600709044234     
   1.15879661718526       0.996855288720597     
   1.16034581052374       0.958457598917575     
   1.16189500386223       0.920814021033279     
   1.16344419720071       0.883924555067708     
   1.16499339053919       0.847789201020863     
   1.16654258387767       0.812407958892744     
   1.16809177721616       0.777780828683350     
   1.16964097055464       0.743907810392681     
   1.17119016389312       0.710788904020738     
   1.17273935723161       0.678424109567521     
   1.17428855057009       0.646813427033029     
   1.17583774390857       0.615956856417262     
   1.17738693724705       0.585854397720221     
   1.17893613058554       0.556506050941906     
   1.18048532392402       0.527911816082316     
   1.18203451726250       0.500071693141452     
   1.18358371060099       0.472985682119313     
   1.18513290393947       0.446653783015900     
   1.18668209727795       0.421075995831212     
   1.18823129061644       0.396252320565250     
   1.18978048395492       0.372182757218013     
   1.19132967729340       0.348867305789502     
   1.19287887063188       0.326305966279716     
   1.19442806397037       0.304498738688656     
   1.19597725730885       0.283445623016322     
   1.19752645064733       0.263146619262713     
   1.19907564398582       0.243601727427829     
   1.20062483732430       0.224810947511671     
   1.20217403066278       0.206774279514239     
   1.20372322400127       0.189491723435532     
   1.20527241733975       0.172963279275550     
   1.20682161067823       0.157188947034294     
   1.20837080401671       0.142168726711764     
   1.20991999735520       0.127902618307959     
   1.21146919069368       0.114390621822879     
   1.21301838403216       0.101632737256526     
   1.21456757737065       8.962896460889717E-002
   1.21611677070913       7.837930387999430E-002
   1.21766596404761       6.788375506981696E-002
   1.21921515738609       5.814231817836514E-002
   1.22076435072458       4.915499320563883E-002
   1.22231354406306       4.092178015163805E-002
   1.22386273740154       3.344267901636279E-002
   1.22541193074003       2.671768979981305E-002
   1.22696112407851       2.074681250198883E-002
   1.22851031741699       1.553004712289013E-002
   1.23005951075548       1.106739366251695E-002
   1.23160870409396       7.358852120869284E-003
   1.23315789743244       4.404422497947140E-003
   1.23470709077092       2.204104793750515E-003
   1.23625628410941       7.578990082794091E-004
   1.23780547744789       6.580514153382258E-005
   1.23935467078637       1.278231935137553E-004
   1.24090386412486       9.439531642192071E-004
   1.24245305746334       2.514195053650178E-003
   1.24400225080182       4.838548861806669E-003
   1.24555144414031       7.917014588688679E-003
   1.24710063747879       1.174959223429621E-002
   1.24864983081727       1.633628179862925E-002
   1.25019902415575       2.167708328168782E-002
   1.25174821749424       2.777199668347191E-002
   1.25329741083272       3.462102200398152E-002
   1.25484660417120       4.222415924321665E-002
   1.25639579750969       5.058140840117729E-002
   1.25794499084817       5.969276947786346E-002
   1.25949418418665       6.955824247327515E-002
   1.26104337752514       8.017782738741236E-002
   1.26259257086362       9.155152422027510E-002
   1.26414176420210       0.103679332971863     
   1.26569095754058       0.116561253642177     
   1.26724015087907       0.130197286231216     
   1.26878934421755       0.144587430738981     
   1.27033853755603       0.159731687165471     
   1.27188773089452       0.175630055510687     
   1.27343692423300       0.192282535774629     
   1.27498611757148       0.209689127957295     
   1.27653531090996       0.227849832058688     
   1.27808450424845       0.246764648078806     
   1.27963369758693       0.266433576017649     
   1.28118289092541       0.286856615875218     
   1.28273208426390       0.308033767651512     
   1.28428127760238       0.329965031346532     
   1.28583047094086       0.352650406960278     
   1.28737966427935       0.376089894492749     
   1.28892885761783       0.400283493943945     
   1.29047805095631       0.425231205313867     
   1.29202724429479       0.450933028602515     
   1.29357643763328       0.477388963809888     
   1.29512563097176       0.504599010935987     
   1.29667482431024       0.532563169980811     
   1.29822401764873       0.561281440944361     
   1.29977321098721       0.590753823826636     
   1.30132240432569       0.620980318627637     
   1.30287159766418       0.651960925347363     
   1.30442079100266       0.683695643985815     
   1.30596998434114       0.716184474542992     
   1.30751917767962       0.749427417018895     
   1.30906837101811       0.783424471413524     
   1.31061756435659       0.818175637726878     
   1.31216675769507       0.853680915958957     
   1.31371595103356       0.889940306109762     
   1.31526514437204       0.926953808179292     
   1.31681433771052       0.964721422167548     
   1.31836353104900        1.00324314807453     
   1.31991272438749        1.04251898590024     
   1.32146191772597        1.08254893564467     
   1.32301111106445        1.12333299730783     
   1.32456030440294        1.16487117088971     
   1.32610949774142        1.20716345639032     
   1.32765869107990        1.25020985380966     
   1.32920788441839        1.29401036314772     
   1.33075707775687        1.33856498440450     
   1.33230627109535        1.38387371758001     
   1.33385546443383        1.42993656267425     
   1.33540465777232        1.47675351968721     
   1.33695385111080        1.52432458861890     
   1.33850304444928        1.57264976946931     
   1.34005223778777        1.62172906223845     
   1.34160143112625        1.67156246692632     
   1.34315062446473        1.72214998353291     
   1.34469981780322        1.77349161205822     
   1.34624901114170        1.82558735250226     
   1.34779820448018        1.87843720486503     
   1.34934739781866        1.93204116914652     
   1.35089659115715        1.98639924534674     
   1.35244578449563        2.04151143346568     
   1.35399497783411        2.09737773350335     
   1.35554417117260        2.15399814545974     
   1.35709336451108        2.21137266933486     
   1.35864255784956        2.26950130512871     
   1.36019175118804        2.32838405284128     
   1.36174094452653        2.38802091247257     
   1.36329013786501        2.44841188402260     
   1.36483933120349        2.50955696749134     
   1.36638852454198        2.57145616287882     
   1.36793771788046        2.63410947018501     
   1.36948691121894        2.69751688940994     
   1.37103610455743        2.76167842055359     
   1.37258529789591        2.82659406361596     
   1.37413449123439        2.89226381859706     
   1.37568368457287        2.95868768549689     
   1.37723287791136        3.02586566431544     
   1.37878207124984        3.09379775505272     
   1.38033126458832        3.16248395770872     
   1.38188045792681        3.23192427228345     
   1.38342965126529        3.30211869877690     
   1.38497884460377        3.37306723718908     
   1.38652803794226        3.44476988751998     
   1.38807723128074        3.51722664976961     
   1.38962642461922        3.59043752393797     
   1.39117561795770        3.66440251002505     
   1.39272481129619        3.73912160803086     
   1.39427400463467        3.81459481795539     
   1.39582319797315        3.89082213979865     
   1.39737239131164        3.96780357356063     
   1.39892158465012        4.04553911924134     
   1.40047077798860        4.12402877684077     
   1.40201997132708        4.20327254635893     
   1.40356916466557        4.28327042779582     
   1.40511835800405        4.36402242115143     
   1.40666755134253        4.44552852642577     
   1.40821674468102        4.52778874361883     
   1.40976593801950        4.61080307273062     
   1.41131513135798        4.69457151376113     
   1.41286432469647        4.77909406671037     
   1.41441351803495        4.86437073157833     
   1.41596271137343        4.95040150836502     
   1.41751190471191        5.03718639707044     
   1.41906109805040        5.12472539769457     
   1.42061029138888        5.21301851023744     
   1.42215948472736        5.30206573469903     
   1.42370867806585        5.39186707107935     
   1.42525787140433        5.48242251937839     
   1.42680706474281        5.57373207959616     
   1.42835625808130        5.66579575173265     
   1.42990545141978        5.75861353578787     
   1.43145464475826        5.85218543176182     
   1.43300383809674        5.94651143965449     
   1.43455303143523        6.04159155946588     
   1.43610222477371        6.13742579119601     
   1.43765141811219        6.23401413484485     
   1.43920061145068        6.33135659041242     
   1.44074980478916        6.42945315789872     
   1.44229899812764        6.52830383730375     
   1.44384819146613        6.62790862862749     
   1.44539738480461        6.72826753186997     
   1.44694657814309        6.82938054703117     
   1.44849577148157        6.93124767411109     
   1.45004496482006        7.03386891310974     
   1.45159415815854        7.13724426402712     
   1.45314335149702        7.24137372686322     
   1.45469254483551        7.34625730161805     
   1.45624173817399        7.45189498829160     
   1.45779093151247        7.55828678688388     
   1.45934012485095        7.66543269739489     
   1.46088931818944        7.77333271982461     
   1.46243851152792        7.88198685417307     
   1.46398770486640        7.99139510044025     
   1.46553689820489        8.10155745862616     
   1.46708609154337        8.21247392873079     
   1.46863528488185        8.32414451075415     
   1.47018447822034        8.43656920469623     
   1.47173367155882        8.54974801055704     
   1.47328286489730        8.66368092833657     
   1.47483205823578        8.77836795803483     
   1.47638125157427        8.89380909965181     
   1.47793044491275        9.01000435318753     
   1.47947963825123        9.12695371864196     
   1.48102883158972        9.24465719601512     
   1.48257802492820        9.36311478530701     
   1.48412721826668        9.48232648651762     
   1.48567641160517        9.60229229964696     
   1.48722560494365        9.72301222469502     
   1.48877479828213        9.84448626166181     
   1.49032399162061        9.96671441054733     
   1.49187318495910        10.0896966713516     
   1.49342237829758        10.2134330440745     
   1.49497157163606        10.3379235287162     
   1.49652076497455        10.4631681252766     
   1.49806995831303        10.5891668337558     
   1.49961915165151        10.7159196541536     
   1.50116834498999        10.8434265864702     
   1.50271753832848        10.9716876307056     
   1.50426673166696        11.1007027868596     
   1.50581592500544        11.2304720549324     
   1.50736511834393        11.3609954349239     
   1.50891431168241        11.4922729268341     
   1.51046350502089        11.6243045306630     
   1.51201269835938        11.7570902464107     
   1.51356189169786        11.8906300740771     
   1.51511108503634        12.0249240136622     
   1.51666027837482        12.1599720651661     
   1.51820947171331        12.2957742285887     
   1.51975866505179        12.4323305039300     
   1.52130785839027        12.5696408911900     
   1.52285705172876        12.7077053903687     
   1.52440624506724        12.8465240014662     
   1.52595543840572        12.9860967244824     
   1.52750463174421        13.1264235594173     
   1.52905382508269        13.2675045062710     
   1.53060301842117        13.4093395650434     
   1.53215221175965        13.5519287357345     
   1.53370140509814        13.6952720183443     
   1.53525059843662        13.8393694128729     
   1.53679979177510        13.9842209193201     
   1.53834898511359        14.1298265376861     
   1.53989817845207        14.2761862679709     
   1.54144737179055        14.4233001101743     
   1.54299656512903        14.5711680642965     
   1.54454575846752        14.7197901303374     
   1.54609495180600        14.8691663082970     
   1.54764414514448        15.0192965981754     
   1.54919333848297        15.0192965979786     
   1.55074253182145        14.8691663081013     
   1.55229172515993        14.7197901301426     
   1.55384091849842        14.5711680641027     
   1.55539011183690        14.4233001099815     
   1.55693930517538        14.2761862677790     
   1.55848849851386        14.1298265374953     
   1.56003769185235        13.9842209191303     
   1.56158688519083        13.8393694126840     
   1.56313607852931        13.6952720181564     
   1.56468527186780        13.5519287355475     
   1.56623446520628        13.4093395648574     
   1.56778365854476        13.2675045060860     
   1.56933285188325        13.1264235592334     
   1.57088204522173        12.9860967242994     
   1.57243123856021        12.8465240012842     
   1.57398043189869        12.7077053901877     
   1.57552962523718        12.5696408910100     
   1.57707881857566        12.4323305037509     
   1.57862801191414        12.2957742284106     
   1.58017720525263        12.1599720649890     
   1.58172639859111        12.0249240134862     
   1.58327559192959        11.8906300739020     
   1.58482478526808        11.7570902462366     
   1.58637397860656        11.6243045304899     
   1.58792317194504        11.4922729266620     
   1.58947236528352        11.3609954347527     
   1.59102155862201        11.2304720547622     
   1.59257075196049        11.1007027866904     
   1.59411994529897        10.9716876305374     
   1.59566913863746        10.8434265863030     
   1.59721833197594        10.7159196539874     
   1.59876752531442        10.5891668335906     
   1.60031671865290        10.4631681251124     
   1.60186591199139        10.3379235285530     
   1.60341510532987        10.2134330439123     
   1.60496429866835        10.0896966711903     
   1.60651349200684        9.96671441038703     
   1.60806268534532        9.84448626150250     
   1.60961187868380        9.72301222453670     
   1.61116107202229        9.60229229948962     
   1.61271026536077        9.48232648636127     
   1.61425945869925        9.36311478515164     
   1.61580865203773        9.24465719586074     
   1.61735784537622        9.12695371848856     
   1.61890703871470        9.01000435303511     
   1.62045623205318        8.89380909950039     
   1.62200542539167        8.77836795788439     
   1.62355461873015        8.66368092818712     
   1.62510381206863        8.54974801040857     
   1.62665300540712        8.43656920454875     
   1.62820219874560        8.32414451060765     
   1.62975139208408        8.21247392858528     
   1.63130058542256        8.10155745848163     
   1.63284977876105        7.99139510029671     
   1.63439897209953        7.88198685403052     
   1.63594816543801        7.77333271968305     
   1.63749735877650        7.66543269725430     
   1.63904655211498        7.55828678674429     
   1.64059574545346        7.45189498815300     
   1.64214493879194        7.34625730148043     
   1.64369413213043        7.24137372672659     
   1.64524332546891        7.13724426389147     
   1.64679251880739        7.03386891297508     
   1.64834171214588        6.93124767397741     
   1.64989090548436        6.82938054689847     
   1.65144009882284        6.72826753173826     
   1.65298929216133        6.62790862849677     
   1.65453848549981        6.52830383717401     
   1.65608767883829        6.42945315776997     
   1.65763687217677        6.33135659028466     
   1.65918606551526        6.23401413471807     
   1.66073525885374        6.13742579107021     
   1.66228445219222        6.04159155934108     
   1.66383364553071        5.94651143953067     
   1.66538283886919        5.85218543163898     
   1.66693203220767        5.75861353566602     
   1.66848122554616        5.66579575161179     
   1.67003041888464        5.57373207947628     
   1.67157961222312        5.48242251925950     
   1.67312880556160        5.39186707096145     
   1.67467799890009        5.30206573458211     
   1.67622719223857        5.21301851012151     
   1.67777638557705        5.12472539757963     
   1.67932557891554        5.03718639695647     
   1.68087477225402        4.95040150825205     
   1.68242396559250        4.86437073146634     
   1.68397315893098        4.77909406659936     
   1.68552235226947        4.69457151365111     
   1.68707154560795        4.61080307262158     
   1.68862073894643        4.52778874351078     
   1.69016993228492        4.44552852631871     
   1.69171912562340        4.36402242104536     
   1.69326831896188        4.28327042769073     
   1.69481751230037        4.20327254625483     
   1.69636670563885        4.12402877673766     
   1.69791589897733        4.04553911913921     
   1.69946509231581        3.96780357345949     
   1.70101428565430        3.89082213969849     
   1.70256347899278        3.81459481785622     
   1.70411267233126        3.73912160793267     
   1.70566186566975        3.66440250992785     
   1.70721105900823        3.59043752384176     
   1.70876025234671        3.51722664967439     
   1.71030944568520        3.44476988742574     
   1.71185863902368        3.37306723709582     
   1.71340783236216        3.30211869868463     
   1.71495702570064        3.23192427219216     
   1.71650621903913        3.16248395761842     
   1.71805541237761        3.09379775496341     
   1.71960460571609        3.02586566422712     
   1.72115379905458        2.95868768540955     
   1.72270299239306        2.89226381851071     
   1.72425218573154        2.82659406353060     
   1.72580137907003        2.76167842046921     
   1.72735057240851        2.69751688932654     
   1.72889976574699        2.63410947010260     
   1.73044895908547        2.57145616279739     
   1.73199815242396        2.50955696741091     
   1.73354734576244        2.44841188394314     
   1.73509653910092        2.38802091239411     
   1.73664573243941        2.32838405276380     
   1.73819492577789        2.26950130505221     
   1.73974411911637        2.21137266925935     
   1.74129331245485        2.15399814538522     
   1.74284250579334        2.09737773342981     
   1.74439169913182        2.04151143339313     
   1.74594089247030        1.98639924527517     
   1.74749008580879        1.93204116907594     
   1.74903927914727        1.87843720479544     
   1.75058847248575        1.82558735243366     
   1.75213766582424        1.77349161199060     
   1.75368685916272        1.72214998346627     
   1.75523605250120        1.67156246686067     
   1.75678524583968        1.62172906217379     
   1.75833443917817        1.57264976940564     
   1.75988363251665        1.52432458855621     
   1.76143282585513        1.47675351962551     
   1.76298201919362        1.42993656261353     
   1.76453121253210        1.38387371752028     
   1.76608040587058        1.33856498434575     
   1.76762959920907        1.29401036308995     
   1.76917879254755        1.25020985375288     
   1.77072798588603        1.20716345633453     
   1.77227717922451        1.16487117083491     
   1.77382637256300        1.12333299725401     
   1.77537556590148        1.08254893559184     
   1.77692475923996        1.04251898584839     
   1.77847395257845        1.00324314802367     
   1.78002314591693       0.964721422117676     
   1.78157233925541       0.926953808130406     
   1.78312153259389       0.889940306061861     
   1.78467072593238       0.853680915912042     
   1.78621991927086       0.818175637680949     
   1.78776911260934       0.783424471368581     
   1.78931830594783       0.749427416974938     
   1.79086749928631       0.716184474500022     
   1.79241669262479       0.683695643943830     
   1.79396588596328       0.651960925306364     
   1.79551507930176       0.620980318587624     
   1.79706427264024       0.590753823787609     
   1.79861346597872       0.561281440906320     
   1.80016265931721       0.532563169943756     
   1.80171185265569       0.504599010899918     
   1.80326104599417       0.477388963774805     
   1.80481023933266       0.450933028568418     
   1.80635943267114       0.425231205280756     
   1.80790862600962       0.400283493911820     
   1.80945781934811       0.376089894461610     
   1.81100701268659       0.352650406930125     
   1.81255620602507       0.329965031317365     
   1.81410539936355       0.308033767623331     
   1.81565459270204       0.286856615848023     
   1.81720378604052       0.266433575991440     
   1.81875297937900       0.246764648053582     
   1.82030217271749       0.227849832034450     
   1.82185136605597       0.209689127934044     
   1.82340055939445       0.192282535752363     
   1.82494975273294       0.175630055489408     
   1.82649894607142       0.159731687145178     
   1.82804813940990       0.144587430719674     
   1.82959733274838       0.130197286212895     
   1.83114652608687       0.116561253624842     
   1.83269571942535       0.103679332955514     
   1.83424491276383       9.155152420491150E-002
   1.83579410610232       8.017782737303475E-002
   1.83734329944080       6.955824245988350E-002
   1.83889249277928       5.969276946545778E-002
   1.84044168611776       5.058140838975757E-002
   1.84199087945625       4.222415923278289E-002
   1.84354007279473       3.462102199453373E-002
   1.84508926613321       2.777199667501009E-002
   1.84663845947170       2.167708327421198E-002
   1.84818765281018       1.633628179213938E-002
   1.84973684614866       1.174959222879230E-002
   1.85128603948715       7.917014584170740E-003
   1.85283523282563       4.838548858274697E-003
   1.85438442616411       2.514195051104174E-003
   1.85593361950259       9.439531626591702E-004
   1.85748281284108       1.278231929396857E-004
   1.85903200617956       6.580514194572049E-005
   1.86058119951804       7.578990096772743E-004
   1.86213039285653       2.204104796134348E-003
   1.86367958619501       4.404422501316940E-003
   1.86522877953349       7.358852125225052E-003
   1.86677797287198       1.106739366785868E-002
   1.86832716621046       1.553004712921783E-002
   1.86987635954894       2.074681250930250E-002
   1.87142555288742       2.671768980811269E-002
   1.87297474622591       3.344267902564840E-002
   1.87452393956439       4.092178016190963E-002
   1.87607313290287       4.915499321689638E-002
   1.87762232624136       5.814231819060865E-002
   1.87917151957984       6.788375508304645E-002
   1.88072071291832       7.837930389420976E-002
   1.88226990625680       8.962896462409860E-002
   1.88381909959529       0.101632737272713     
   1.88536829293377       0.114390621840053     
   1.88691748627225       0.127902618326118     
   1.88846667961074       0.142168726730909     
   1.89001587294922       0.157188947054425     
   1.89156506628770       0.172963279296667     
   1.89311425962619       0.189491723457635     
   1.89466345296467       0.206774279537328     
   1.89621264630315       0.224810947535746     
   1.89776183964163       0.243601727452890     
   1.89931103298012       0.263146619288760     
   1.90086022631860       0.283445623043355     
   1.90240941965708       0.304498738716675     
   1.90395861299557       0.326305966308721     
   1.90550780633405       0.348867305819493     
   1.90705699967253       0.372182757248990     
   1.90860619301102       0.396252320597213     
   1.91015538634950       0.421075995864161     
   1.91170457968798       0.446653783049835     
   1.91325377302646       0.472985682154234     
   1.91480296636495       0.500071693177359     
   1.91635215970343       0.527911816119209     
   1.91790135304191       0.556506050979785     
   1.91945054638040       0.585854397759086     
   1.92099973971888       0.615956856457113     
   1.92254893305736       0.646813427073865     
   1.92409812639584       0.678424109609343     
   1.92564731973433       0.710788904063547     
   1.92719651307281       0.743907810436476     
   1.92874570641129       0.777780828728130     
   1.93029489974978       0.812407958938510     
   1.93184409308826       0.847789201067616     
   1.93339328642674       0.883924555115447     
   1.93494247976523       0.920814021082003     
   1.93649167310371       0.958457598967285     
   1.93804086644219       0.996855288771293     
   1.93959005978067        1.03600709049403     
   1.94113925311916        1.07591300413548     
   1.94268844645764        1.11657302969567     
   1.94423763979612        1.15798716717458     
   1.94578683313461        1.20015541657221     
   1.94733602647309        1.24307777788857     
   1.94888521981157        1.28675425112366     
   1.95043441315006        1.33118483627747     
   1.95198360648854        1.37636953335001     
   1.95353279982702        1.42230834234127     
   1.95508199316550        1.46900126325126     
   1.95663118650399        1.51644829607998     
   1.95818037984247        1.56464944082741     
   1.95972957318095        1.61360469749358     
   1.96127876651944        1.66331406607847     
   1.96282795985792        1.71377754658209     
   1.96437715319640        1.76499513900443     
   1.96592634653488        1.81696684334550     
   1.96747553987337        1.86969265960529     
   1.96902473321185        1.92317258778381     
   1.97057392655033        1.97740662788105     
   1.97212311988882        2.03239477989702     
   1.97367231322730        2.08813704383171     
   1.97522150656578        2.14463341968513     
   1.97677069990427        2.20188390745728     
   1.97831989324275        2.25988850714815     
   1.97986908658123        2.31864721875775     
   1.98141827991971        2.37816004228607     
   1.98296747325820        2.43842697773312     
   1.98451666659668        2.49944802509889     
   1.98606585993516        2.56122318438339     
   1.98761505327365        2.62375245558661     
   1.98916424661213        2.68703583870856     
   1.99071343995061        2.75107333374924     
   1.99226263328910        2.81586494070864     
   1.99381182662758        2.88141065958677     
   1.99536101996606        2.94771049038362     
   1.99691021330454        3.01476443309920     
   1.99845940664303        3.08257248773350     
   2.00000859998151        3.15113465428653     
   2.00155779331999        3.22045093275828     
   2.00310698665848        3.29052132314876     
   2.00465617999696        3.36134582545797     
   2.00620537333544        3.43292443968590     
   2.00775456667392        3.50525716583255     
   2.00930376001241        3.57834400389793     
   2.01085295335089        3.65218495388204     
   2.01240214668937        3.72678001578487     
   2.01395134002786        3.80212918960643     
   2.01550053336634        3.87823247534672     
   2.01704972670482        3.95508987300573     
   2.01859892004331        4.03270138258346     
   2.02014811338179        4.11106700407992     
   2.02169730672027        4.19018673749511     
   2.02324650005875        4.27006058282902     
   2.02479569339724        4.35068854008165     
   2.02634488673572        4.43207060925302     
   2.02789408007420        4.51420679034311     
   2.02944327341269        4.59709708335192     
   2.03099246675117        4.68074148827946     
   2.03254166008965        4.76514000512572     
   2.03409085342814        4.85029263389071     
   2.03564004676662        4.93619937457443     
   2.03718924010510        5.02286022717687     
   2.03873843344358        5.11027519169803     
   2.04028762678207        5.19844426813793     
   2.04183682012055        5.28736745649655     
   2.04338601345903        5.37704475677389     
   2.04493520679752        5.46747616896996     
   2.04648440013600        5.55866169308475     
   2.04803359347448        5.65060132911827     
   2.04958278681297        5.74329507707052     
   2.05113198015145        5.83674293694149     
   2.05268117348993        5.93094490873118     
   2.05423036682841        6.02590099243961     
   2.05577956016690        6.12161118806675     
   2.05732875350538        6.21807549561263     
   2.05887794684386        6.31529391507722     
   2.06042714018235        6.41326644646055     
   2.06197633352083        6.51199308976260     
   2.06352552685931        6.61147384498337     
   2.06507472019779        6.71170871212287     
   2.06662391353628        6.81269769118110     
   2.06817310687476        6.91444078215805     
   2.06972230021324        7.01693798505373     
   2.07127149355173        7.12018929986813     
   2.07282068689021        7.22419472660126     
   2.07436988022869        7.32895426525311     
   2.07591907356718        7.43446791582369     
   2.07746826690566        7.54073567831299     
   2.07901746024414        7.64775755272102     
   2.08056665358262        7.75553353904778     
   2.08211584692111        7.86406363729326     
   2.08366504025959        7.97334784745747     
   2.08521423359807        8.08338616954040     
   2.08676342693656        8.19417860354206     
   2.08831262027504        8.30572514946244     
   2.08986181361352        8.41802580730155     
   2.09141100695201        8.53108057705938     
   2.09296020029049        8.64488945873594     
   2.09450939362897        8.75945245233123     
   2.09605858696745        8.87476955784524     
   2.09760778030594        8.99084077527798     
   2.09915697364442        9.10766610462944     
   2.10070616698290        9.22524554589963     
   2.10225536032139        9.34357909908854     
   2.10380455365987        9.46266676419618     
   2.10535374699835        9.58250854122254     
   2.10690294033683        9.70310443016763     
   2.10845213367532        9.82445443103145     
   2.11000132701380        9.94655854381399     
   2.11155052035228        10.0694167685153     
   2.11309971369077        10.1930291051352     
   2.11464890702925        10.3173955536740     
   2.11619810036773        10.4425161141314     
   2.11774729370622        10.5683907865076     
   2.11929648704470        10.6950195708025     
   2.12084568038318        10.8224024670161     
   2.12239487372166        10.9505394751484     
   2.12394406706015        11.0794305951995     
   2.12549326039863        11.2090758271693     
   2.12704245373711        11.3394751710578     
   2.12859164707560        11.4706286268651     
   2.13014084041408        11.6025361945910     
   2.13169003375256        11.7351978742357     
   2.13323922709105        11.8686136657992     
   2.13478842042953        12.0027835692813     
   2.13633761376801        12.1377075846822     
   2.13788680710649        12.2733857120018     
   2.13943600044498        12.4098179512401     
   2.14098519378346        12.5470043023972     
   2.14253438712194        12.6849447654729     
   2.14408358046043        12.8236393404674     
   2.14563277379891        12.9630880273807     
   2.14718196713739        13.1032908262126     
   2.14873116047587        13.2442477369633     
   2.15028035381436        13.3859587596327     
   2.15182954715284        13.5284238942208     
   2.15337874049132        13.6716431407277     
   2.15492793382981        13.8156164991533     
   2.15647712716829        13.9603439694976     
   2.15802632050677        14.1058255517606     
   2.15957551384526        14.2520612459424     
   2.16112470718374        14.3990510520428     
   2.16267390052222        14.5467949700621     
   2.16422309386070        14.6952930000000     
   2.16577228719919        14.8445451418566     
   2.16732148053767        14.8445451416622     
   2.16887067387615        14.6952929998065     
   2.17041986721464        14.5467949698695     
   2.17196906055312        14.3990510518513     
   2.17351825389160        14.2520612457518     
   2.17506744723009        14.1058255515710     
   2.17661664056857        13.9603439693090     
   2.17816583390705        13.8156164989656     
   2.17971502724553        13.6716431405410     
   2.18126422058402        13.5284238940352     
   2.18281341392250        13.3859587594480     
   2.18436260726098        13.2442477367796     
   2.18591180059947        13.1032908260299     
   2.18746099393795        12.9630880271989     
   2.18901018727643        12.8236393402867     
   2.19055938061492        12.6849447652931     
   2.19210857395340        12.5470043022183     
   2.19365776729188        12.4098179510623     
   2.19520696063036        12.2733857118249     
   2.19675615396885        12.1377075845063     
   2.19830534730733        12.0027835691064     
   2.19985454064581        11.8686136656252     
   2.20140373398430        11.7351978740628     
   2.20295292732278        11.6025361944191     
   2.20450212066126        11.4706286266941     
   2.20605131399974        11.3394751708878     
   2.20760050733823        11.2090758270003     
   2.20914970067671        11.0794305950315     
   2.21069889401519        10.9505394749814     
   2.21224808735368        10.8224024668500     
   2.21379728069216        10.6950195706374     
   2.21534647403064        10.5683907863435     
   2.21689566736913        10.4425161139683     
   2.21844486070761        10.3173955535118     
   2.21999405404609        10.1930291049741     
   2.22154324738457        10.0694167683551     
   2.22309244072306        9.94655854365478     
   2.22464163406154        9.82445443087322     
   2.22619082740002        9.70310443001039     
   2.22774002073851        9.58250854106628     
   2.22928921407699        9.46266676404089     
   2.23083840741547        9.34357909893423     
   2.23238760075396        9.22524554574630     
   2.23393679409244        9.10766610447709     
   2.23548598743092        8.99084077512661     
   2.23703518076940        8.87476955769486     
   2.23858437410789        8.75945245218183     
   2.24013356744637        8.64488945858752     
   2.24168276078485        8.53108057691194     
   2.24323195412334        8.41802580715509     
   2.24478114746182        8.30572514931696     
   2.24633034080030        8.19417860339755     
   2.24787953413878        8.08338616939688     
   2.24942872747727        7.97334784731492     
   2.25097792081575        7.86406363715170     
   2.25252711415423        7.75553353890720     
   2.25407630749272        7.64775755258142     
   2.25562550083120        7.54073567817437     
   2.25717469416968        7.43446791568605     
   2.25872388750817        7.32895426511645     
   2.26027308084665        7.22419472646557     
   2.26182227418513        7.12018929973343     
   2.26337146752361        7.01693798492000     
   2.26492066086210        6.91444078202531     
   2.26646985420058        6.81269769104934     
   2.26801904753906        6.71170871199209     
   2.26956824087755        6.61147384485357     
   2.27111743421603        6.51199308963378     
   2.27266662755451        6.41326644633271     
   2.27421582089300        6.31529391495036     
   2.27576501423148        6.21807549548674     
   2.27731420756996        6.12161118794185     
   2.27886340090844        6.02590099231569     
   2.28041259424693        5.93094490860824     
   2.28196178758541        5.83674293681953     
   2.28351098092389        5.74329507694954     
   2.28506017426238        5.65060132899827     
   2.28660936760086        5.55866169296573     
   2.28815856093934        5.46747616885192     
   2.28970775427783        5.37704475665683     
   2.29125694761631        5.28736745638047     
   2.29280614095479        5.19844426802283     
   2.29435533429327        5.11027519158392     
   2.29590452763176        5.02286022706373     
   2.29745372097024        4.93619937446227     
   2.29900291430872        4.85029263377954     
   2.30055210764721        4.76514000501553     
   2.30210130098569        4.68074148817024     
   2.30365049432417        4.59709708324368     
   2.30519968766265        4.51420679023585     
   2.30674888100114        4.43207060914674     
   2.30829807433962        4.35068853997636     
   2.30984726767810        4.27006058272470     
   2.31139646101659        4.19018673739177     
   2.31294565435507        4.11106700397757     
   2.31449484769355        4.03270138248209     
   2.31604404103204        3.95508987290533     
   2.31759323437052        3.87823247524730     
   2.31914242770900        3.80212918950800     
   2.32069162104748        3.72678001568742     
   2.32224081438597        3.65218495378557     
   2.32379000772445        3.57834400380244     
   2.32533920106293        3.50525716573804     
   2.32688839440142        3.43292443959236     
   2.32843758773990        3.36134582536541     
   2.32998678107838        3.29052132305719     
   2.33153597441687        3.22045093266769     
   2.33308516775535        3.15113465419692     
   2.33463436109383        3.08257248764487     
   2.33618355443231        3.01476443301154     
   2.33773274777080        2.94771049029695     
   2.33928194110928        2.88141065950108     
   2.34083113444776        2.81586494062393     
   2.34238032778625        2.75107333366551     
   2.34392952112473        2.68703583862581     
   2.34547871446321        2.62375245550484     
   2.34702790780169        2.56122318430260     
   2.34857710114018        2.49944802501908     
   2.35012629447866        2.43842697765429     
   2.35167548781714        2.37816004220822     
   2.35322468115563        2.31864721868088     
   2.35477387449411        2.25988850707226     
   2.35632306783259        2.20188390738237     
   2.35787226117108        2.14463341961121     
   2.35942145450956        2.08813704375877     
   2.36097064784804        2.03239477982505     
   2.36251984118652        1.97740662781006     
   2.36406903452501        1.92317258771380     
   2.36561822786349        1.86969265953626     
   2.36716742120197        1.81696684327745     
   2.36871661454046        1.76499513893736     
   2.37026580787894        1.71377754651600     
   2.37181500121742        1.66331406601336     
   2.37336419455591        1.61360469742945     
   2.37491338789439        1.56464944076427     
   2.37646258123287        1.51644829601781     
   2.37801177457135        1.46900126319008     
   2.37956096790984        1.42230834228107     
   2.38111016124832        1.37636953329079     
   2.38265935458680        1.33118483621923     
   2.38420854792529        1.28675425106640     
   2.38575774126377        1.24307777783229     
   2.38730693460225        1.20015541651691     
   2.38885612794073        1.15798716712026     
   2.39040532127922        1.11657302964233     
   2.39195451461770        1.07591300408312     
   2.39350370795618        1.03600709044264     
   2.39505290129467       0.996855288720891     
   2.39660209463315       0.958457598917864     
   2.39815128797163       0.920814021033562     
   2.39970048131012       0.883924555067986     
   2.40124967464860       0.847789201021135     
   2.40279886798708       0.812407958893010     
   2.40434806132556       0.777780828683610     
   2.40589725466405       0.743907810392936     
   2.40744644800253       0.710788904020987     
   2.40899564134101       0.678424109567764     
   2.41054483467950       0.646813427033266     
   2.41209402801798       0.615956856417494     
   2.41364322135646       0.585854397720447     
   2.41519241469495       0.556506050942126     
   2.41674160803343       0.527911816082531     
   2.41829080137191       0.500071693141661     
   2.41983999471039       0.472985682119516     
   2.42138918804888       0.446653783016097     
   2.42293838138736       0.421075995831403     
   2.42448757472584       0.396252320565436     
   2.42603676806433       0.372182757218193     
   2.42758596140281       0.348867305789676     
   2.42913515474129       0.326305966279885     
   2.43068434807978       0.304498738688819     
   2.43223354141826       0.283445623016479     
   2.43378273475674       0.263146619262864     
   2.43533192809522       0.243601727427975     
   2.43688112143371       0.224810947511811     
   2.43843031477219       0.206774279514373     
   2.43997950811067       0.189491723435660     
   2.44152870144916       0.172963279275673     
   2.44307789478764       0.157188947034411     
   2.44462708812612       0.142168726711875     
   2.44617628146460       0.127902618308064     
   2.44772547480309       0.114390621822979     
   2.44927466814157       0.101632737256620     
   2.45082386148005       8.962896460898553E-002
   2.45237305481854       7.837930388007694E-002
   2.45392224815702       6.788375506989386E-002
   2.45547144149550       5.814231817843631E-002
   2.45702063483399       4.915499320570427E-002
   2.45856982817247       4.092178015169776E-002
   2.46011902151095       3.344267901641677E-002
   2.46166821484943       2.671768979986129E-002
   2.46321740818792       2.074681250203134E-002
   2.46476660152640       1.553004712292691E-002
   2.46631579486488       1.106739366254800E-002
   2.46786498820337       7.358852120894603E-003
   2.46941418154185       4.404422497966728E-003
   2.47096337488033       2.204104793764372E-003
   2.47251256821882       7.578990082875346E-004
   2.47406176155730       6.580514153621688E-005
   2.47561095489578       1.278231935104183E-004
   2.47716014823426       9.439531642101387E-004
   2.47870934157275       2.514195053635379E-003
   2.48025853491123       4.838548861786138E-003
   2.48180772824971       7.917014588662416E-003
   2.48335692158820       1.174959223426421E-002
   2.48490611492668       1.633628179859153E-002
   2.48645530826516       2.167708328164436E-002
   2.48800450160364       2.777199668342272E-002
   2.48955369494213       3.462102200392660E-002
   2.49110288828061       4.222415924315599E-002
   2.49265208161909       5.058140840111091E-002
   2.49420127495758       5.969276947779135E-002
   2.49575046829606       6.955824247319731E-002
   2.49729966163454       8.017782738732879E-002
   2.49884885497303       9.155152422018578E-002
   2.50039804831151       0.103679332971768     
   2.50194724164999       0.116561253642076     
   2.50349643498847       0.130197286231110     
   2.50504562832696       0.144587430738869     
   2.50659482166544       0.159731687165353     
   2.50814401500392       0.175630055510564     
   2.50969320834241       0.192282535774499     
   2.51124240168089       0.209689127957160     
   2.51279159501937       0.227849832058547     
   2.51434078835786       0.246764648078659     
   2.51588998169634       0.266433576017497     
   2.51743917503482       0.286856615875060     
   2.51898836837330       0.308033767651349     
   2.52053756171179       0.329965031346363     
   2.52208675505027       0.352650406960103     
   2.52363594838875       0.376089894492568     
   2.52518514172724       0.400283493943759     
   2.52673433506572       0.425231205313675     
   2.52828352840420       0.450933028602317     
   2.52983272174269       0.477388963809684     
   2.53138191508117       0.504599010935777     
   2.53293110841965       0.532563169980596     
   2.53448030175813       0.561281440944140     
   2.53602949509662       0.590753823826409     
   2.53757868843510       0.620980318627404     
   2.53912788177358       0.651960925347125     
   2.54067707511207       0.683695643985571     
   2.54222626845055       0.716184474542743     
   2.54377546178903       0.749427417018640     
   2.54532465512751       0.783424471413262     
   2.54687384846600       0.818175637726611     
   2.54842304180448       0.853680915958684     
   2.54997223514296       0.889940306109483     
   2.55152142848145       0.926953808179008     
   2.55307062181993       0.964721422167258     
   2.55461981515841        1.00324314807423     
   2.55616900849690        1.04251898589994     
   2.55771820183538        1.08254893564436     
   2.55926739517386        1.12333299730751     
   2.56081658851234        1.16487117088939     
   2.56236578185083        1.20716345639000     
   2.56391497518931        1.25020985380933     
   2.56546416852779        1.29401036314738     
   2.56701336186628        1.33856498440416     
   2.56856255520476        1.38387371757966     
   2.57011174854324        1.42993656267390     
   2.57166094188173        1.47675351968685     
   2.57321013522021        1.52432458861853     
   2.57475932855869        1.57264976946894     
   2.57630852189717        1.62172906223808     
   2.57785771523566        1.67156246692593     
   2.57940690857414        1.72214998353252     
   2.58095610191262        1.77349161205783     
   2.58250529525111        1.82558735250186     
   2.58405448858959        1.87843720486462     
   2.58560368192807        1.93204116914611     
   2.58715287526655        1.98639924534632     
   2.58870206860504        2.04151143346526     
   2.59025126194352        2.09737773350292     
   2.59180045528200        2.15399814545931     
   2.59334964862049        2.21137266933442     
   2.59489884195897        2.26950130512826     
   2.59644803529745        2.32838405284083     
   2.59799722863594        2.38802091247212     
   2.59954642197442        2.44841188402213     
   2.60109561531290        2.50955696749088     
   2.60264480865138        2.57145616287834     
   2.60419400198987        2.63410947018454     
   2.60574319532835        2.69751688940945     
   2.60729238866683        2.76167842055310     
   2.60884158200532        2.82659406361547     
   2.61039077534380        2.89226381859656     
   2.61193996868228        2.95868768549638     
   2.61348916202077        3.02586566431493     
   2.61503835535925        3.09379775505220     
   2.61658754869773        3.16248395770819     
   2.61813674203621        3.23192427228292     
   2.61968593537470        3.30211869877636     
   2.62123512871318        3.37306723718854     
   2.62278432205166        3.44476988751944     
   2.62433351539015        3.51722664976906     
   2.62588270872863        3.59043752393741     
   2.62743190206711        3.66440251002449     
   2.62898109540559        3.73912160803029     
   2.63053028874408        3.81459481795481     
   2.63207948208256        3.89082213979807     
   2.63362867542104        3.96780357356004     
   2.63517786875953        4.04553911924075     
   2.63672706209801        4.12402877684017     
   2.63827625543649        4.20327254635833     
   2.63982544877498        4.28327042779521     
   2.64137464211346        4.36402242115081     
   2.64292383545194        4.44552852642514     
   2.64447302879042        4.52778874361820     
   2.64602222212891        4.61080307272998     
   2.64757141546739        4.69457151376049     
   2.64912060880587        4.77909406670972     
   2.65066980214436        4.86437073157768     
   2.65221899548284        4.95040150836436     
   2.65376818882132        5.03718639706977     
   2.65531738215981        5.12472539769391     
   2.65686657549829        5.21301851023677     
   2.65841576883677        5.30206573469835     
   2.65996496217525        5.39186707107866     
   2.66151415551374        5.48242251937770     
   2.66306334885222        5.57373207959546     
   2.66461254219070        5.66579575173195     
   2.66616173552919        5.75861353578717     
   2.66771092886767        5.85218543176110     
   2.66926012220615        5.94651143965377     
   2.67080931554463        6.04159155946516     
   2.67235850888312        6.13742579119527     
   2.67390770222160        6.23401413484411     
   2.67545689556008        6.33135659041168     
   2.67700608889857        6.42945315789797     
   2.67855528223705        6.52830383730299     
   2.68010447557553        6.62790862862673     
   2.68165366891402        6.72826753186920     
   2.68320286225250        6.82938054703040     
   2.68475205559098        6.93124767411032     
   2.68630124892946        7.03386891310896     
   2.68785044226795        7.13724426402633     
   2.68939963560643        7.24137372686243     
   2.69094882894491        7.34625730161725     
   2.69249802228340        7.45189498829080     
   2.69404721562188        7.55828678688307     
   2.69559640896036        7.66543269739407     
   2.69714560229885        7.77333271982379     
   2.69869479563733        7.88198685417224     
   2.70024398897581        7.99139510043942     
   2.70179318231429        8.10155745862532     
   2.70334237565278        8.21247392872994     
   2.70489156899126        8.32414451075329     
   2.70644076232974        8.43656920469537     
   2.70798995566823        8.54974801055617     
   2.70953914900671        8.66368092833570     
   2.71108834234519        8.77836795803396     
   2.71263753568367        8.89380909965094     
   2.71418672902216        9.01000435318664     
   2.71573592236064        9.12695371864107     
   2.71728511569912        9.24465719601423     
   2.71883430903761        9.36311478530611     
   2.72038350237609        9.48232648651671     
   2.72193269571457        9.60229229964605     
   2.72348188905306        9.72301222469410     
   2.72503108239154        9.84448626166089     
   2.72658027573002        9.96671441054639     
   2.72812946906850        10.0896966713506     
   2.72967866240699        10.2134330440736     
   2.73122785574547        10.3379235287153     
   2.73277704908395        10.4631681252757     
   2.73432624242244        10.5891668337548     
   2.73587543576092        10.7159196541527     
   2.73742462909940        10.8434265864693     
   2.73897382243789        10.9716876307046     
   2.74052301577637        11.1007027868586     
   2.74207220911485        11.2304720549314     
   2.74362140245333        11.3609954349229     
   2.74517059579182        11.4922729268331     
   2.74671978913030        11.6243045306620     
   2.74826898246878        11.7570902464097     
   2.74981817580727        11.8906300740761     
   2.75136736914575        12.0249240136612     
   2.75291656248423        12.1599720651651     
   2.75446575582272        12.2957742285876     
   2.75601494916120        12.4323305039289     
   2.75756414249968        12.5696408911889     
   2.75911333583816        12.7077053903677     
   2.76066252917665        12.8465240014651     
   2.76221172251513        12.9860967244813     
   2.76376091585361        13.1264235594163     
   2.76531010919210        13.2675045062699     
   2.76685930253058        13.4093395650423     
   2.76840849586906        13.5519287357334     
   2.76995768920754        13.6952720183432     
   2.77150688254603        13.8393694128718     
   2.77305607588451        13.9842209193190     
   2.77460526922299        14.1298265376850     
   2.77615446256148        14.2761862679698     
   2.77770365589996        14.4233001101732     
   2.77925284923844        14.5711680642954     
   2.78080204257693        14.7197901303363     
   2.78235123591541        14.7197901301434     
   2.78390042925389        14.5711680641035     
   2.78544962259237        14.4233001099823     
   2.78699881593086        14.2761862677798     
   2.78854800926934        14.1298265374961     
   2.79009720260782        13.9842209191310     
   2.79164639594631        13.8393694126847     
   2.79319558928479        13.6952720181572     
   2.79474478262327        13.5519287355483     
   2.79629397596176        13.4093395648582     
   2.79784316930024        13.2675045060868     
   2.79939236263872        13.1264235592341     
   2.80094155597720        12.9860967243002     
   2.80249074931569        12.8465240012850     
   2.80403994265417        12.7077053901885     
   2.80558913599265        12.5696408910107     
   2.80713832933114        12.4323305037517     
   2.80868752266962        12.2957742284114     
   2.81023671600810        12.1599720649898     
   2.81178590934658        12.0249240134869     
   2.81333510268507        11.8906300739028     
   2.81488429602355        11.7570902462373     
   2.81643348936203        11.6243045304906     
   2.81798268270052        11.4922729266627     
   2.81953187603900        11.3609954347534     
   2.82108106937748        11.2304720547629     
   2.82263026271597        11.1007027866911     
   2.82417945605445        10.9716876305381     
   2.82572864939293        10.8434265863037     
   2.82727784273141        10.7159196539881     
   2.82882703606990        10.5891668335912     
   2.83037622940838        10.4631681251131     
   2.83192542274686        10.3379235285536     
   2.83347461608535        10.2134330439129     
   2.83502380942383        10.0896966711910     
   2.83657300276231        9.96671441038770     
   2.83812219610080        9.84448626150316     
   2.83967138943928        9.72301222453736     
   2.84122058277776        9.60229229949028     
   2.84276977611624        9.48232648636192     
   2.84431896945473        9.36311478515229     
   2.84586816279321        9.24465719586138     
   2.84741735613169        9.12695371848920     
   2.84896654947018        9.01000435303575     
   2.85051574280866        8.89380909950102     
   2.85206493614714        8.77836795788502     
   2.85361412948562        8.66368092818774     
   2.85516332282411        8.54974801040919     
   2.85671251616259        8.43656920454936     
   2.85826170950107        8.32414451060826     
   2.85981090283956        8.21247392858589     
   2.86136009617804        8.10155745848224     
   2.86290928951652        7.99139510029731     
   2.86445848285501        7.88198685403111     
   2.86600767619349        7.77333271968364     
   2.86755686953197        7.66543269725489     
   2.86910606287045        7.55828678674487     
   2.87065525620894        7.45189498815357     
   2.87220444954742        7.34625730148100     
   2.87375364288590        7.24137372672716     
   2.87530283622439        7.13724426389204     
   2.87685202956287        7.03386891297564     
   2.87840122290135        6.93124767397797     
   2.87995041623984        6.82938054689903     
   2.88149960957832        6.72826753173881     
   2.88304880291680        6.62790862849732     
   2.88459799625528        6.52830383717455     
   2.88614718959377        6.42945315777051     
   2.88769638293225        6.33135659028519     
   2.88924557627073        6.23401413471860     
   2.89079476960922        6.13742579107074     
   2.89234396294770        6.04159155934160     
   2.89389315628618        5.94651143953119     
   2.89544234962466        5.85218543163950     
   2.89699154296315        5.75861353566653     
   2.89854073630163        5.66579575161230     
   2.90008992964011        5.57373207947678     
   2.90163912297860        5.48242251926000     
   2.90318831631708        5.39186707096194     
   2.90473750965556        5.30206573458260     
   2.90628670299405        5.21301851012199     
   2.90783589633253        5.12472539758011     
   2.90938508967101        5.03718639695695     
   2.91093428300949        4.95040150825252     
   2.91248347634798        4.86437073146681     
   2.91403266968646        4.77909406659983     
   2.91558186302494        4.69457151365157     
   2.91713105636343        4.61080307262204     
   2.91868024970191        4.52778874351123     
   2.92022944304039        4.44552852631915     
   2.92177863637888        4.36402242104580     
   2.92332782971736        4.28327042769117     
   2.92487702305584        4.20327254625527     
   2.92642621639432        4.12402877673809     
   2.92797540973281        4.04553911913964     
   2.92952460307129        3.96780357345991     
   2.93107379640977        3.89082213969891     
   2.93262298974826        3.81459481785663     
   2.93417218308674        3.73912160793308     
   2.93572137642522        3.66440250992826     
   2.93727056976370        3.59043752384216     
   2.93881976310219        3.51722664967479     
   2.94036895644067        3.44476988742614     
   2.94191814977915        3.37306723709621     
   2.94346734311764        3.30211869868502     
   2.94501653645612        3.23192427219255     
   2.94656572979460        3.16248395761880     
   2.94811492313309        3.09379775496378     
   2.94966411647157        3.02586566422748     
   2.95121330981005        2.95868768540991     
   2.95276250314853        2.89226381851107     
   2.95431169648702        2.82659406353095     
   2.95586088982550        2.76167842046956     
   2.95741008316398        2.69751688932689     
   2.95895927650247        2.63410947010295     
   2.96050846984095        2.57145616279773     
   2.96205766317943        2.50955696741124     
   2.96360685651792        2.44841188394348     
   2.96515604985640        2.38802091239444     
   2.96670524319488        2.32838405276412     
   2.96825443653336        2.26950130505253     
   2.96980362987185        2.21137266925967     
   2.97135282321033        2.15399814538553     
   2.97290201654881        2.09737773343012     
   2.97445120988730        2.04151143339343     
   2.97600040322578        1.98639924527547     
   2.97754959656426        1.93204116907624     
   2.97909878990275        1.87843720479573     
   2.98064798324123        1.82558735243394     
   2.98219717657971        1.77349161199088     
   2.98374636991819        1.72214998346655     
   2.98529556325668        1.67156246686094     
   2.98684475659516        1.62172906217406     
   2.98839394993364        1.57264976940590     
   2.98994314327213        1.52432458855647     
   2.99149233661061        1.47675351962576     
   2.99304152994909        1.42993656261378     
   2.99459072328757        1.38387371752053     
   2.99613991662606        1.33856498434600     
   2.99768910996454        1.29401036309020     
   2.99923830330302        1.25020985375312     
   3.00078749664151        1.20716345633477     
   3.00233668997999        1.16487117083514     
   3.00388588331847        1.12333299725424     
   3.00543507665696        1.08254893559206     
   3.00698426999544        1.04251898584861     
   3.00853346333392        1.00324314802388     
   3.01008265667240       0.964721422117884     
   3.01163185001089       0.926953808130610     
   3.01318104334937       0.889940306062061     
   3.01473023668785       0.853680915912238     
   3.01627943002634       0.818175637681141     
   3.01782862336482       0.783424471368769     
   3.01937781670330       0.749427416975122     
   3.02092701004179       0.716184474500201     
   3.02247620338027       0.683695643944006     
   3.02402539671875       0.651960925306536     
   3.02557459005723       0.620980318587791     
   3.02712378339572       0.590753823787772     
   3.02867297673420       0.561281440906479     
   3.03022217007268       0.532563169943911     
   3.03177136341117       0.504599010900069     
   3.03332055674965       0.477388963774952     
   3.03486975008813       0.450933028568561     
   3.03641894342661       0.425231205280895     
   3.03796813676510       0.400283493911955     
   3.03951733010358       0.376089894461740     
   3.04106652344206       0.352650406930251     
   3.04261571678055       0.329965031317487     
   3.04416491011903       0.308033767623449     
   3.04571410345751       0.286856615848136     
   3.04726329679600       0.266433575991549     
   3.04881249013448       0.246764648053688     
   3.05036168347296       0.227849832034552     
   3.05191087681144       0.209689127934141     
   3.05346007014993       0.192282535752456     
   3.05500926348841       0.175630055489497     
   3.05655845682689       0.159731687145263     
   3.05810765016538       0.144587430719754     
   3.05965684350386       0.130197286212971     
   3.06120603684234       0.116561253624914     
   3.06275523018083       0.103679332955582     
   3.06430442351931       9.155152420497574E-002
   3.06585361685779       8.017782737309484E-002
   3.06740281019627       6.955824245993948E-002
   3.06895200353476       5.969276946550964E-002
   3.07050119687324       5.058140838980531E-002
   3.07205039021172       4.222415923282652E-002
   3.07359958355021       3.462102199457323E-002
   3.07514877688869       2.777199667504547E-002
   3.07669797022717       2.167708327424323E-002
   3.07824716356565       1.633628179216651E-002
   3.07979635690414       1.174959222881531E-002
   3.08134555024262       7.917014584189629E-003
   3.08289474358110       4.838548858289464E-003
   3.08444393691959       2.514195051114818E-003
   3.08599313025807       9.439531626656923E-004
   3.08754232359655       1.278231929420858E-004
   3.08909151693504       6.580514194399844E-005
   3.09064071027352       7.578990096714301E-004
   3.09218990361200       2.204104796124381E-003
   3.09373909695048       4.404422501302852E-003
   3.09528829028897       7.358852125206840E-003
