 0.00000000E+00  0.21998823E+00 -0.29766540E-11
 0.15491933E-02  0.21997646E+00 -0.11906615E-11
 0.30983867E-02  0.21996470E+00 -0.22622570E-11
 0.46475800E-02  0.21995293E+00 -0.16192997E-11
 0.61967734E-02  0.21994116E+00 -0.20050741E-11
 0.77459667E-02  0.21992939E+00 -0.17736094E-11
 0.92951600E-02  0.21991762E+00 -0.19124882E-11
 0.10844353E-01  0.21990586E+00 -0.18291610E-11
 0.12393547E-01  0.21989409E+00 -0.18791573E-11
 0.13942740E-01  0.21988232E+00 -0.18491595E-11
 0.15491933E-01  0.21987055E+00 -0.18671582E-11
 0.17041127E-01  0.21985878E+00 -0.18563590E-11
 0.18590320E-01  0.21984702E+00 -0.18628385E-11
 0.20139513E-01  0.21983525E+00 -0.18589508E-11
 0.21688707E-01  0.21982348E+00 -0.18612834E-11
 0.23237900E-01  0.21981171E+00 -0.18598839E-11
 0.24787093E-01  0.21979994E+00 -0.18607236E-11
 0.26336287E-01  0.21978818E+00 -0.18602198E-11
 0.27885480E-01  0.21977641E+00 -0.18605221E-11
 0.29434673E-01  0.21976464E+00 -0.18603407E-11
 0.30983867E-01  0.21975287E+00 -0.18604495E-11
 0.32533060E-01  0.21974110E+00 -0.18603842E-11
 0.34082253E-01  0.21972934E+00 -0.18604234E-11
 0.35631447E-01  0.21971757E+00 -0.18603999E-11
 0.37180640E-01  0.21970580E+00 -0.18604140E-11
 0.38729833E-01  0.21969403E+00 -0.18604055E-11
 0.40279027E-01  0.21968226E+00 -0.18604106E-11
 0.41828220E-01  0.21967050E+00 -0.18604076E-11
 0.43377413E-01  0.21965873E+00 -0.18604094E-11
 0.44926607E-01  0.21964696E+00 -0.18604083E-11
 0.46475800E-01  0.21963519E+00 -0.18604089E-11
 0.48024993E-01  0.21962342E+00 -0.18604085E-11
 0.49574187E-01  0.21961166E+00 -0.18604088E-11
 0.51123380E-01  0.21959989E+00 -0.18604086E-11
 0.52672574E-01  0.21958812E+00 -0.18604087E-11
 0.54221767E-01  0.21957635E+00 -0.18604087E-11
 0.55770960E-01  0.21956458E+00 -0.18604087E-11
 0.57320154E-01  0.21955282E+00 -0.18604087E-11
 0.58869347E-01  0.21954105E+00 -0.18604087E-11
 0.60418540E-01  0.21952928E+00 -0.18604087E-11
 0.61967734E-01  0.21951751E+00 -0.18604087E-11
 0.63516927E-01  0.21950574E+00 -0.18604087E-11
 0.65066120E-01  0.21949398E+00 -0.18604087E-11
 0.66615314E-01  0.21948221E+00 -0.18604087E-11
 0.68164507E-01  0.21947044E+00 -0.18604087E-11
 0.69713700E-01  0.21945867E+00 -0.18604087E-11
 0.71262894E-01  0.21944690E+00 -0.18604087E-11
 0.72812087E-01  0.21943514E+00 -0.18604087E-11
 0.74361280E-01  0.21942337E+00 -0.18604087E-11
